1 361
0.758
0.767
0.766
0.766
0.773
0.781
0.781
0.782
0.789
0.799
0.797
0.805
0.805
0.812
0.812
0.821
0.821
0.829
0.837
0.837
0.845
0.854
0.852
0.861
0.869
0.877
0.878
0.895
0.894
0.912
0.912
0.919
0.92
0.934
0.936
0.953
0.948
0.969
0.991
1.043
1.058
1.067
1.07
1.059
1.057
1.073
1.074
1.08
1.089
1.098
1.107
1.115
1.123
1.14
1.142
1.158
1.208
5.318
5.296
5.351
5.387
5.354
5.314
5.261
5.223
5.174
5.134
5.093
5.06
5.018
4.993
4.953
4.919
4.843
4.666
4.655
4.637
4.604
4.578
4.552
4.518
4.494
4.47
4.443
4.426
4.392
4.375
4.347
4.332
4.307
4.291
4.26
4.241
4.218
4.21
4.183
4.176
4.151
4.142
4.117
4.1
4.086
4.074
4.056
4.041
4.032
4.016
4.007
3.99
3.973
3.972
3.954
3.946
3.929
3.921
3.91
3.902
3.894
3.885
3.877
3.867
3.858
3.836
3.828
3.824
3.969
3.961
3.953
3.951
3.943
3.944
3.935
3.935
3.928
3.919
3.918
3.909
3.91
3.909
3.902
3.9
3.892
3.894
3.894
3.892
3.888
3.886
3.895
3.891
3.891
3.891
3.896
3.736
3.744
3.758
3.761
3.77
3.767
3.775
3.781
3.78
3.781
3.78
3.789
3.798
3.79
3.797
3.807
3.806
3.815
3.823
3.826
3.834
3.842
3.85
3.859
3.868
3.87
3.875
3.885
3.902
3.904
3.919
3.925
3.937
3.956
3.965
3.973
3.982
3.998
4.007
4.023
4.033
4.05
4.06
4.076
4.092
4.109
4.125
4.145
4.159
4.176
4.193
4.21
4.226
4.249
4.275
4.299
4.309
4.317
4.395
4.54
4.563
4.588
4.621
4.639
4.673
4.692
4.714
4.752
4.778
4.811
4.841
1.007
1.004
0.987
0.978
0.969
0.962
0.954
0.946
0.935
0.928
0.91
0.902
0.903
0.904
0.911
0.906
0.896
0.888
0.881
0.891
0.891
0.892
0.885
0.858
0.844
0.82
0.805
0.805
0.793
0.802
0.8
0.8
0.792
0.792
0.792
0.795
0.796
0.794
0.801
0.792
0.793
0.801
0.793
0.794
0.794
0.801
0.794
0.792
0.793
0.793
0.796
0.801
0.797
0.798
0.797
0.792
0.799
0.799
0.799
0.798
0.798
0.806
0.797
0.806
0.807
0.805
0.814
0.814
0.815
0.814
0.813
0.813
0.814
0.823
0.822
0.822
0.83
0.829
0.831
0.839
0.839
0.838
0.845
0.847
0.846
0.856
0.854
0.854
0.863
0.865
0.864
0.872
0.872
0.881
0.881
0.89
0.889
0.898
0.897
0.906
0.906
0.913
0.927
2.609
2.572
2.559
2.532
2.208
2.197
2.172
2.154
2.143
2.147
2.16
2.193
2.199
2.286
2.855
2.862
2.876
2.896
2.905
2.769
2.57
2.583
2.535
2.531
2.463
2.326
2.226
2.11
2.004
1.913
1.828
1.811
1.811
1.817
1.818
4.56995 2.51486 0.400998
