1 361
7.425
6.898
6.885
6.84
6.823
6.836
6.824
4.033
4.021
2.089
2.068
1.957
1.957
0.971
0.982
0.864
0.865
0.832
0.83
0.806
0.806
0.777
0.778
0.751
0.752
0.739
0.739
0.749
0.743
0.666
0.677
0.6
0.601
0.611
0.604
0.609
0.607
0.609
0.607
0.618
0.616
0.615
0.614
0.624
0.614
0.622
0.621
0.631
0.624
0.631
0.631
0.631
0.631
0.639
0.632
0.64
0.64
0.649
0.64
0.649
0.649
0.658
0.647
0.655
0.656
0.663
0.666
0.67
0.663
0.681
0.672
0.689
0.681
0.697
0.687
0.697
0.696
0.705
0.704
0.722
0.713
0.728
0.722
0.737
0.73
0.748
0.738
0.756
0.748
0.765
0.754
0.778
0.763
0.787
0.776
0.793
0.786
0.811
0.801
0.827
0.819
0.837
0.837
0.862
0.854
0.882
0.882
0.91
0.892
0.932
0.921
0.951
0.953
0.988
0.979
1.033
1.025
1.087
1.079
1.097
1.097
1.072
1.082
0.989
0.989
0.988
0.989
0.98
0.98
0.97
0.971
0.964
0.963
0.954
0.963
0.955
0.954
0.945
0.945
0.937
0.936
0.928
0.927
0.918
0.927
0.91
0.91
0.901
0.902
0.901
0.901
0.883
0.892
0.874
0.882
0.874
0.875
0.866
0.866
1
0.86
1.044
1.053
1.045
1.045
1.046
1.037
1.037
1.037
1.028
1.04
1.031
1.033
1.027
1.026
1.019
1.027
1.02
1.02
1.019
1.024
1.019
1.018
1.013
1.01
1.009
1.011
1.007
1.009
1.005
1.011
1.008
1.015
0.994
1.007
0.759
0.762
0.761
0.758
0.737
0.738
0.743
0.738
0.72
0.726
0.729
0.728
0.728
0.727
0.734
0.727
0.736
0.736
0.734
0.743
0.746
0.744
0.744
0.744
0.752
0.751
0.75
0.761
0.761
0.76
0.76
0.768
0.768
0.768
0.774
0.775
0.776
0.784
0.782
0.784
0.79
0.789
0.798
0.799
0.807
0.808
0.814
0.814
0.823
0.823
0.831
0.83
0.832
0.84
0.847
0.858
0.856
0.865
0.865
0.875
0.882
0.883
0.892
0.9
0.9
0.908
0.917
0.916
0.923
0.934
0.949
0.948
0.956
0.957
0.972
0.973
0.989
0.998
1.007
1.007
1.024
1.03
1.048
1.054
1.071
1.071
1.088
1.097
1.115
1.113
1.138
1.138
1.164
1.173
1.19
1.199
1.223
1.223
1.333
1.332
1.328
1.337
1.351
1.359
1.383
1.392
1.417
1.425
1.448
1.442
4.978
4.978
4.919
4.921
4.868
4.866
4.817
4.809
4.763
4.755
4.71
4.72
4.668
4.675
4.624
4.634
4.591
4.591
4.549
4.557
4.507
4.515
4.483
4.481
4.45
4.451
4.422
4.422
4.387
4.396
4.361
4.37
4.337
4.345
4.315
4.322
4.295
4.295
4.27
4.28
4.256
4.256
4.239
4.24
4.209
4.209
4.349
4.351
4.334
4.344
4.328
4.328
4.31
4.319
4.295
4.303
2.45291 8.77595 5.40702
