1 361
0.964
0.963
0.975
0.979
0.988
0.989
0.997
0.997
1.005
1.013
1.022
1.021
1.029
1.029
1.043
1.044
1.06
1.059
1.067
1.076
1.085
1.085
1.11
1.11
1.127
1.126
1.144
1.153
1.161
1.161
1.188
1.188
1.206
1.206
1.223
1.233
1.251
1.259
1.277
1.277
1.303
1.311
1.329
1.338
1.354
1.364
1.39
1.39
1.424
1.424
1.459
1.467
1.492
1.5
1.533
1.541
1.582
1.582
1.624
1.631
1.674
1.681
1.724
1.732
1.775
1.784
1.835
1.852
1.901
1.911
1.967
1.987
2.046
2.063
2.125
2.144
2.222
2.24
2.313
2.338
2.422
2.445
2.545
2.57
2.691
2.716
2.833
2.875
3.007
3.052
3.205
3.248
3.427
3.479
3.675
3.745
3.985
4.053
4.323
4.317
4.307
4.299
4.29
4.284
4.282
4.274
4.274
4.266
4.267
4.259
4.249
4.248
4.25
4.24
4.242
4.241
4.234
4.234
4.234
4.234
4.234
4.233
4.242
4.233
4.241
4.242
3.474
3.464
3.499
3.363
1.991
1.969
1.96
1.96
1.948
1.918
1.62
1.607
1.496
1.474
1.341
1.322
1.292
1.295
4.342
4.345
4.357
4.366
4.381
4.381
4.399
4.398
4.425
4.424
4.45
4.451
4.469
4.475
4.503
4.502
4.526
4.526
4.552
4.559
4.586
4.585
4.621
4.62
4.663
4.662
4.696
4.697
3.876
3.847
4.767
4.775
4.811
4.819
4.785
4.788
4.827
4.826
4.872
4.872
4.905
4.915
4.939
4.944
4.97
4.981
5.025
5.036
5.1
5.109
5.174
5.196
5.289
5.306
5.272
5.238
5.158
5.134
2.612
2.587
5.4
5.417
5.498
5.515
5.602
5.615
5.623
5.597
5.606
5.626
5.719
5.717
5.654
5.776
6.449
6.466
4.406
4.407
4.4
4.391
4.458
4.48
7.011
7.046
7.182
7.206
7.349
7.387
7.534
7.577
7.166
6.563
6.333
6.329
6.27
6.263
6.202
6.188
6.136
6.126
5.696
5.681
5.616
5.6
5.581
5.59
5.913
5.896
5.858
5.195
4.916
4.909
5.158
5.538
5.329
5.239
5.196
5.19
5.151
5.141
5.086
5.067
5.054
5.068
5.15
5.222
5.564
5.592
6.706
6.701
8.183
8.183
8.183
8.183
8.161
8.163
8.135
8.127
8.11
8.102
8.094
8.085
8.07
8.069
8.051
8.052
7.718
7.712
7.689
7.681
7.698
7.837
7.928
7.891
7.704
7.689
7.681
7.688
7.917
7.917
7.884
7.849
7.79
7.773
7.704
7.586
4.27
4.274
4.491
4.511
4.709
4.693
7.024
6.98
5.704
5.514
5.373
5.455
4.928
3.518
2.305
2.279
2.221
2.212
2.168
2.158
2.13
2.134
2.086
2.091
2.377
2.326
2.16
2.142
2.017
2.002
1.885
1.86
1.776
1.768
1.694
1.687
1.629
1.622
1.519
1.458
1.286
1.284
1.241
1.242
1.213
1.216
1.187
1.188
1.171
1.172
1.146
3.22944 8.27693 2.50835
