1 361
1.153
1.145
1.153
1.145
1.142
1.135
1.135
1.135
1.135
1.126
1.126
1.126
1.126
1.126
1.125
1.126
1.116
1.117
1.117
1.117
1.117
1.11
1.112
1.112
1.11
1.107
1.112
1.108
1.106
1.098
1.089
1.089
1.089
1.089
1.098
1.106
1.115
1.109
1.115
1.11
1.114
1.112
1.118
1.118
1.117
1.11
1.117
1.125
1.125
1.124
1.124
1.123
1.132
1.123
1.133
1.133
1.142
1.142
1.142
1.142
1.143
1.151
1.151
1.15
1.158
1.155
1.158
1.167
1.167
1.166
1.176
1.176
1.185
1.184
1.193
1.193
1.202
1.202
1.21
1.211
1.219
1.22
1.228
1.23
1.237
1.246
1.246
1.255
1.264
1.264
1.273
1.28
1.288
1.287
1.297
1.306
1.314
1.314
1.323
1.333
1.341
1.35
1.358
1.366
1.374
1.384
1.391
1.399
1.408
1.416
1.423
1.431
1.452
1.449
1.475
1.483
1.501
1.498
1.515
1.523
1.54
1.55
1.573
1.575
1.597
1.606
1.629
1.639
1.654
1.672
5.285
5.33
5.398
5.45
5.533
5.579
5.652
5.7
5.771
5.818
5.921
5.985
3.175
3.127
3.112
3.094
3.076
3.059
3.053
3.082
3.174
3.209
3.267
3.308
3.374
3.417
3.481
3.533
3.604
3.661
3.737
3.79
3.889
3.91
3.891
3.873
3.864
3.857
3.839
3.82
3.811
3.796
3.796
3.779
3.77
3.761
3.752
3.734
3.763
3.851
4.244
4.388
4.389
4.377
4.592
4.717
4.914
7.291
7.273
7.264
7.245
7.229
7.221
7.21
7.213
7.452
8.073
8.183
8.183
8.183
8.183
8.183
8.183
8.183
8.183
8.187
8.183
8.183
8.187
8.191
8.187
8.187
8.191
6.902
6.902
6.895
6.895
6.878
6.878
6.878
6.87
6.861
6.87
6.862
6.862
6.863
6.862
6.861
6.862
6.861
6.861
6.861
6.87
6.861
6.877
6.877
6.886
6.886
6.894
6.901
6.91
6.908
6.927
6.936
6.813
6.663
6.426
6.3
6.099
5.968
5.778
5.666
5.505
5.406
5.255
5.156
5.026
4.952
4.817
4.756
4.64
4.561
4.463
4.402
4.311
4.253
4.165
4.111
4.02
3.976
3.887
3.795
3.773
3.781
3.816
3.851
3.942
3.915
5.404
5.422
5.508
5.541
5.588
5.6
5.657
5.687
5.716
5.673
5.666
5.695
5.654
5.613
5.663
5.716
5.772
5.794
5.858
5.89
5.949
5.984
6.038
8.183
8.183
8.183
8.183
8.183
8.183
8.183
8.183
8.183
8.183
8.183
8.183
8.183
8.183
2.366
2.35
2.341
2.322
2.323
2.305
2.298
2.287
2.269
2.254
2.246
2.226
2.226
2.211
2.203
2.187
2.188
2.167
2.161
2.151
2.142
2.124
2.124
2.108
2.108
2.092
2.09
2.075
2.076
2.066
2.056
2.049
2.04
2.03
2.031
2.013
2.014
2.006
1.998
1.99
1.99
1.982
1.973
1.974
1.964
1.957
1.96555 12.4836 2.30423
