1 361
2.734
2.761
2.769
2.802
2.801
2.842
2.848
2.883
2.89
2.925
2.933
2.978
2.985
3.753
3.763
3.813
3.83
3.884
3.901
3.962
3.971
4.015
4.023
4.341
4.359
4.432
4.451
4.526
4.552
4.631
4.655
4.733
4.765
4.862
4.871
4.822
4.815
4.808
4.847
4.965
4.994
5.099
5.136
5.122
5.107
5.073
5.057
5.024
5.006
4.973
4.965
4.923
4.909
5
5.039
5.177
5.224
5.377
5.435
5.604
5.654
5.837
5.907
6.101
6.175
6.402
6.479
6.657
7.202
7.58
7.594
7.559
7.555
7.942
8.02
8.183
8.183
8.183
4.332
4.317
4.31
4.285
4.285
4.262
4.252
4.238
4.228
4.213
4.214
4.196
4.188
4.172
4.172
4.163
4.155
4.139
4.138
4.122
4.122
4.105
4.116
4.096
4.096
4.089
4.079
4.071
4.071
4.064
4.072
4.055
4.056
4.046
4.054
4.046
4.046
4.04
4.055
4.038
4.038
4.039
4.046
4.037
4.046
4.046
4.046
4.046
4.044
4.056
4.125
3.89
3.828
3.625
3.55
3.353
3.296
3.131
3.086
2.941
2.904
2.764
2.741
2.62
2.586
2.485
2.46
2.364
2.349
2.262
2.245
2.162
2.149
2.07
2.062
1.992
1.977
1.916
1.908
1.841
1.833
1.783
1.773
1.731
1.722
1.672
1.672
1.62
1.619
1.573
1.575
1.534
1.525
1.494
1.494
1.455
1.46
1.427
1.419
1.384
1.385
1.359
1.358
1.332
1.324
1.299
1.308
1.271
1.274
1.248
1.248
1.223
1.221
1.198
1.197
1.18
1.179
1.163
1.164
1.138
1.138
1.12
1.121
1.104
1.104
1.079
1.087
1.061
1.061
1.044
1.053
1.026
1.006
0.98
0.989
0.972
0.972
0.962
0.954
0.951
0.962
0.978
0.995
1.003
1.02
1.035
1.051
1.147
1.154
1.192
1.287
3.423
3.465
3.52
8.183
8.183
8.183
8.183
8.183
8.183
8.183
8.183
8.183
8.183
8.183
5.985
5.981
5.946
5.942
6.102
6.205
6.409
6.52
6.759
6.891
7.162
7.313
7.648
7.818
8.14
8.183
8.183
8.183
8.183
8.183
8.183
8.183
8.183
8.183
8.183
8.183
8.183
8.183
8.183
8.183
8.183
8.183
8.183
8.183
8.183
8.183
8.183
8.183
8.183
8.183
8.183
8.183
8.183
8.183
8.183
8.183
5.546
5.313
5.314
5.314
5.314
5.314
5.314
5.318
5.323
5.332
5.332
5.34
5.347
5.356
5.352
5.364
5.371
5.377
5.377
5.387
5.403
5.411
5.422
5.43
5.436
5.452
5.398
5.278
5.065
4.957
4.766
4.677
4.504
4.417
4.25
4.16
4.029
3.954
3.837
3.773
3.665
3.601
3.506
3.455
3.377
3.321
3.248
3.199
3.122
3.08
3.009
2.974
2.914
2.87
2.812
2.778
2.728
2.695
2.643
2.607
2.36
2.234
2.177
2.177
2.138
2.117
2.133
2.159
2.3
2.271
2.245
2.218
-1.10893 13.4805 3.40575
