1 361
7.003
6.728
6.691
5.956
5.914
5.674
5.626
5.41
5.378
5.182
5.14
4.949
4.917
4.756
4.727
4.568
4.55
4.4
4.381
4.216
4.195
4.173
4.173
4.214
4.21
4.132
4.118
4.007
3.998
3.903
3.883
3.786
3.777
3.691
3.674
3.331
3.316
3.281
3.275
3.199
3.199
3.131
3.122
3.062
3.052
2.991
2.984
2.93
2.921
2.873
2.874
2.812
2.813
2.772
2.763
2.721
2.722
2.678
2.669
2.627
2.626
2.587
2.587
2.553
2.544
2.513
2.503
2.479
2.47
2.431
2.432
2.407
2.407
2.383
2.383
2.348
2.348
2.317
2.316
2.293
2.293
2.275
2.267
2.251
2.251
2.225
2.225
2.208
2.207
2.18
2.18
2.163
2.164
2.146
2.146
2.127
2.127
2.109
2.109
2.101
2.092
2.082
2.083
2.042
2.042
2.034
2.034
2.088
2.086
2.17
2.17
2.151
2.161
2.144
2.144
2.135
2.133
2.127
2.126
2.108
2.116
2.107
2.108
2.1
2.1
2.09
2.09
2.082
2.09
2.083
2.091
2.073
2.075
2.073
2.075
2.065
2.076
2.066
2.068
2.062
2.071
2.062
2.065
2.057
2.068
2.064
2.066
2.068
2.069
2.066
2.066
2.067
2.076
2.075
2.076
2.076
2.076
2.077
2.086
1.919
1.927
1.927
1.928
1.939
1.949
1.949
1.949
1.962
1.962
1.962
1.971
1.971
1.971
1.98
1.988
1.988
1.997
1.997
2.006
2.014
2.014
2.023
2.023
2.035
2.033
2.041
2.05
1.425
1.434
1.424
1.424
1.415
1.414
1.407
1.416
1.397
1.405
1.397
1.397
1.389
1.388
1.379
1.388
1.38
1.38
1.371
1.38
1.372
1.37
1.361
1.37
1.363
1.37
1.361
1.363
1.353
1.36
1.353
1.361
1.352
1.363
1.351
1.353
1.353
1.353
1.354
1.353
1.351
1.353
1.353
1.352
1.352
1.352
1.352
1.36
1.352
1.352
1.352
1.365
2.791
2.807
2.848
2.857
2.899
2.919
2.938
2.957
3.255
3.261
3.308
3.33
3.387
3.405
3.471
3.487
3.555
3.572
3.647
3.663
3.748
3.776
3.77
3.763
3.726
3.727
3.772
3.821
3.919
3.944
4.041
4.066
4.167
4.201
4.323
4.357
4.476
4.509
4.644
4.687
4.837
4.88
5.038
5.086
5.272
5.325
7.048
7.102
7.386
7.442
7.765
7.783
7.74
7.746
7.71
7.701
7.665
7.667
7.664
7.782
8.183
8.183
8.183
8.183
8.183
8.183
8.183
8.183
8.183
8.183
8.183
8.183
8.183
8.183
8.183
8.183
8.183
8.183
8.191
8.183
8.183
8.183
8.183
8.183
8.183
8.183
8.183
8.183
8.183
8.183
8.183
8.183
8.183
8.183
8.183
8.183
8.183
8.183
8.183
8.183
8.183
8.183
8.046
7.85
7.174
7.19
7.226
7.397
7.396
8.067
5.209
5.108
4.822
4.744
4.476
4.406
4.161
4.116
3.913
3.858
3.677
3.631
4.36436 9.25682 1.27881
