1 361
2.6
2.56
2.549
2.517
2.508
2.468
2.46
2.426
2.419
2.392
2.384
2.351
2.351
2.317
2.308
2.282
2.282
2.255
2.248
2.221
2.213
2.195
2.194
2.167
2.167
2.13
2.12
2.1
2.092
2.087
2.096
2.149
2.149
2.213
2.211
2.182
2.182
2.166
2.156
2.138
2.138
2.12
2.121
2.101
2.101
2.085
2.084
2.067
2.068
2.058
2.05
2.042
2.031
2.024
2.025
2.015
2.016
1.999
1.999
1.989
1.99
1.982
1.983
1.974
1.974
1.966
1.964
1.957
1.958
1.939
1.949
1.939
1.939
1.938
1.941
1.932
1.922
1.925
1.924
1.924
1.926
1.761
1.762
1.752
1.761
1.768
1.776
1.768
1.77
1.767
1.761
1.775
1.769
1.771
1.762
1.762
1.762
1.753
1.762
1.758
1.764
1.175
1.175
1.156
1.165
1.148
1.148
1.132
1.13
1.122
1.122
1.114
1.114
1.097
1.097
1.087
1.087
1.071
1.08
1.061
1.062
1.054
1.054
1.045
1.045
1.029
1.038
1.031
1.029
1.021
1.021
1.013
1.013
1.004
1.013
0.996
1.005
0.988
0.998
0.988
0.991
0.98
0.98
0.981
0.982
0.973
0.971
0.968
0.968
0.967
0.968
0.959
0.959
0.959
0.958
0.95
0.959
0.948
0.956
0.95
0.95
0.951
0.952
0.994
0.976
2.154
2.154
2.19
2.19
2.215
2.215
2.242
2.243
2.268
2.277
2.302
2.309
2.333
2.341
2.376
2.385
2.416
2.425
2.457
2.466
2.489
2.486
2.516
2.533
2.792
2.8
2.85
2.859
2.902
2.919
2.964
2.981
3.025
3.044
3.096
3.103
3.163
3.179
3.253
3.26
3.33
3.334
3.295
3.295
3.255
3.265
3.319
3.346
3.432
3.457
3.534
3.551
3.645
3.662
3.766
3.791
3.894
3.913
4.024
4.059
4.169
4.204
4.33
4.373
4.511
4.55
4.705
4.757
4.929
5.033
6.71
6.76
7.025
7.095
7.317
7.304
7.266
7.266
7.233
7.234
7.2
7.207
7.245
7.383
7.809
7.909
8.183
8.183
8.183
8.183
8.183
8.183
8.183
8.183
8.183
8.183
8.183
8.183
8.183
8.183
8.183
8.187
8.187
8.183
8.183
8.183
8.183
8.183
8.183
8.183
8.183
8.183
8.183
8.183
8.183
8.183
8.183
8.183
8.183
8.183
8.183
8.183
8.183
8.183
8.183
8.183
8.183
8.183
7.809
7.641
7.021
6.768
6.782
6.799
6.847
6.864
7.923
7.939
4.931
4.91
4.662
4.605
4.386
4.344
4.139
4.097
3.915
3.872
3.713
3.676
3.527
3.509
3.375
3.347
3.235
3.201
3.096
3.068
2.975
2.953
2.862
2.844
2.755
2.735
2.67
2.644
2.577
2.567
2.502
2.484
2.421
2.407
2.355
2.338
2.289
2.271
2.231
2.212
2.17
2.16
2.116
2.107
2.059
2.057
2.022
2.004
1.97
1.963
1.929
1.923
1.889
1.882
1.855
1.848
1.814
1.805
4.38337 9.65988 1.75636
