1 361
0.726
0.724
0.724
0.735
0.725
0.735
0.734
0.735
0.734
0.742
0.741
0.741
0.741
0.74
0.739
0.748
0.748
0.757
0.756
0.757
0.756
0.763
0.764
0.763
0.764
0.772
0.771
0.778
0.778
0.787
0.787
0.794
0.795
0.803
0.794
0.803
0.813
0.811
0.811
0.819
0.819
0.827
0.827
0.836
0.835
0.844
0.844
0.852
0.853
0.861
0.861
0.871
0.871
0.879
0.878
0.897
0.897
0.906
0.904
0.912
0.913
0.929
0.929
0.937
0.947
0.955
0.964
0.971
0.971
0.98
0.989
1.005
1.006
1.023
1.022
1.039
1.047
1.055
1.063
1.081
1.089
1.107
1.115
1.123
1.132
1.15
1.167
1.176
1.184
1.211
1.211
1.238
1.247
1.264
1.273
1.299
1.307
1.325
1.344
1.369
1.386
1.412
1.42
1.455
1.472
1.496
1.521
1.546
1.561
1.595
1.621
1.652
1.675
1.719
1.744
1.788
1.812
1.864
1.889
1.947
1.982
2.031
2.076
2.129
2.182
2.243
2.285
2.367
2.418
2.507
2.565
2.661
2.729
2.846
2.924
3.055
3.143
3.293
3.397
3.581
3.683
3.668
3.668
3.659
3.658
3.651
3.651
3.642
3.642
3.634
3.634
3.626
3.626
3.617
3.617
3.608
3.617
3.609
3.617
3.609
3.608
3.608
3.617
3.609
3.617
3.609
3.617
3.618
3.618
3.617
3.627
3.618
3.627
3.626
2.949
2.854
2.853
2.817
2.677
2.364
2.244
2.072
1.979
1.865
1.818
1.848
1.802
1.4
1.367
1.372
1.37
1.361
1.439
1.423
1.391
1.341
3.785
3.795
3.813
3.822
3.831
3.84
3.858
3.867
3.885
3.894
3.912
3.92
3.938
3.954
3.972
3.982
4.007
4.015
4.033
4.051
4.068
4.083
4.101
4.12
4.153
4.16
4.185
4.2
4.227
4.25
4.264
3.374
3.376
4.346
4.373
4.305
4.32
4.354
4.387
4.404
4.407
4.442
4.474
4.495
4.519
4.533
4.552
4.611
4.646
4.676
4.715
4.746
4.801
4.876
4.914
4.89
4.861
4.805
4.772
4.727
4.692
4.74
5.085
5.07
5.051
5.101
5.15
5.217
5.263
5.257
5.323
5.385
2.315
2.272
2.256
2.277
6.27
6.184
5.701
6.533
6.614
4.133
4.155
6.888
4.123
4.039
7.191
7.314
7.412
6.962
6.947
6.938
6.958
7.341
6.689
6.591
5.627
5.599
5.581
5.556
5.592
5.58
5.544
5.503
5.495
5.482
5.579
5.567
5.41
5.451
6.334
5.711
5.715
4.882
4.828
4.822
4.879
5.092
4.926
4.896
4.996
5.12
5.109
5.121
5.136
5.154
5.229
5.539
5.078
4.941
4.933
4.795
4.78
4.808
6.146
6.355
5.182
5.264
8.148
5.87
5.994
8.129
8.129
8.121
7.526
7.214
7.169
7.119
7.118
7.121
7.192
7.337
7.666
7.674
7.378
7.238
7.161
7.182
7.146
7.163
7.425
7.765
7.788
7.712
8.183
2.81844 8.77654 2.23464
