1 361
1.476
1.466
1.466
1.465
1.465
1.465
1.456
1.456
1.456
1.455
1.447
1.456
1.45
1.448
1.448
1.445
1.451
1.442
1.447
1.453
1.434
1.452
1.457
1.45
1.449
1.446
1.455
1.453
1.454
1.461
1.468
1.442
1.313
1.306
1.305
1.305
1.315
1.314
1.315
1.338
1.328
1.337
1.337
1.346
1.346
1.346
1.354
1.355
1.355
1.354
1.362
1.363
1.371
1.372
1.371
1.372
1.38
1.39
1.389
1.397
1.398
1.406
1.407
1.415
1.411
1.423
1.423
1.432
1.432
1.44
1.449
1.458
1.457
1.466
1.474
1.482
1.482
1.491
1.498
1.508
1.516
1.524
1.531
1.539
1.55
1.55
1.555
1.573
1.581
1.581
1.597
1.599
1.614
1.63
1.636
1.646
1.662
1.668
1.679
1.694
1.703
1.712
1.731
1.736
1.752
1.77
1.778
1.795
1.804
1.821
1.839
1.854
1.863
1.88
1.898
1.92
1.94
1.965
1.981
1.998
2.016
2.041
2.058
2.085
2.103
2.129
2.147
2.181
2.199
2.225
2.26
2.285
2.31
2.343
2.369
2.41
2.434
6.921
5.453
3.96
3.94
3.89
3.881
3.853
3.846
3.861
3.968
4.032
4.096
4.177
4.234
4.329
4.401
4.491
4.577
4.683
4.711
4.688
4.679
4.654
4.651
4.626
4.627
4.601
4.594
4.568
4.568
4.55
4.541
4.712
5.207
5.207
5.203
5.344
5.529
5.715
8.101
8.073
8.068
8.04
8.044
8.015
8.02
8.183
8.183
8.183
8.183
8.183
8.183
8.183
8.183
8.183
8.191
8.183
8.183
8.183
8.187
8.187
8.191
7.694
7.692
7.675
7.672
7.66
7.649
7.643
7.642
7.637
7.625
7.62
7.624
7.619
7.608
7.61
7.606
7.608
7.609
7.608
7.617
7.608
7.617
7.609
7.617
7.615
7.634
7.632
7.636
7.564
7.337
7.075
6.855
6.587
6.372
6.158
5.999
5.809
5.663
5.497
5.368
5.211
5.102
4.977
4.875
4.757
4.652
4.521
4.383
4.39
4.415
4.432
4.507
4.504
4.611
5.89
5.915
5.943
5.973
6.002
6.077
6.109
6.144
6.173
6.203
6.229
6.246
6.17
6.208
6.209
6.135
6.147
6.208
6.245
6.288
6.327
2.784
2.738
2.73
2.708
2.682
2.657
2.628
2.603
2.568
2.553
2.528
2.495
2.479
2.445
2.43
2.405
2.388
2.374
2.347
2.331
2.304
2.29
2.273
2.255
2.238
2.222
2.203
2.185
2.169
2.152
2.141
2.125
2.116
2.1
2.081
2.072
2.054
2.045
2.037
2.02
2.01
2.004
1.986
1.978
1.962
1.954
1.947
1.939
1.919
1.911
1.914
1.897
1.892
1.88
1.871
1.865
1.856
1.847
1.837
1.838
1.83
1.821
1.814
1.813
1.803
1.796
1.788
1.789
1.781
1.771
1.772
1.764
1.755
1.755
1.747
1.746
1.735
1.739
1.731
1.732
1.723
1.722
1.714
1.714
1.706
1.706
1.706
2.60096 11.911 2.42884
