1 361
1.865
1.865
1.874
1.873
1.883
1.89
1.899
1.899
1.906
1.914
1.923
1.923
1.93
1.939
1.946
1.956
1.963
1.962
1.988
1.986
1.996
2.014
2.013
2.03
2.03
2.048
2.051
2.063
2.072
2.08
2.099
2.098
2.09
2.103
2.113
2.157
2.32
2.337
2.354
2.37
2.388
2.404
2.42
2.428
2.452
2.469
2.494
2.502
2.527
2.552
2.568
2.593
2.922
3.696
3.675
3.648
3.615
3.589
3.568
3.541
3.524
3.498
3.481
3.448
3.429
3.414
3.388
3.363
3.347
3.323
3.315
3.291
3.315
3.331
3.32
3.256
3.23
3.207
3.19
3.165
3.206
3.268
3.327
3.367
3.421
3.396
3.376
3.37
3.365
3.364
3.371
3.375
3.387
3.404
3.433
3.465
3.751
4.23
4.317
4.393
4.491
4.569
4.684
4.772
4.891
4.982
5.127
5.228
5.371
5.491
5.655
5.777
5.97
6.106
6.316
6.476
6.717
6.897
7.169
7.337
8.183
8.183
8.183
8.183
8.183
8.183
8.183
8.183
8.183
8.183
8.183
8.183
8.183
8.183
8.183
8.183
8.183
8.183
8.183
8.183
8.183
8.183
8.183
8.183
8.183
8.183
8.183
8.183
8.183
8.183
8.183
8.183
8.183
8.183
8.183
8.183
8.183
8.183
8.183
8.183
8.183
8.183
8.183
8.183
8.183
7.692
7.186
6.902
6.493
6.25
5.91
5.729
0.978
0.975
1.007
1.005
1.037
1.044
1.073
1.077
1.12
1.128
1.162
1.172
1.217
1.225
1.267
1.286
1.33
1.337
1.398
1.413
1.48
1.499
1.556
1.544
1.55
1.551
1.559
1.549
1.558
1.557
1.558
1.559
1.567
1.558
1.567
1.567
1.574
1.566
1.582
1.573
1.582
1.582
1.589
1.581
1.597
1.597
1.603
1.603
1.612
1.613
1.62
1.621
1.636
1.628
1.645
1.646
1.652
1.653
1.663
1.662
1.677
1.669
1.688
1.686
1.709
1.692
1.675
1.657
1.649
1.634
1.616
1.611
1.595
1.587
1.57
1.562
1.547
1.535
1.528
1.522
1.505
1.507
1.488
1.482
1.473
1.458
1.457
1.44
1.43
1.431
1.415
1.416
1.406
1.398
1.39
1.391
1.374
1.374
1.365
1.363
1.357
1.347
1.338
1.338
1.33
1.33
1.319
1.312
1.312
1.304
1.304
1.294
1.288
1.288
1.285
1.277
1.277
1.268
1.269
1.261
1.261
1.251
1.251
1.251
1.242
1.242
1.242
1.234
1.234
1.235
1.234
1.226
1.225
1.225
1.217
1.226
1.217
1.216
1.217
1.208
1.218
1.208
1.208
1.209
1.21
1.202
1.203
1.205
1.202
1.198
1.211
1.196
1.196
1.187
1.187
1.178
1.187
1.187
1.205
1.201
1.201
1.202
1.204
1.2
1.205
1.203
1.21
1.209
1.208
1.209
1.209
1.218
1.218
1.217
1.217
1.218
1.225
1.226
1.225
1.225
1.236
1.234
1.234
1.234
1.22
1.219
1.227
1.227
1.236
1.99572 13.9256 0.123595
