1 361
1.277
1.279
1.269
1.27
1.272
1.261
1.254
1.181
1.137
1.116
1.125
1.142
1.142
1.142
1.151
1.148
1.148
1.152
1.144
1.146
1.151
1.189
1.219
1.23
1.233
1.208
1.211
1.21
1.211
1.199
1.201
1.198
1.197
1.198
1.196
1.205
1.205
1.204
1.203
1.212
1.21
8.183
8.183
8.183
8.183
8.183
8.183
8.183
8.183
8.183
8.183
8.183
8.183
8.183
8.183
8.183
8.183
8.183
8.183
5.975
6.143
6.317
6.518
6.534
6.543
6.542
6.547
6.556
6.563
6.564
6.585
6.585
6.593
6.586
6.481
6.384
6.291
6.206
6.114
6.031
5.948
5.863
5.798
5.722
5.649
5.57
5.511
5.444
5.378
5.293
5.304
5.341
5.368
5.316
5.265
5.203
5.152
5.097
5.044
4.998
4.957
4.905
4.863
4.609
4.561
4.546
4.512
4.462
4.434
4.401
4.366
4.324
4.299
4.259
4.226
4.194
4.168
4.135
4.11
4.077
4.059
4.026
4.007
3.973
3.956
3.92
3.901
3.875
3.859
3.831
3.814
3.797
3.779
3.755
3.738
3.72
3.702
3.679
3.661
3.647
3.636
3.612
3.603
3.587
3.57
3.551
3.543
3.526
3.519
3.532
3.631
3.698
3.804
3.881
3.994
3.981
3.97
3.962
3.953
3.939
3.927
3.918
3.907
3.89
3.87
3.851
3.86
4.028
4.11
4.264
5.632
5.613
5.605
5.595
5.59
5.873
7.4
7.571
8.145
8.183
8.183
8.183
8.183
8.183
8.183
8.183
8.183
8.183
8.183
8.183
8.183
8.183
5.565
3.727
3.727
3.726
3.751
3.747
3.748
3.742
3.752
3.745
3.758
3.757
3.769
3.758
3.775
3.762
3.778
3.771
3.779
3.786
3.795
3.795
3.804
3.802
3.811
3.81
3.82
3.829
3.837
3.837
3.856
3.842
3.68
3.593
3.463
3.37
3.351
3.349
3.375
3.377
3.386
3.393
3.408
3.408
3.426
3.431
3.45
3.458
3.475
3.483
3.5
3.511
3.527
3.535
3.562
3.562
3.587
3.595
3.626
3.634
3.663
3.669
3.694
3.701
3.735
3.744
3.778
3.788
3.812
3.831
3.856
3.911
4.543
4.559
4.592
4.61
4.661
4.678
4.721
4.741
4.783
4.801
4.831
4.837
5.11
5.141
5.19
5.216
5.278
5.302
5.364
5.388
5.447
5.48
5.551
5.585
5.58
5.542
5.51
5.554
5.636
5.682
5.753
5.81
5.812
5.772
5.729
5.693
5.648
5.614
5.569
5.543
5.556
5.603
5.681
5.738
5.834
5.893
5.994
6.057
6.164
6.231
6.35
6.427
6.55
6.626
6.759
6.842
6.979
7.079
7.255
7.617
4.765
4.751
4.716
4.697
4.663
4.646
0.68
0.68
0.684
0.678
0.675
0.669
0.667
0.659
0.661
0.661
0.651
0.661
0.654
0.652
0.651
0.653
0.644
0.652
0.643
0.643
0.657
0.649
0.661
0.661
0.661
0.665
0.662
0.661
0.661
0.657
0.671
-2.88831 11.9254 1.3297
