1 361
6.077
6.1
6.127
6.152
6.169
6.194
6.221
6.246
6.273
6.298
6.323
5.557
5.44
5.375
5.271
5.185
5.113
4.964
4.875
4.638
4.548
4.483
4.44
4.396
4.357
4.6
4.739
4.748
4.697
4.48
4.101
4.002
3.941
3.89
3.858
3.828
3.84
4.035
3.444
3.394
3.359
3.327
3.302
3.269
3.244
3.212
3.177
3.153
3.128
3.1
3.076
3.048
3.022
3.001
2.983
2.956
2.939
2.912
2.894
2.878
2.854
2.837
2.814
2.805
2.78
2.764
2.747
2.738
2.721
2.703
2.685
2.678
2.657
2.647
2.631
2.613
2.606
2.588
2.58
2.574
2.561
2.548
2.537
2.526
2.521
2.505
2.494
2.48
2.486
2.474
2.464
2.456
2.443
2.436
2.433
2.426
2.417
2.405
2.399
2.392
2.39
2.381
2.374
2.364
2.364
2.356
2.356
2.346
2.344
2.33
2.336
2.329
2.329
2.32
2.317
2.312
2.312
2.304
2.303
2.304
2.295
2.291
2.287
2.284
2.284
2.287
2.282
2.271
2.271
2.278
2.277
2.269
2.27
2.272
2.263
2.263
2.262
2.263
2.263
2.271
2.363
3.418
3.418
3.418
3.418
3.426
3.426
3.426
3.434
3.434
3.434
3.443
3.443
3.451
3.46
3.46
3.468
3.476
3.476
3.476
3.492
3.492
3.502
3.51
3.518
3.527
3.536
3.545
3.553
3.562
3.571
3.58
3.589
3.598
3.615
3.624
3.633
3.641
3.657
3.666
3.683
3.7
3.709
3.725
3.735
3.751
3.768
3.786
3.803
3.82
3.838
3.846
3.873
3.891
3.9
3.925
3.944
3.961
3.988
3.997
4.024
4.048
4.066
4.091
4.118
4.143
4.157
4.19
4.215
4.234
4.265
4.288
4.322
4.354
4.387
4.412
4.45
4.473
4.509
4.539
4.574
4.617
4.653
4.643
4.586
4.543
4.493
4.463
4.428
4.385
4.361
4.328
4.287
4.253
4.22
4.188
4.156
4.131
4.101
4.077
4.051
4.024
3.999
3.973
3.941
3.911
3.899
3.871
3.851
3.825
3.809
3.793
3.767
3.749
3.723
3.707
3.684
1.514
1.516
1.508
1.5
1.492
1.492
1.483
1.475
1.466
1.458
1.458
1.449
1.449
1.44
1.44
1.432
1.423
1.423
1.423
1.414
1.414
1.406
1.406
1.397
1.397
1.397
1.388
1.389
1.388
1.381
1.38
1.371
1.371
1.372
1.363
1.362
1.363
1.363
1.354
1.363
1.354
1.354
1.355
1.348
1.348
1.349
1.35
1.344
1.346
1.349
1.343
1.345
1.339
1.351
1.344
1.353
1.352
1.351
1.349
1.347
1.344
1.35
1.348
1.345
1.352
1.349
1.348
1.348
1.354
1.354
1.354
1.354
1.354
1.363
1.362
1.362
1.363
1.371
1.371
1.371
1.371
1.38
1.38
1.38
1.38
1.388
1.389
1.398
1.397
1.406
1.406
1.414
1.414
1.424
1.424
1.423
1.432
1.433
1.441
1.44
1.45
1.459
1.459
1.467
13.5496 7.3814 0.519698
