1 361
3.004
2.96
2.942
2.908
2.902
2.87
2.854
2.83
2.82
2.816
2.835
2.833
2.816
2.782
2.517
2.451
2.441
2.418
2.409
2.393
2.385
2.357
2.35
2.333
2.323
2.3
2.299
2.284
2.275
2.256
2.255
2.24
2.231
2.214
2.204
2.194
2.195
2.178
2.17
2.157
2.157
2.139
2.139
2.121
2.113
2.113
2.105
2.095
2.086
2.077
2.078
2.068
2.059
2.05
2.051
2.043
2.043
2.034
2.034
2.025
2.017
2.017
2.017
2.009
2.008
2
2
1.991
1.992
1.983
1.982
1.997
1.994
1.984
1.985
1.977
1.977
1.969
1.97
1.964
1.965
1.967
1.967
1.967
1.967
1.969
1.963
1.958
1.959
1.958
1.958
1.969
1.97
1.963
1.972
1.97
1.97
1.971
1.972
1.988
1.978
1.985
1.983
1.985
1.993
1.993
1.994
1.999
1.998
2.006
2.006
2.006
2.011
2.02
2.025
2.023
2.032
2.039
2.039
2.037
2.047
2.05
2.059
2.062
2.068
2.085
2.089
2.09
2.1
2.104
2.106
2.111
2.122
2.13
2.134
2.147
2.145
2.153
2.163
2.177
2.184
2.19
2.201
2.21
2.219
2.226
2.236
2.244
2.252
2.268
2.283
3.63
3.647
3.673
3.69
3.716
3.732
3.757
3.774
3.808
3.817
3.852
3.87
3.895
3.922
3.958
3.976
4.01
4.027
4.068
4.086
4.12
4.146
4.186
4.21
4.251
4.276
4.334
4.35
4.401
4.427
4.478
4.503
4.563
4.59
4.647
4.682
4.744
4.769
4.831
4.867
4.935
4.969
5.044
5.077
5.161
5.2
5.269
5.241
5.199
5.189
5.131
5.125
5.077
5.058
5.016
5.002
4.962
4.951
4.918
4.909
4.866
4.859
4.824
4.813
4.779
4.77
4.74
4.73
4.695
4.696
4.665
4.653
4.628
4.619
4.604
4.584
4.567
4.561
4.538
4.536
4.544
4.534
4.517
4.508
4.49
4.49
4.465
4.465
4.448
4.446
4.428
4.43
4.402
4.405
4.385
4.386
4.378
4.378
2.433
2.433
2.426
2.433
2.418
2.426
2.419
2.419
2.411
2.412
2.406
2.417
2.403
2.414
2.41
2.41
2.412
2.413
2.412
2.41
2.407
2.416
2.41
2.409
2.413
2.411
2.411
2.419
2.418
2.426
2.425
2.433
2.425
2.432
2.432
2.442
2.442
2.449
2.449
2.458
2.458
2.466
2.466
2.474
2.482
2.491
2.491
2.499
2.498
2.516
2.515
2.523
2.531
2.54
2.54
2.557
2.557
2.573
2.573
2.59
2.59
2.607
2.616
2.623
2.632
2.651
2.658
2.668
2.676
2.694
2.703
2.71
2.719
2.737
2.754
2.761
2.779
2.794
2.808
4.114
4.07
4.079
4.088
4.124
4.217
4.184
4.164
4.184
4.214
4.244
4.499
4.457
4.389
4.353
4.287
4.258
4.282
4.313
4.348
4.373
4.406
4.43
4.589
4.699
4.649
4.63
4.598
4.574
8.183
8.183
6.246
6.219
1.13793 -1.37722 -0.745474
