1 361
1.668
1.651
1.635
1.618
1.6
1.592
1.576
1.561
1.551
1.534
1.526
1.508
1.5
1.481
1.474
1.465
1.457
1.439
1.429
1.414
1.414
1.405
1.397
1.379
1.379
1.363
1.364
1.354
1.346
1.336
1.337
1.32
1.319
1.305
1.303
1.292
1.293
1.277
1.277
1.268
1.268
1.251
1.251
1.241
1.241
1.233
1.233
1.224
1.224
1.187
1.186
1.177
1.177
1.17
1.169
1.161
1.168
1.181
1.224
1.243
1.272
1.372
1.419
1.413
1.431
1.431
6.77
6.754
6.738
6.72
7.038
8.003
8.177
8.183
8.183
8.183
8.183
8.183
8.183
2.794
2.892
2.969
3.188
3.278
3.577
3.712
4.141
4.399
5.089
5.433
6.643
7.238
8.183
8.183
8.183
8.183
8.183
8.183
8.183
8.183
8.183
8.183
8.183
8.183
8.183
8.183
8.183
8.183
8.183
8.183
8.183
8.183
8.183
8.183
8.183
8.183
8.183
8.183
8.183
8.183
8.183
8.183
8.183
8.183
8.183
8.183
8.183
8.183
8.183
8.183
8.183
8.183
8.183
8.183
8.183
8.183
8.183
8.183
8.183
2.322
2.311
2.285
2.244
2.226
2.183
2.165
2.13
2.113
2.086
2.059
2.033
2.016
1.991
1.973
1.948
1.931
1.905
1.889
1.863
1.857
1.83
1.822
1.796
1.788
1.771
1.755
1.737
1.729
1.712
1.695
1.687
1.669
1.669
1.667
1.686
1.678
1.758
1.749
1.614
1.598
1.58
1.565
1.549
1.54
1.525
1.507
1.517
1.509
1.543
1.533
1.58
1.579
1.613
1.613
1.645
1.645
1.678
1.678
1.72
1.713
1.746
1.753
1.788
1.789
1.831
1.831
1.874
1.874
1.922
1.922
1.973
1.973
2.026
2.026
2.077
2.077
2.138
2.146
2.199
2.207
2.273
2.272
2.341
2.341
2.417
2.424
2.506
2.514
2.601
2.611
2.704
2.721
2.821
2.829
2.937
2.957
3.066
3.074
3.201
3.225
3.364
3.386
3.536
3.561
3.747
3.776
3.966
4.008
4.234
4.277
4.525
4.588
4.868
4.939
5.28
5.351
5.665
6.712
7.152
7.147
7.128
7.165
7.374
7.363
7.352
7.34
7.326
7.302
7.252
7.232
7.23
7.232
7.218
7.21
7.191
7.194
7.179
7.175
7.195
7.173
7.207
7.202
7.187
7.188
7.151
7.153
7.229
7.238
7.227
7.275
8.183
8.183
8.183
8.183
8.187
8.187
8.187
8.187
8.187
8.187
8.187
8.187
7.309
7.339
7.351
7.362
8.191
7.389
7.177
7.14
7.167
7.18
7.181
6.449
6.058
6.001
5.76
5.705
5.49
5.437
5.232
5.189
5.001
4.961
4.786
4.755
4.597
4.569
4.388
4.388
4.413
4.414
4.438
4.433
4.282
4.258
4.135
4.11
4.009
3.992
3.892
3.874
3.512
3.516
3.45
3.443
3.361
3.345
3.272
3.262
3.188
3.18
3.12
3.111
3.044
3.043
2.981
2.972
2.922
2.913
2.86
10.5746 13.0465 5.26031
