1 361
1.491
1.49
1.482
1.482
1.482
1.473
1.473
1.472
1.472
1.472
1.472
1.463
1.464
1.463
1.464
1.456
1.455
1.454
1.455
1.455
1.457
1.451
1.446
1.449
1.443
1.418
1.409
1.409
1.418
1.432
1.434
1.582
1.59
1.585
1.581
1.578
1.582
1.582
1.58
1.58
1.59
1.589
1.589
1.588
1.596
1.596
1.596
1.604
1.605
1.604
1.611
1.613
1.621
1.621
1.622
1.629
1.63
1.629
1.638
1.637
1.646
1.654
1.654
1.663
1.671
1.671
1.681
1.681
1.698
3.743
3.783
4.384
4.286
4.203
4.116
4.038
3.956
3.539
3.462
3.426
3.37
3.357
3.461
3.035
2.866
2.826
2.786
2.753
2.719
2.685
2.653
2.625
2.601
2.567
2.542
2.51
2.485
2.459
2.435
2.411
2.385
2.36
2.345
2.318
2.302
2.278
2.259
2.235
2.227
2.209
2.236
2.22
2.312
2.198
2.154
2.127
2.109
2.083
2.074
2.054
2.074
2.083
2.129
2.142
2.177
2.194
2.22
2.239
2.265
2.283
2.259
2.237
2.228
2.217
2.215
2.207
2.22
2.206
2.216
2.207
2.225
2.225
2.248
2.24
2.274
2.28
2.319
2.351
2.919
2.964
3.027
3.062
3.132
3.164
3.242
3.274
3.354
3.396
3.482
3.531
3.623
3.668
3.773
3.828
3.937
3.988
4.112
4.171
4.307
4.381
4.53
4.62
4.778
4.862
5.049
5.15
5.359
5.485
5.712
5.856
6.125
6.263
7.647
7.712
7.652
7.637
7.781
8.08
8.183
8.183
8.183
8.183
8.183
8.183
8.183
8.183
8.183
8.183
8.183
8.183
8.183
8.183
8.183
8.183
8.183
8.183
8.183
8.183
8.183
8.183
8.183
8.183
8.183
8.183
8.183
8.183
8.183
8.183
8.183
8.183
8.183
8.183
8.183
8.183
8.183
8.183
8.183
8.183
8.183
8.183
7.737
7.62
7.649
7.625
6.647
6.481
6.202
6.056
5.805
5.675
5.452
5.339
5.137
5.041
4.866
4.733
4.726
4.729
4.752
4.742
4.594
4.529
4.397
4.333
3.828
3.791
3.725
3.668
3.577
3.536
3.453
3.411
3.328
3.29
3.224
3.189
3.122
3.088
3.033
2.997
2.938
2.918
2.858
2.832
2.782
2.759
2.706
2.688
2.646
2.627
2.576
2.56
2.52
2.502
2.461
2.444
2.403
2.396
2.362
2.346
2.312
2.296
2.272
2.254
2.23
2.221
2.195
2.178
2.134
2.125
2.094
2.107
2.143
2.142
2.178
2.179
2.211
2.203
2.171
2.164
2.136
2.128
2.11
2.101
2.083
2.074
2.057
2.039
2.031
2.022
1.996
1.997
1.979
1.969
1.953
1.954
1.928
1.927
1.918
1.911
1.894
1.895
1.876
1.876
1.87
1.86
1.851
1.843
1.835
1.827
1.82
1.819
1.811
1.81
1.802
1.794
1.786
1.786
1.621
1.605
1.597
1.598
1.59
1.582
1.603
1.6
1.109
1.27
0.971
0.971
0.941
3.25991 13.6866 5.85491
