1 361
1.665
1.665
1.673
1.681
1.683
1.687
1.682
1.689
1.689
1.687
1.694
1.693
1.692
1.691
1.699
1.699
1.698
1.698
1.706
1.706
1.714
1.714
1.714
1.713
1.722
1.722
1.73
1.731
1.735
1.73
1.747
1.747
1.756
1.757
1.77
1.755
1.75
1.749
1.758
1.758
1.81
1.93
1.945
1.946
1.955
1.963
1.972
1.981
1.988
1.989
2.006
2.007
2.024
2.023
2.042
2.042
2.06
2.06
2.078
2.078
2.095
2.104
2.122
2.122
2.14
2.184
3.959
3.95
3.957
3.718
3.356
3.327
3.287
3.255
3.225
3.201
3.167
3.142
3.108
3.084
3.056
3.029
3.004
2.987
2.959
2.933
2.907
2.89
2.872
2.838
2.821
2.805
2.788
2.772
2.792
2.789
2.811
2.734
2.702
2.683
2.659
2.641
2.646
2.654
2.719
2.736
2.787
2.803
2.856
2.868
2.842
2.819
2.821
2.801
2.812
2.802
2.813
2.806
2.839
2.832
2.874
2.903
3.163
3.247
3.579
3.612
3.706
3.74
3.832
3.869
3.973
4.005
4.129
4.169
4.299
4.341
4.48
4.529
4.679
4.737
4.901
4.963
5.14
5.21
5.411
5.494
5.715
5.801
6.062
6.154
6.448
6.546
6.76
8.183
8.183
8.183
8.183
8.183
8.183
8.183
8.183
8.183
8.183
8.183
8.183
8.183
8.183
8.183
8.183
8.187
8.187
8.187
8.187
8.187
8.187
8.183
8.183
8.183
8.183
8.183
8.183
8.183
8.183
8.183
8.183
8.183
8.183
8.183
8.183
8.183
8.183
8.183
8.183
8.183
8.183
8.183
8.183
8.183
8.183
8.135
8.154
8.108
6.897
6.743
6.325
6.187
5.812
5.706
5.414
5.297
5.195
5.196
5.211
5.188
4.955
4.858
4.236
4.183
4.012
3.959
3.813
3.77
3.638
3.595
3.478
3.445
3.334
3.303
3.21
3.184
3.084
3.057
2.97
2.952
2.872
2.846
2.772
2.754
2.686
2.668
2.602
2.583
2.534
2.519
2.424
2.419
2.39
2.39
2.414
2.413
2.448
2.448
2.462
2.442
2.397
2.382
2.34
2.33
2.289
2.273
2.238
2.232
0.811
0.983
0.49
0.497
1.03
0.538
1.108
1.09
1.123
1.114
1.132
1.131
1.14
1.14
1.158
1.149
1.164
1.165
1.174
1.174
1.189
1.18
1.198
1.199
1.216
1.207
1.225
1.225
1.243
1.243
1.259
1.249
1.276
1.268
1.293
1.284
1.312
1.301
1.328
1.327
1.344
1.344
1.372
1.363
1.388
1.388
1.414
1.414
1.438
1.437
1.423
1.424
1.416
1.416
1.399
1.407
1.397
1.391
1.384
1.384
1.374
1.374
1.365
1.365
1.358
1.366
1.357
1.357
1.348
1.349
1.34
1.349
1.34
1.34
1.331
1.332
1.322
1.323
1.323
1.323
1.315
1.324
1.316
1.315
1.308
1.317
1.31
1.311
1.304
1.304
1.3
1.31
1.3
1.303
1.3
1.303
1.293
1.303
1.293
2.63821 13.901 6.07432
