1 361
6.335
6.402
6.436
6.515
6.542
6.613
6.649
6.726
6.761
5.538
5.493
5.518
5.62
5.5
5.467
5.406
5.326
5.271
5.244
5.226
5.083
5.001
4.942
4.933
4.914
4.893
4.866
4.846
4.948
5.148
5.136
5.175
5.237
4.928
4.93
4.93
4.91
4.874
4.873
4.835
4.815
4.767
4.772
4.964
5.022
5.158
5.093
4.755
4.199
4.108
4.092
4.074
4.068
4.05
4.034
4.024
4.007
3.992
3.982
3.972
3.964
3.946
3.937
3.921
3.925
3.905
3.906
3.888
3.88
3.87
3.862
3.853
3.853
3.844
3.836
3.828
3.828
3.82
3.81
3.812
3.803
3.801
3.802
3.789
3.79
3.785
3.785
3.788
3.779
3.78
3.78
3.78
3.779
3.78
3.779
3.777
3.775
3.778
3.77
3.772
3.778
3.785
3.782
3.786
3.79
3.792
3.793
3.794
3.795
3.799
3.804
3.809
3.816
3.815
3.823
3.824
3.832
3.839
3.84
3.848
3.849
3.866
3.864
3.873
3.878
3.889
4.044
5.1
5.111
5.118
5.136
5.15
5.159
5.183
5.198
5.208
5.225
5.25
5.257
5.284
5.293
5.318
5.337
5.353
5.371
5.396
5.412
5.438
5.464
5.489
5.505
5.531
5.557
5.582
5.609
5.637
5.662
5.697
5.715
5.761
5.786
5.819
5.837
5.881
5.906
5.947
5.972
6.023
6.047
6.096
6.13
6.173
6.207
6.259
6.293
6.345
6.379
6.315
6.269
6.186
6.141
6.075
6.024
5.953
5.91
5.846
3.164
3.125
3.115
3.081
3.064
3.037
3.021
2.996
2.975
2.95
2.934
2.907
2.899
2.872
2.856
2.83
2.823
2.799
2.789
2.764
2.756
2.73
2.73
2.703
2.704
2.677
2.669
2.651
2.634
2.616
2.617
2.6
2.591
2.574
2.575
2.55
2.542
2.526
2.526
2.509
2.509
2.484
2.484
2.467
2.467
2.45
2.45
2.442
2.442
2.424
2.417
2.408
2.408
2.4
2.401
2.383
2.384
2.375
2.375
2.366
2.366
2.358
2.358
2.349
2.349
2.34
2.333
2.333
2.333
2.464
3.036
3.032
3.071
3.195
3.251
3.522
3.571
3.578
3.581
3.562
3.653
3.747
4.13
4.13
4.13
3.978
4.122
4.122
4.122
3.365
3.358
3.363
3.358
3.356
3.317
3.361
3.88
4.07
4.08
3.603
3.47
3.399
3.417
3.797
3.647
3.461
3.364
3.357
3.362
3.367
3.381
3.388
3.42
3.95
3.828
3.664
3.544
3.408
3.303
3.301
3.31
3.318
3.326
3.334
3.342
3.35
3.359
3.366
3.384
3.396
3.749
3.687
3.647
3.588
3.548
3.496
3.456
3.42
3.479
7.944
7.972
8.013
8.038
8.075
8.107
8.143
8.183
8.183
8.183
8.183
8.183
8.183
8.183
5.083
4.992
4.914
4.89
4.789
4.771
4.747
4.739
4.722
4.704
4.691
4.67
4.653
4.645
4.631
4.615
4.594
4.669
5.376
5.419
5.462
5.494
12.2209 5.98369 0.889097
