1 361
5.554
5.516
5.468
5.416
5.34
5.297
5.249
5.253
5.037
4.993
4.945
4.908
4.893
4.863
4.836
4.852
5.192
5.169
5.159
5.186
4.935
4.895
4.879
4.817
4.727
4.673
4.657
4.65
4.644
4.696
4.829
5.035
5.153
5.224
4.753
4.12
4.11
4.094
4.067
4.059
4.032
4.024
4.006
3.989
3.981
3.972
3.953
3.937
3.928
3.911
3.902
3.896
3.878
3.87
3.854
3.854
3.845
3.827
3.829
3.821
3.803
3.803
3.794
3.786
3.777
3.768
3.761
3.761
3.759
3.749
3.744
3.737
3.733
3.726
3.727
3.727
3.72
3.719
3.72
3.713
3.713
3.713
3.714
3.711
3.707
3.709
3.704
3.712
3.711
3.709
3.706
3.715
3.714
3.713
3.716
3.713
3.72
3.722
3.725
3.732
3.731
3.731
3.74
3.739
3.749
3.749
3.756
3.764
3.764
3.772
3.779
3.785
3.786
3.825
4.978
4.996
5.003
5.021
5.029
5.037
5.055
5.07
5.078
5.095
5.11
5.121
5.136
5.152
5.17
5.185
5.201
5.219
5.243
5.26
5.277
5.303
5.321
5.338
5.363
5.38
5.406
5.422
5.447
5.473
5.507
5.533
5.559
5.584
5.61
5.638
5.663
5.701
5.727
5.762
5.787
5.823
5.857
5.891
5.934
5.968
5.999
6.041
6.082
6.123
6.165
6.209
6.245
6.181
6.12
6.047
5.986
5.926
5.87
5.812
5.758
3.009
2.995
2.959
2.941
2.914
2.9
2.874
2.848
2.831
2.807
2.782
2.765
2.748
2.731
2.714
2.687
2.679
2.662
2.644
2.627
2.609
2.593
2.576
2.567
2.552
2.535
2.519
2.502
2.494
2.486
2.469
2.461
2.444
2.436
2.428
2.411
2.402
2.394
2.385
2.368
2.36
2.351
2.342
2.334
2.325
2.317
2.317
2.309
2.3
2.292
2.284
2.275
2.266
2.257
2.257
2.249
2.249
2.24
2.231
2.222
2.222
2.221
2.213
2.203
2.204
2.204
2.195
2.195
2.195
2.185
2.177
2.177
2.177
2.179
2.841
2.861
2.894
2.966
3.005
3.081
3.427
3.424
3.439
3.422
3.468
3.553
3.887
3.975
3.975
3.76
3.957
3.966
3.967
3.468
3.221
3.215
3.217
3.218
3.222
3.167
3.233
3.747
3.932
3.913
3.444
3.301
3.257
3.262
3.666
3.505
3.37
3.239
3.225
3.231
3.235
3.242
3.259
3.27
3.851
3.736
3.593
3.488
3.372
3.264
3.183
3.183
3.192
3.201
3.209
3.209
3.226
3.235
3.244
3.252
3.269
3.277
3.624
3.583
3.533
3.481
3.449
3.408
3.366
3.325
3.335
7.904
7.936
7.974
8.008
8.053
8.079
8.118
8.163
8.183
8.183
8.183
8.183
8.183
8.183
4.931
4.872
4.842
4.806
4.706
4.687
4.671
4.654
4.64
4.62
4.614
4.596
4.576
4.573
4.554
4.546
4.53
4.715
5.343
5.375
5.418
5.47
5.512
5.564
5.607
5.658
5.706
12.295 6.08102 0.938053
