1 361
1.334
1.341
1.336
1.336
1.327
1.318
1.327
1.336
1.341
1.342
1.345
1.338
1.334
1.338
1.336
1.345
1.343
1.343
1.352
1.352
1.351
1.351
1.35
1.359
1.359
1.367
1.367
1.367
1.367
1.367
1.375
1.385
1.376
1.394
1.385
1.394
1.394
1.397
1.402
1.411
1.41
1.411
1.419
1.42
1.427
1.437
1.436
1.445
1.446
1.453
1.462
1.462
1.469
1.479
1.478
1.487
1.495
1.504
1.503
1.512
1.521
1.53
1.537
1.536
1.554
1.554
1.562
1.571
1.579
1.586
1.603
1.603
1.62
1.628
1.635
1.652
1.66
1.667
1.686
1.694
1.702
1.718
1.726
1.736
1.752
1.761
1.779
1.788
1.798
1.82
1.831
1.845
1.863
1.881
1.887
1.906
1.931
1.938
1.962
1.989
1.996
2.022
2.039
2.064
2.083
2.101
2.128
2.143
2.172
2.197
2.215
2.243
2.275
2.291
2.323
2.357
2.383
2.417
2.447
2.489
2.513
2.553
2.589
2.629
2.665
2.707
2.751
2.791
2.836
2.845
2.882
3.278
3.33
3.406
3.515
4.361
4.361
4.345
4.337
4.32
4.31
4.294
4.337
4.361
4.318
4.276
4.269
4.244
4.243
4.413
4.534
4.5
4.492
4.53
4.628
4.78
4.577
5.693
5.905
6.145
6.374
6.666
6.948
7.283
7.612
8.029
8.183
8.183
8.183
8.183
8.183
8.183
8.183
8.183
8.183
8.183
8.183
8.183
8.183
8.183
8.183
8.183
8.183
8.183
8.183
8.183
8.183
8.183
8.183
8.183
8.183
8.183
8.183
8.183
8.183
8.183
8.183
8.183
8.183
8.183
8.183
8.183
8.183
8.183
8.183
8.183
8.183
8.183
7.97
7.618
7.318
7.202
7.228
7.193
6.435
6.209
2.447
2.478
2.546
2.575
2.645
2.686
2.764
2.816
2.891
2.941
3.001
2.989
3.005
2.985
2.996
2.989
3.007
3.007
3.016
3.02
3.032
3.022
3.039
3.029
3.038
3.038
3.047
3.049
3.056
3.058
3.066
3.066
3.083
3.071
3.028
2.985
2.952
2.907
2.881
2.839
2.808
2.773
2.738
2.706
2.678
2.646
2.617
2.591
2.567
2.543
2.517
2.49
2.461
2.437
2.412
2.394
2.38
2.353
2.337
2.312
2.296
2.27
2.261
2.236
2.229
2.206
2.195
2.168
2.159
2.141
2.132
2.106
2.098
2.083
2.073
2.055
2.046
2.028
2.02
2.013
1.97
1.961
1.943
1.935
1.95
1.966
2.009
2.028
2.068
2.062
2.052
2.035
2.026
2.017
2.008
2
1.992
1.982
1.975
1.965
1.957
1.949
1.95
1.933
1.933
1.923
1.916
1.906
1.905
1.9
1.89
1.89
1.882
1.874
1.873
1.865
1.855
1.856
1.857
1.849
1.849
1.84
1.84
1.832
1.832
1.824
1.825
1.817
1.816
1.818
1.816
1.809
1.81
1.81
1.802
1.803
1.803
1.806
1.801
1.682
1.645
1.641
1.647
1.634
1.644
0.379116 13.8702 6.09257
