1 361
2.02
2.035
2.043
2.052
2.055
2.064
2.07
2.08
2.084
2.103
2.099
2.117
2.123
2.141
2.146
2.163
2.179
2.189
2.207
2.223
2.243
2.26
2.289
2.387
2.403
2.417
2.423
2.442
2.45
2.473
2.488
2.506
2.523
2.538
2.552
2.577
2.594
2.61
2.628
2.655
2.67
2.696
2.713
2.737
2.754
2.783
2.78
2.801
2.822
4.538
4.478
4.444
4.43
4.398
4.386
4.353
4.348
4.318
4.306
4.275
4.267
4.235
4.226
4.203
4.193
4.168
4.162
4.135
4.137
4.113
4.103
4.107
4.159
4.09
4.069
4.039
4.02
3.997
4.044
4.137
4.204
4.276
4.352
4.426
4.5
4.59
4.669
4.756
4.846
4.94
5.034
5.141
5.263
5.374
5.5
5.621
5.739
5.89
6.035
6.199
6.358
6.532
6.708
6.918
7.113
7.348
7.58
7.834
8.106
8.183
8.183
8.183
8.183
8.183
8.187
8.187
8.183
8.183
8.183
8.183
8.183
8.187
8.183
8.183
8.191
8.191
8.183
8.187
8.187
8.187
8.183
8.183
8.183
8.183
8.183
8.183
8.183
8.183
8.183
8.183
8.183
8.187
8.183
8.187
8.183
8.187
8.183
8.187
8.183
8.183
8.183
7.779
7.274
6.833
6.476
6.475
6.491
5.503
5.253
5.003
4.816
4.626
4.452
4.293
4.138
3.995
3.872
3.749
3.594
3.586
3.611
3.602
3.628
3.606
3.512
3.424
3.346
3.256
3.158
2.692
2.664
2.626
2.574
2.518
2.466
2.419
2.376
2.326
2.295
2.252
2.218
2.176
2.142
2.105
2.07
2.034
2.008
1.974
1.95
1.916
1.891
1.866
1.84
1.805
1.795
1.774
1.747
1.721
1.704
1.68
1.662
1.639
1.622
1.598
1.589
1.573
1.558
1.54
1.524
1.508
1.5
1.483
1.466
1.459
1.442
1.426
1.417
1.4
1.392
1.384
1.374
1.357
1.35
1.34
1.323
1.324
1.315
1.306
1.297
1.281
1.281
1.271
1.263
1.244
1.244
1.236
1.226
1.218
1.209
1.2
1.2
1.183
1.183
1.174
1.174
1.165
1.157
1.148
1.148
1.139
1.139
1.13
1.108
1.09
1.101
1.092
1.083
1.084
1.076
1.071
1.107
1.103
1.157
1.156
1.214
1.213
1.209
1.207
1.198
1.199
1.198
1.19
1.19
1.18
1.18
1.18
1.172
1.172
1.171
1.162
1.163
1.163
1.164
1.154
1.154
1.154
1.154
1.154
1.155
1.146
1.146
1.146
1.145
1.137
1.147
1.138
1.138
1.138
1.131
1.139
1.142
1.134
1.136
1.143
1.144
1.118
1.131
1.127
1.118
1.135
1.144
1.136
1.142
1.132
1.139
1.139
1.138
1.138
1.138
1.137
1.145
1.146
1.145
1.144
1.145
1.145
1.152
1.145
1.153
1.154
1.153
1.164
1.162
1.163
1.163
1.162
1.173
1.172
1.18
1.179
1.179
1.189
1.189
1.19
1.199
1.199
1.208
1.206
1.217
1.207
1.226
7.75376 13.4997 0.341674
