1 361
6.936
6.909
6.894
7.052
7.142
7.29
8.187
8.183
8.183
7.917
8.187
8.183
8.183
8.183
8.183
8.183
8.183
8.183
8.183
8.183
8.183
8.183
8.183
3.018
2.996
2.77
2.76
2.759
2.75
2.749
2.751
2.785
2.785
2.765
2.769
2.814
2.807
2.835
2.825
2.893
2.867
2.952
2.935
2.988
2.986
3.013
3.012
3.031
3.031
3.049
3.056
3.228
3.318
3.316
3.305
2.184
2.159
2.028
2.019
1.87
1.83
1.727
1.721
1.634
1.626
1.551
1.552
1.488
1.479
1.412
1.414
1.36
1.354
1.313
1.306
1.293
1.302
1.299
1.307
1.294
1.293
1.166
1.17
1.119
1.123
1.081
1.085
1.081
1.08
1.089
1.089
1.098
1.098
1.11
1.111
1.134
1.134
1.152
1.151
1.161
1.16
1.168
1.178
1.186
1.186
1.194
1.204
1.214
1.221
1.222
1.233
1.215
1.231
1.19
1.189
1.167
1.163
1.152
1.144
1.136
1.139
1.132
1.133
1.123
1.123
8.187
8.187
1.303
1.308
8.187
8.187
1.281
8.187
1.219
1.26
1.197
1.213
1.207
1.213
1.361
1.387
1.3
1.328
1.33
1.352
1.39
1.405
1.328
1.379
1.763
1.782
1.814
1.818
1.856
1.871
1.907
1.932
1.965
1.994
2.034
2.051
2.096
2.124
2.169
2.192
2.235
2.269
2.321
2.349
2.413
2.444
2.51
2.547
2.61
2.654
2.724
2.771
2.856
2.901
2.994
3.045
3.15
3.201
3.314
3.387
3.508
3.586
3.739
3.819
3.984
4.079
4.269
4.396
4.615
4.749
5.037
5.096
6.633
6.586
6.54
6.542
6.744
7.063
7.695
8.082
8.183
8.183
8.183
8.183
8.183
8.183
8.183
8.183
8.183
8.183
8.183
8.183
8.183
8.183
8.183
8.183
8.183
8.183
8.183
8.183
8.183
8.183
8.183
8.183
8.183
8.183
8.183
8.183
8.183
8.187
8.183
8.183
8.183
8.183
8.183
8.183
8.183
8.183
8.183
8.183
8.183
8.183
7.855
7.666
7.356
7.198
6.935
6.73
6.748
6.767
6.658
6.536
5.984
5.792
5.654
5.572
5.398
5.313
5.167
5.095
4.961
4.887
4.764
4.703
4.588
4.527
4.431
4.378
4.277
4.228
4.148
4.106
3.98
3.965
3.981
3.998
4.024
4.013
3.941
3.9
3.827
3.79
3.73
3.705
3.636
3.601
3.554
3.519
3.475
3.248
3.153
3.145
3.128
3.099
3.056
3.029
2.996
2.978
2.941
2.915
2.881
2.864
2.831
2.813
2.781
2.763
2.732
2.714
2.688
2.669
2.652
2.636
2.611
2.594
2.567
2.561
2.536
2.52
2.504
2.486
2.464
2.454
2.439
2.432
2.406
2.397
2.381
2.374
2.358
2.347
2.33
2.314
2.306
2.299
2.282
2.274
2.256
2.249
2.241
2.24
2.223
2.214
2.205
2.197
2.188
2.179
2.171
2.161
2.152
2.143
2.135
2.135
2.126
2.118
2.109
2.109
4.3518 13.0645 5.86514
