1 361
0.955
0.946
0.946
0.939
0.938
0.93
0.92
0.921
0.921
0.912
0.902
0.904
0.895
0.885
0.884
0.876
0.876
0.867
0.868
0.859
0.859
0.849
0.849
0.841
0.841
0.833
0.842
0.832
0.833
0.824
0.823
0.816
0.824
0.816
0.807
0.807
0.809
0.807
0.798
0.798
0.799
0.79
0.79
0.783
0.791
0.782
0.783
0.774
0.783
0.774
0.774
0.768
0.775
0.767
0.768
0.759
0.767
0.759
0.759
0.759
0.759
0.751
0.759
0.753
0.758
0.841
0.894
1.029
1.121
1.31
1.49
1.751
2.224
2.744
3.323
3.458
3.464
3.458
3.466
3.456
3.456
3.456
3.464
3.465
3.467
3.465
3.473
3.474
3.483
3.474
3.483
3.482
3.492
3.49
3.498
3.497
3.507
3.515
3.523
3.524
3.533
3.533
3.548
3.548
3.558
3.567
3.585
3.575
3.592
3.601
3.61
3.609
3.626
3.625
3.644
3.651
3.669
3.677
3.693
3.702
3.719
3.727
3.743
3.751
3.768
3.786
3.804
3.812
3.83
3.847
3.865
3.883
3.901
3.919
3.936
3.954
3.98
3.998
4.016
4.033
4.058
4.073
4.1
4.117
4.15
4.169
4.192
4.216
4.249
4.266
4.307
4.322
4.357
4.374
4.418
4.435
4.462
4.504
4.544
4.538
4.477
4.632
4.689
4.716
4.761
4.783
4.837
4.869
4.915
4.944
5.005
5.038
5.096
5.127
5.192
5.225
5.286
5.337
5.395
5.444
5.523
5.573
5.646
5.699
5.769
5.83
5.915
5.972
6.05
6.121
6.207
6.279
6.379
6.446
6.55
6.631
6.74
6.823
6.935
7.035
7.16
2.683
2.682
2.672
2.655
2.647
2.639
2.628
2.686
2.717
2.786
2.819
2.903
2.956
3.019
3.062
3.152
3.219
3.3
3.368
3.459
3.533
3.646
3.727
3.857
3.947
4.092
4.19
4.347
4.469
4.656
4.804
4.875
4.863
4.854
4.848
4.837
4.83
4.83
4.811
4.811
4.802
4.796
4.793
4.785
4.778
4.778
4.776
4.768
4.769
4.759
4.759
4.752
4.751
4.754
4.744
4.754
4.751
4.749
4.75
4.752
4.75
4.752
4.748
4.75
4.759
4.765
4.764
4.773
4.776
4.774
4.781
4.792
4.794
4.803
4.802
4.817
4.819
4.829
4.835
4.844
4.847
4.858
4.863
4.685
4.542
4.354
4.226
4.066
3.965
3.816
3.737
3.606
3.528
3.415
3.342
3.248
3.195
3.093
3.033
2.95
2.906
2.828
2.782
2.716
2.675
2.613
2.568
2.512
2.48
2.416
2.398
2.345
2.343
2.36
2.368
2.385
2.385
2.409
2.409
2.425
2.429
2.457
2.466
2.48
2.49
2.505
2.523
2.547
2.556
2.572
2.579
2.606
2.616
2.64
2.651
2.676
2.683
2.711
2.717
2.752
2.762
2.787
2.803
2.836
2.854
2.88
2.897
2.923
2.94
2.978
2.994
3.026
3.047
3.039
3.022
2.996
2.98
2.947
2.935
2.902
-3.46659 10.7304 3.62472
