1 361
7.16
7.188
7.194
7.204
7.207
6.972
6.979
7.015
7.04
7
6.239
5.929
5.864
5.643
5.591
5.394
5.337
5.155
5.115
4.95
4.902
4.742
4.714
4.569
4.533
4.406
4.371
4.23
4.229
4.269
4.27
4.293
4.259
4.139
4.113
4.01
3.987
3.9
3.881
3.795
3.778
3.425
3.408
3.379
3.363
3.299
3.282
3.225
3.208
3.149
3.134
3.081
3.072
3.019
3.011
2.959
2.95
2.896
2.889
2.839
2.837
2.789
2.781
2.739
2.739
2.697
2.688
2.654
2.646
2.61
2.611
2.569
2.569
2.529
2.53
2.496
2.498
2.472
2.464
2.432
2.427
2.4
2.4
2.375
2.376
2.343
2.344
2.32
2.321
2.303
2.295
2.279
2.269
2.252
2.251
2.226
2.225
2.208
2.207
2.191
2.191
2.172
2.172
2.144
2.134
2.111
2.112
2.109
2.109
2.19
2.201
2.233
2.231
2.222
2.223
2.204
2.205
2.194
2.196
2.186
2.188
2.178
2.18
2.16
2.171
2.151
2.152
2.145
2.143
2.135
2.142
2.127
2.136
2.127
2.127
2.117
2.117
2.109
2.109
2.109
2.108
2.109
2.108
2.101
2.101
2.093
2.103
2.097
2.097
2.099
2.1
2.094
2.104
2.102
2.1
2.098
2.097
2.097
2.106
1.945
1.945
1.944
1.953
1.957
1.972
1.966
1.973
1.972
1.972
1.973
1.98
1.989
1.989
1.99
1.993
1.998
2.006
2.006
2.015
2.015
2.015
2.024
2.032
2.033
2.042
2.041
2.049
2.048
2.058
2.058
2.067
2.067
2.085
2.085
2.094
2.095
2.105
2.112
2.12
2.13
2.138
2.149
2.148
2.156
2.165
2.175
2.183
2.2
2.201
2.218
2.227
2.235
2.245
2.261
2.27
2.279
2.286
2.305
2.312
2.33
2.338
2.355
2.372
2.381
2.396
2.412
2.42
2.443
2.453
2.477
2.485
2.508
2.523
2.547
2.562
2.579
2.597
2.621
2.631
2.662
2.672
2.708
2.724
2.748
2.766
2.798
2.814
2.855
2.874
2.878
2.903
3.161
3.195
3.241
3.259
3.31
3.33
3.379
3.401
3.461
3.478
3.535
3.57
3.624
3.648
3.734
3.734
3.699
3.693
3.658
3.661
3.778
3.815
3.898
3.919
4.005
4.042
4.128
4.166
4.269
4.32
4.421
4.473
4.583
4.642
4.769
4.826
4.962
5.026
5.176
5.255
5.445
5.488
6.101
6.178
6.424
6.45
6.422
6.413
6.668
6.789
6.853
6.834
6.771
6.75
6.692
6.676
6.616
6.607
6.541
6.567
6.632
6.666
6.724
6.76
6.828
6.847
6.922
8.187
8.183
8.183
8.183
8.183
8.191
8.183
8.187
8.183
8.187
8.183
8.183
8.183
8.183
8.183
8.183
8.183
8.183
8.183
8.183
8.183
8.183
8.183
8.183
8.187
8.183
8.183
8.183
8.183
8.183
8.094
7.34
7.096
6.695
4.699
4.662
4.676
4.581
4.54
4.521
4.531
4.528
4.464
6.60041 2.85375 0.476658
