1 361
1.851
1.842
1.834
1.833
1.824
1.815
1.807
1.806
1.797
1.789
1.789
1.779
1.779
1.769
1.77
1.759
1.752
1.751
1.743
1.743
1.742
1.733
1.734
1.732
1.725
1.717
1.717
1.717
1.716
1.708
1.708
1.7
1.708
1.701
1.702
1.703
1.701
1.681
1.674
1.667
1.672
1.664
1.673
1.875
3.345
3.33
4.195
5.289
8.183
8.183
8.183
8.183
8.183
8.183
8.183
8.183
8.183
8.183
8.183
8.183
8.183
8.183
8.183
8.183
8.183
8.183
8.183
8.183
8.183
8.183
8.183
8.183
8.183
8.183
8.183
8.183
8.183
8.183
8.183
8.183
8.183
8.183
8.183
8.183
8.183
8.183
8.183
8.183
8.183
8.183
8.183
8.183
8.183
8.183
2.984
2.949
2.904
2.874
2.834
2.81
2.761
2.743
2.703
2.676
2.651
2.616
2.591
2.566
2.542
2.517
2.482
2.465
2.443
2.417
2.392
2.377
2.36
2.334
2.321
2.325
2.336
2.338
2.278
2.252
2.218
2.203
2.173
2.15
2.164
2.164
2.209
2.214
2.249
2.249
2.284
2.284
2.318
2.327
2.36
2.361
2.399
2.408
2.448
2.449
2.483
2.488
2.539
2.538
2.588
2.594
2.64
2.656
2.7
2.708
2.758
2.766
2.82
2.829
2.89
2.906
2.962
2.981
3.042
3.058
3.128
3.133
3.219
3.226
3.311
3.318
3.408
3.425
3.508
3.536
3.622
3.648
3.756
3.783
3.887
3.915
4.03
4.054
4.191
4.215
4.36
4.396
4.552
4.595
4.761
4.804
4.99
5.04
5.26
5.306
5.534
5.595
5.86
5.91
6.292
6.831
7.197
7.313
7.567
7.551
7.622
7.634
8.183
8.187
8.183
8.183
8.183
7.621
8.183
8.183
8.187
8.187
8.183
8.183
7.545
7.526
7.507
7.507
8.187
7.502
7.52
7.538
7.462
7.454
7.5
7.495
7.487
7.498
7.509
7.498
7.529
8.187
8.187
8.187
8.183
8.183
8.187
8.183
8.183
8.187
8.183
8.183
8.183
8.183
7.594
7.554
7.322
7.323
7.348
6.519
6.086
6.002
5.634
5.561
5.243
5.161
4.899
4.84
4.603
4.51
4.474
4.471
4.496
4.504
4.336
4.297
4.113
4.073
3.534
3.536
3.411
3.381
3.269
3.25
3.146
3.129
3.034
3.016
2.927
2.911
2.824
2.808
2.731
2.715
2.645
2.637
2.568
2.561
2.494
2.487
2.431
2.421
2.365
2.356
2.306
2.289
2.247
2.237
2.194
2.189
2.142
2.134
2.09
2.09
2.045
2.045
2.004
2.003
1.97
1.97
1.935
1.923
1.873
1.875
1.845
1.851
1.876
1.883
1.911
1.91
1.946
1.946
1.922
1.931
1.896
1.897
1.871
1.862
1.845
1.846
1.821
1.822
1.795
1.795
1.771
1.77
1.753
1.754
1.736
1.736
1.709
1.719
1.694
1.695
1.677
1.678
1.66
1.661
1.645
1.645
1.628
1.628
1.612
1.612
1.597
1.605
1.588
10.1046 13.5378 5.7156
