1 361
2.295
2.303
2.311
2.319
2.319
2.335
2.335
2.352
2.351
2.368
2.367
2.384
2.392
2.399
2.41
2.423
2.432
2.448
2.446
2.472
2.471
2.495
2.498
2.518
2.527
2.543
2.549
2.574
2.569
2.508
2.501
2.452
2.436
2.393
2.376
2.334
2.325
2.285
2.275
2.24
2.224
2.188
2.18
2.164
2.168
2.192
2.202
2.228
2.238
2.263
2.27
2.303
2.314
2.337
2.354
2.39
2.396
2.431
2.45
2.48
2.495
2.528
2.544
2.587
2.599
2.637
2.654
2.707
2.716
2.759
2.782
2.831
2.856
2.91
2.929
2.989
3.015
3.069
3.105
4.148
4.166
4.598
4.657
4.74
4.79
4.877
4.929
5.046
5.074
5.039
5.026
5.017
5.117
5.237
5.322
5.393
5.382
5.358
5.349
5.322
5.314
5.278
5.27
5.244
5.236
5.24
5.352
5.533
5.645
5.857
5.982
6.224
6.369
6.625
6.805
7.041
7.991
7.985
7.982
8.183
8.183
8.183
8.183
8.183
8.183
8.183
8.183
8.187
8.187
8.183
8.187
4.777
4.777
4.759
4.76
4.752
4.743
4.735
4.726
4.717
4.717
4.709
4.708
4.692
4.691
4.683
4.692
4.674
4.683
4.674
4.675
4.665
4.666
4.658
4.665
4.665
4.665
4.656
4.664
4.657
4.665
4.665
4.666
4.665
4.674
4.666
4.674
4.674
4.682
4.683
4.691
4.691
4.699
4.699
4.717
4.729
4.632
4.47
4.379
4.233
4.157
4.027
3.96
3.84
3.776
3.667
3.613
3.517
3.461
3.375
3.326
3.248
3.203
3.127
3.085
3.015
2.988
2.918
2.882
2.821
2.788
2.73
2.706
2.655
2.628
2.577
2.562
2.51
2.485
2.444
2.42
2.383
2.362
2.318
2.304
2.271
2.254
2.216
2.201
2.175
2.156
2.131
2.112
2.087
2.07
2.041
2.033
2.006
1.99
1.965
1.956
1.93
1.916
1.896
1.88
1.863
1.854
1.828
1.82
1.787
1.761
1.744
1.734
1.72
1.738
1.754
1.782
1.796
1.838
1.905
1.923
2.02
3.749
3.839
3.893
3.948
3.998
4.048
4.111
4.159
4.209
4.259
8.183
8.183
8.183
8.183
8.183
8.183
8.183
8.183
8.183
8.183
8.183
8.183
8.183
6.676
6.655
6.675
6.811
6.974
7.107
7.287
7.431
7.639
7.809
8.019
8.183
8.183
8.183
8.183
8.183
8.183
8.183
8.183
8.183
8.183
8.183
8.183
8.183
8.183
8.183
8.183
8.183
8.183
8.183
8.183
8.183
8.183
8.183
8.183
8.183
8.183
8.183
8.183
8.183
5.846
5.848
5.843
5.84
5.827
5.838
5.829
5.84
5.837
5.836
5.835
5.84
5.84
5.828
5.841
5.842
5.846
5.851
5.855
5.853
5.851
5.858
5.871
5.872
5.605
5.341
5.031
4.813
4.449
4.259
4.059
3.888
3.725
3.566
3.436
3.313
2.465
2.448
2.374
2.379
2.389
2.578
2.521
2.444
2.4
2.347
-0.265917 13.5246 3.02211
