1 361
6.086
6.101
6.127
6.153
6.179
6.195
6.221
6.256
6.274
6.299
6.323
5.585
5.468
5.396
5.306
5.212
5.13
4.981
4.9
4.644
4.557
4.488
4.436
4.396
4.36
4.595
4.776
4.769
4.706
4.532
4.139
4.023
3.95
3.907
3.873
3.841
3.86
4.044
3.462
3.411
3.371
3.337
3.312
3.279
3.245
3.22
3.187
3.162
3.136
3.11
3.085
3.06
3.04
3.017
3
2.974
2.949
2.931
2.905
2.889
2.864
2.846
2.831
2.814
2.797
2.772
2.764
2.747
2.73
2.713
2.695
2.686
2.677
2.666
2.648
2.632
2.616
2.607
2.59
2.582
2.568
2.561
2.549
2.541
2.531
2.513
2.505
2.5
2.493
2.484
2.481
2.464
2.465
2.453
2.442
2.438
2.426
2.424
2.409
2.4
2.399
2.399
2.387
2.371
2.373
2.364
2.363
2.355
2.353
2.348
2.345
2.337
2.337
2.337
2.334
2.328
2.32
2.313
2.312
2.313
2.311
2.304
2.3
2.299
2.295
2.296
2.293
2.289
2.289
2.289
2.288
2.289
2.28
2.281
2.281
2.281
2.281
2.273
2.281
2.28
2.457
3.428
3.426
3.428
3.434
3.435
3.434
3.444
3.444
3.452
3.451
3.452
3.46
3.468
3.468
3.476
3.476
3.486
3.493
3.493
3.502
3.51
3.519
3.528
3.537
3.536
3.553
3.554
3.562
3.581
3.589
3.589
3.606
3.615
3.624
3.632
3.649
3.658
3.666
3.684
3.7
3.709
3.726
3.743
3.752
3.768
3.794
3.803
3.821
3.838
3.846
3.864
3.882
3.9
3.927
3.945
3.962
3.989
3.997
4.025
4.049
4.068
4.092
4.109
4.134
4.159
4.183
4.208
4.233
4.256
4.291
4.313
4.346
4.381
4.406
4.439
4.475
4.501
4.533
4.566
4.601
4.644
4.672
4.622
4.579
4.539
4.497
4.461
4.419
4.387
4.355
4.314
4.277
4.247
4.215
4.189
4.157
4.131
4.099
4.065
4.04
4.015
3.989
3.966
3.939
3.921
3.888
3.871
3.843
3.829
3.802
3.794
3.767
3.75
3.724
3.708
1.521
1.525
1.517
1.509
1.5
1.5
1.483
1.483
1.475
1.476
1.466
1.458
1.449
1.449
1.44
1.44
1.432
1.432
1.423
1.423
1.414
1.414
1.414
1.407
1.398
1.398
1.398
1.389
1.389
1.389
1.38
1.381
1.381
1.372
1.372
1.372
1.372
1.363
1.363
1.363
1.363
1.364
1.356
1.356
1.357
1.358
1.35
1.352
1.353
1.348
1.35
1.353
1.348
1.351
1.352
1.353
1.354
1.354
1.352
1.35
1.347
1.354
1.351
1.349
1.353
1.352
1.35
1.357
1.348
1.355
1.355
1.354
1.363
1.363
1.363
1.372
1.372
1.372
1.372
1.372
1.372
1.381
1.38
1.38
1.389
1.389
1.388
1.397
1.398
1.407
1.406
1.406
1.415
1.424
1.424
1.424
1.432
1.433
1.441
1.441
1.45
1.45
1.459
1.467
1.467
13.5446 7.37855 0.521033
