1 361
0.99
1.003
1.008
0.99
0.989
0.981
0.98
0.973
0.973
0.965
0.956
0.946
0.946
0.946
0.939
0.938
0.929
0.921
0.921
0.912
0.913
0.902
0.903
0.894
0.903
0.893
0.893
0.884
0.894
0.885
0.885
0.877
0.877
0.859
0.868
0.859
0.859
0.859
0.86
0.851
0.851
0.851
0.85
0.837
0.845
0.843
0.843
0.834
0.834
0.834
0.834
0.825
0.826
0.826
0.825
0.826
0.825
0.818
0.818
0.818
0.818
0.81
0.81
0.809
0.81
0.81
0.811
0.802
0.813
0.805
0.81
0.816
1.242
2.228
3.48
3.516
3.517
3.516
3.526
3.516
3.524
3.515
3.525
3.526
3.535
3.536
3.535
3.535
3.543
3.543
3.552
3.551
3.56
3.558
3.568
3.568
3.577
3.576
3.591
3.593
3.603
3.61
3.619
3.627
3.634
3.635
3.652
3.66
3.669
3.676
3.695
3.693
3.712
3.718
3.727
3.736
3.763
3.761
3.786
3.788
3.813
3.812
3.831
3.847
3.865
3.875
3.892
3.909
3.928
3.945
3.962
3.981
4.007
4.013
4.049
4.058
4.084
4.1
4.125
4.142
4.166
4.192
4.216
4.233
4.274
4.282
4.324
4.34
4.374
4.391
4.434
4.452
4.493
4.501
4.542
4.578
4.623
4.635
4.556
4.693
4.77
4.792
4.837
4.869
4.92
4.945
4.997
5.029
5.085
5.121
5.183
5.219
5.278
5.312
5.38
5.421
5.497
5.532
5.609
5.663
5.744
5.787
5.872
5.921
6.013
6.072
6.167
6.22
6.317
6.385
6.487
6.551
6.663
6.74
6.856
6.937
7.064
7.152
2.758
2.749
2.742
2.726
2.716
2.701
2.721
2.764
2.821
2.864
2.932
2.966
3.059
3.099
3.176
3.232
3.319
3.381
3.471
3.532
3.646
3.722
3.85
3.93
4.058
4.152
4.308
4.403
4.582
4.692
4.91
4.938
4.929
4.915
4.916
4.899
4.89
4.887
4.88
4.872
4.856
4.857
4.856
4.847
4.846
4.84
4.839
4.822
4.822
4.823
4.821
4.815
4.813
4.806
4.806
4.798
4.805
4.804
4.804
4.806
4.805
4.804
4.814
4.803
4.811
4.821
4.82
4.821
4.827
4.823
4.835
4.837
4.847
4.847
4.853
4.862
4.87
4.873
4.886
4.89
4.892
4.899
4.789
4.635
4.421
4.29
4.106
3.999
3.834
3.759
3.614
3.537
3.408
3.336
3.24
3.174
3.066
3.009
2.923
2.878
2.795
2.755
2.67
2.644
2.562
2.534
2.463
2.428
2.371
2.368
2.385
2.385
2.401
2.401
2.418
2.424
2.442
2.45
2.464
2.475
2.489
2.505
2.523
2.522
2.547
2.556
2.572
2.588
2.606
2.616
2.642
2.65
2.675
2.685
2.703
2.718
2.743
2.752
2.779
2.794
2.819
2.836
2.863
2.88
2.906
2.923
2.95
2.968
3.003
3.021
3.051
3.039
3.001
2.991
2.959
2.944
2.917
2.897
2.875
2.856
2.825
2.819
2.792
-3.38666 10.7726 3.63228
