1 361
8.183
8.183
8.183
8.183
8.183
8.183
8.183
8.183
8.183
8.183
8.183
8.183
8.183
8.187
8.183
8.183
8.183
8.183
8.183
8.183
8.183
8.183
8.183
8.183
8.183
8.119
8.015
7.61
7.536
7.188
7.11
6.82
6.827
6.857
6.849
6.562
6.509
5.863
5.81
5.602
5.572
5.379
5.334
5.157
5.123
4.968
4.932
4.779
4.751
4.612
4.578
4.449
4.442
4.319
4.3
4.181
4.165
4.058
4.067
4.102
4.11
4.1
4.067
3.975
3.967
3.878
3.87
3.792
3.772
3.706
3.679
3.605
3.599
3.291
3.285
3.258
3.248
3.188
3.18
3.122
3.113
3.069
3.061
3.007
2.999
2.956
2.946
2.904
2.903
2.851
2.851
2.812
2.803
2.761
2.76
2.729
2.719
2.684
2.684
2.651
2.649
2.617
2.615
2.576
2.574
2.549
2.544
2.518
2.519
2.485
2.487
2.462
2.461
2.437
2.428
2.413
2.412
2.389
2.388
2.363
2.362
2.346
2.345
2.32
2.329
2.305
2.305
2.288
2.289
2.27
2.27
2.253
2.253
2.235
2.235
2.227
2.227
2.211
2.211
2.2
2.2
2.183
2.193
2.174
2.174
2.165
2.164
2.134
2.135
2.128
2.13
2.248
2.275
2.27
2.269
2.26
2.27
2.251
2.261
2.243
2.252
2.234
2.243
2.236
2.236
2.227
2.236
2.228
2.228
2.221
2.23
2.225
2.226
2.223
2.225
2.219
2.226
2.227
2.225
2.222
2.231
2.229
2.228
2.227
2.228
2.236
2.235
2.236
2.243
2.242
2.243
2.244
2.252
2.252
2.261
2.261
2.27
2.276
2.273
2.122
2.121
2.12
2.129
2.141
2.156
2.157
2.167
2.174
2.174
2.183
2.183
2.194
2.201
2.209
2.209
2.218
2.218
2.227
2.236
2.245
2.254
2.255
2.261
2.273
2.269
1.896
1.852
1.653
1.663
1.656
1.657
1.646
1.646
1.64
1.646
1.631
1.636
1.631
1.63
1.622
1.628
1.621
1.621
1.613
1.622
1.611
1.622
1.612
1.612
1.613
1.611
1.604
1.613
1.603
1.611
1.603
1.605
1.605
1.612
1.605
1.613
1.605
1.613
1.604
1.611
1.603
1.611
1.614
1.623
1.611
1.636
3.085
3.11
3.154
3.17
3.184
3.212
3.497
3.52
3.581
3.599
3.656
3.678
3.746
3.775
3.825
3.869
3.932
3.963
4.047
4.049
4.006
4.004
3.97
4.004
4.123
4.153
4.245
4.287
4.387
4.423
4.529
4.571
4.694
4.734
4.859
4.908
5.042
5.091
5.252
5.31
5.479
5.54
5.844
7.27
7.51
7.586
7.865
7.99
8.014
8.004
7.969
7.958
7.928
7.917
7.889
7.943
8.183
8.183
8.183
8.183
8.183
8.183
8.183
8.183
8.183
8.183
8.183
8.183
8.183
8.183
8.191
8.191
8.187
8.191
8.191
8.183
8.183
8.183
8.183
8.183
8.183
8.183
8.183
8.183
8.183
8.183
8.183
8.183
8.183
8.183
4.26789 9.04817 0.985963
