1 361
0.894
0.895
0.887
0.878
0.877
0.869
0.86
0.86
0.859
0.851
0.85
0.843
0.833
0.824
0.833
0.816
0.816
0.808
0.807
0.798
0.799
0.79
0.79
0.791
0.791
0.783
0.784
0.774
0.782
0.767
0.774
0.767
0.767
0.758
0.758
0.75
0.75
0.75
0.75
0.743
0.742
0.733
0.743
0.733
0.733
0.726
0.725
0.726
0.725
0.718
0.717
0.709
0.718
0.713
0.713
0.719
0.741
0.823
0.836
0.881
0.918
1.014
1.06
1.151
1.21
1.349
1.438
1.616
1.69
1.952
2.228
2.631
2.917
3.379
3.413
3.407
3.415
3.407
3.407
3.407
3.407
3.407
3.407
3.409
3.417
3.417
3.417
3.416
3.425
3.425
3.433
3.424
3.434
3.432
3.44
3.446
3.456
3.455
3.466
3.465
3.472
3.481
3.48
3.49
3.498
3.497
3.516
3.516
3.524
3.533
3.542
3.551
3.568
3.567
3.585
3.586
3.602
3.61
3.627
3.636
3.643
3.651
3.677
3.687
3.703
3.711
3.727
3.743
3.761
3.769
3.788
3.806
3.82
3.838
3.866
3.874
3.901
3.91
3.937
3.955
3.972
3.989
4.015
4.032
4.058
4.075
4.108
4.125
4.16
4.174
4.208
4.235
4.267
4.284
4.325
4.343
4.358
4.391
4.444
4.476
4.413
4.403
4.575
4.614
4.646
4.681
4.725
4.758
4.804
4.837
4.878
4.922
4.973
5.014
5.064
5.102
5.151
5.201
5.261
5.313
5.369
5.428
5.497
5.551
5.621
5.675
5.743
5.813
5.887
5.945
6.029
6.106
6.193
6.27
6.361
6.434
6.545
6.631
6.731
6.828
6.935
7.043
7.154
2.613
2.604
2.589
2.586
2.57
2.563
2.556
2.608
2.65
2.71
2.753
2.818
2.867
2.944
2.999
3.067
3.132
3.224
3.296
3.385
3.465
3.564
3.659
3.778
3.877
4.019
4.133
4.282
4.418
4.592
4.767
4.806
4.793
4.784
4.785
4.777
4.768
4.759
4.75
4.75
4.743
4.734
4.724
4.724
4.726
4.717
4.715
4.707
4.698
4.699
4.697
4.7
4.692
4.702
4.692
4.693
4.692
4.699
4.699
4.7
4.69
4.7
4.697
4.705
4.707
4.713
4.713
4.723
4.726
4.732
4.728
4.738
4.741
4.749
4.757
4.764
4.765
4.776
4.786
4.793
4.794
4.814
4.822
4.755
4.594
4.436
4.295
4.137
4.028
3.896
3.801
3.695
3.601
3.498
3.422
3.321
3.258
3.174
3.123
3.036
2.979
2.914
2.868
2.799
2.752
2.694
2.651
2.597
2.554
2.5
2.467
2.42
2.385
2.342
2.315
2.325
2.335
2.351
2.36
2.377
2.385
2.401
2.407
2.423
2.437
2.456
2.464
2.49
2.497
2.514
2.53
2.556
2.563
2.589
2.597
2.624
2.631
2.66
2.677
2.694
2.718
2.737
2.752
2.779
2.796
2.828
2.847
2.871
2.899
2.925
2.942
2.979
3.006
3.029
3.057
3.042
3.025
3
-3.54624 10.6885 3.62739
