1 361
3.668
3.694
3.694
3.711
3.702
3.727
3.727
3.753
3.753
3.779
3.779
3.804
3.795
3.831
3.831
3.857
3.857
3.893
3.884
3.919
3.919
3.946
3.946
3.99
3.989
4.016
4.014
4.059
4.057
4.099
4.098
4.133
4.133
4.182
4.182
4.23
4.229
4.279
4.279
4.336
4.335
4.384
4.384
4.446
4.446
4.497
4.505
4.556
4.564
4.623
4.633
4.693
4.701
4.764
4.772
4.843
4.851
4.919
4.927
4.912
4.903
4.826
4.818
4.741
4.74
4.671
4.662
4.6
4.593
4.526
4.527
4.471
4.46
4.411
4.401
4.352
4.344
4.302
4.286
4.236
4.24
4.191
4.183
4.145
4.136
4.095
4.095
4.055
4.056
4.022
4.014
1.83
1.821
1.825
1.825
1.806
1.807
1.79
1.79
1.781
1.781
1.764
1.764
1.746
1.755
1.738
1.738
1.729
1.73
1.72
1.721
1.712
1.704
1.696
1.695
1.695
1.695
1.687
1.687
1.678
1.679
1.671
1.671
1.662
1.662
1.655
1.654
1.655
1.655
1.646
1.646
1.647
1.64
1.64
1.64
1.641
1.641
1.637
1.638
1.642
1.635
1.632
1.64
1.63
1.638
1.632
1.632
1.639
1.639
1.635
1.642
1.636
1.635
1.632
1.641
1.637
1.644
1.642
1.642
1.641
1.64
1.648
1.649
1.648
1.648
1.657
1.657
1.657
1.665
1.664
1.674
1.674
1.674
1.682
1.681
1.69
1.69
1.698
1.698
1.707
1.706
1.714
1.714
1.723
1.723
1.731
1.74
1.739
1.749
1.757
1.757
1.766
1.774
1.783
1.783
1.792
1.8
1.809
1.808
1.826
1.834
1.843
1.843
1.859
1.867
1.876
1.885
1.902
1.909
3.565
3.555
3.476
3.468
3.385
3.384
3.302
3.303
3.265
3.273
3.292
3.301
3.335
3.353
3.574
3.566
3.499
3.49
3.423
3.415
3.363
3.372
3.412
3.421
3.462
3.469
3.51
3.527
3.574
3.59
3.794
3.795
3.749
3.742
3.698
3.701
5.378
5.37
5.317
5.318
5.229
5.226
5.21
5.21
5.195
5.198
5.192
5.197
5.184
5.193
5.179
5.186
5.201
5.297
6.361
6.387
6.523
6.55
6.705
6.74
6.903
6.944
7.116
7.157
6.2
6.232
6.258
6.204
4.472
4.473
4.431
4.431
4.387
4.387
4.353
4.352
4.319
4.32
4.285
4.287
4.255
4.253
4.221
4.22
4.197
4.196
4.172
4.172
4.148
4.148
4.13
4.13
4.107
4.106
4.09
4.09
4.072
4.073
4.056
4.055
4.048
4.049
4.03
4.032
4.024
4.024
4.007
4.015
4.01
4.011
4.003
4.005
4
4
3.994
3.994
3.987
3.997
3.981
3.99
3.984
3.993
3.983
3.99
3.988
3.987
3.993
3.992
3.991
4
3.997
4.005
4.011
4.012
4.019
4.019
4.027
4.027
4.034
4.044
4.043
4.053
4.062
4.069
4.07
4.08
4.088
4.095
4.105
4.114
4.132
4.14
1.82958 -1.54392 0.41168
