1 361
5.571
5.513
5.473
5.404
5.338
5.294
5.247
5.241
5.036
4.978
4.933
4.912
4.899
4.868
4.83
4.86
5.195
5.165
5.151
5.19
4.944
4.89
4.878
4.842
4.772
4.683
4.689
4.683
4.659
4.717
4.827
5.031
5.135
5.209
4.751
4.124
4.108
4.083
4.072
4.056
4.032
4.02
4.004
3.988
3.978
3.961
3.943
3.934
3.925
3.909
3.9
3.885
3.877
3.869
3.86
3.842
3.834
3.825
3.817
3.81
3.81
3.801
3.791
3.783
3.775
3.767
3.758
3.757
3.755
3.749
3.742
3.735
3.732
3.722
3.724
3.726
3.718
3.718
3.708
3.709
3.71
3.711
3.712
3.708
3.706
3.708
3.701
3.706
3.705
3.707
3.705
3.703
3.709
3.71
3.712
3.712
3.717
3.72
3.722
3.731
3.73
3.738
3.739
3.737
3.745
3.745
3.753
3.762
3.763
3.769
3.778
3.785
3.793
3.825
4.976
4.984
5.002
5.011
5.027
5.036
5.051
5.07
5.075
5.092
5.101
5.116
5.135
5.15
5.166
5.182
5.198
5.216
5.24
5.258
5.274
5.292
5.318
5.341
5.36
5.388
5.404
5.428
5.446
5.472
5.497
5.522
5.557
5.582
5.608
5.635
5.662
5.698
5.724
5.76
5.785
5.821
5.853
5.888
5.921
5.963
5.997
6.038
6.078
6.121
6.155
6.206
6.241
6.173
6.104
6.041
5.982
5.915
5.869
5.808
5.756
3.009
2.992
2.956
2.93
2.921
2.896
2.871
2.846
2.821
2.803
2.78
2.761
2.747
2.729
2.711
2.685
2.677
2.651
2.633
2.625
2.607
2.591
2.574
2.558
2.55
2.533
2.526
2.5
2.492
2.483
2.467
2.45
2.442
2.433
2.425
2.408
2.4
2.392
2.375
2.366
2.357
2.349
2.34
2.332
2.324
2.315
2.307
2.299
2.299
2.282
2.282
2.273
2.264
2.255
2.255
2.247
2.238
2.238
2.229
2.229
2.22
2.211
2.211
2.211
2.202
2.202
2.193
2.184
2.184
2.184
2.175
2.175
2.176
2.167
2.841
2.862
2.885
2.957
3.011
3.104
3.417
3.421
3.433
3.419
3.478
3.56
3.869
3.983
3.973
3.759
3.964
3.974
3.964
3.457
3.22
3.221
3.215
3.216
3.217
3.164
3.222
3.747
3.93
3.911
3.427
3.3
3.257
3.261
3.659
3.493
3.371
3.236
3.224
3.229
3.234
3.241
3.256
3.26
3.849
3.726
3.591
3.476
3.371
3.263
3.174
3.182
3.189
3.19
3.207
3.215
3.224
3.233
3.241
3.258
3.258
3.275
3.622
3.57
3.528
3.486
3.436
3.405
3.358
3.322
3.34
7.901
7.938
7.973
8.013
8.037
8.075
8.118
8.158
8.183
8.183
8.183
8.183
8.183
8.183
4.928
4.859
4.84
4.806
4.703
4.683
4.668
4.651
4.634
4.618
4.61
4.594
4.578
4.568
4.552
4.534
4.531
4.74
5.339
5.373
5.416
5.468
5.509
5.561
5.606
5.659
5.703
12.295 6.08113 0.937608
