1 361
1.561
1.561
1.568
1.574
1.573
1.588
1.588
1.595
1.602
1.609
1.623
1.628
1.626
1.64
1.638
1.654
1.653
1.669
1.676
1.691
1.69
1.706
1.714
1.73
1.739
1.748
1.766
1.785
1.794
1.813
1.833
1.849
1.868
1.886
1.905
1.932
1.942
1.977
1.997
2.015
2.032
2.049
2.068
2.087
2.105
2.124
2.132
2.151
2.17
2.196
2.204
2.23
2.238
2.265
2.281
2.308
2.323
2.348
2.365
2.399
2.414
2.45
2.456
2.496
2.52
2.553
2.57
2.612
2.636
2.671
2.698
2.732
2.766
2.807
2.831
2.883
2.91
2.962
2.99
3.051
3.078
3.128
3.164
3.224
3.267
3.288
3.317
4.814
4.812
4.789
4.787
4.771
4.77
4.755
4.752
4.732
4.734
4.741
4.816
4.721
4.715
4.69
4.683
4.731
4.837
5
5.111
5.286
5.403
5.596
5.739
5.957
6.106
6.346
6.529
6.817
7.03
7.351
7.607
8.009
8.183
8.183
8.183
8.183
8.183
8.183
8.187
8.187
8.187
8.187
8.183
8.183
8.183
8.183
8.183
8.183
8.183
8.183
8.183
8.183
8.183
8.183
8.183
8.183
8.183
8.183
8.183
8.183
8.183
8.183
8.183
8.183
8.183
8.183
8.183
8.183
8.183
8.183
8.183
8.183
8.183
8.183
7.983
7.461
7.462
7.475
6.96
6.414
6.183
5.911
5.748
5.522
5.385
5.187
5.058
4.894
4.784
4.588
4.606
4.617
4.633
4.594
4.493
4.381
4.303
4.142
3.701
3.648
3.595
3.506
3.469
3.378
3.33
3.264
3.213
3.14
3.103
3.033
2.997
2.936
2.901
2.841
2.808
2.749
2.732
2.672
2.655
2.604
2.578
2.536
2.513
2.472
2.442
2.405
2.388
2.347
2.331
2.297
2.282
2.247
2.229
2.203
2.186
2.161
2.134
2.109
2.099
2.071
2.062
2.035
2.004
1.975
1.967
1.946
1.967
1.984
2
2.016
2.035
2.056
2.048
2.028
2.019
1.994
1.985
1.968
1.95
1.933
1.926
1.908
1.9
1.891
1.884
1.866
1.858
1.84
1.841
1.825
1.816
1.806
1.798
1.782
1.782
1.774
1.763
1.756
1.747
1.73
1.729
1.721
1.722
1.704
1.702
1.686
1.686
1.678
1.678
1.661
1.67
1.653
1.653
1.644
1.644
1.628
1.636
1.629
1.468
1.452
1.452
1.443
1.443
1.435
1.453
1.449
1.454
1.437
1.446
1.437
1.437
1.437
1.437
1.429
1.429
1.429
1.419
1.42
1.421
1.411
1.42
1.411
1.42
1.404
1.412
1.404
1.404
1.406
1.41
1.398
1.406
1.402
1.401
1.392
1.401
1.392
1.383
1.392
1.41
1.4
1.41
1.402
1.407
1.402
1.408
1.406
1.412
1.404
1.412
1.411
1.412
1.411
1.42
1.42
1.42
1.42
1.42
1.429
1.429
1.429
1.438
1.437
1.447
1.447
1.446
1.446
1.449
1.457
1.463
1.463
1.472
1.472
1.48
6.67782 13.1106 0.30785
