1 361
4.951
4.896
4.878
4.984
5.002
5.094
5.117
5.212
5.218
5.175
5.16
5.11
5.092
5.053
5.044
5.001
4.982
4.943
4.991
5.092
5.123
5.25
5.282
5.419
5.458
5.607
5.643
5.796
5.846
6.023
6.066
6.245
6.309
6.504
6.571
7.129
7.21
7.53
7.56
7.535
7.524
7.792
4.293
4.264
4.255
4.223
4.215
4.199
4.191
4.157
4.158
4.134
4.126
4.101
4.092
4.076
4.066
4.051
4.049
4.033
4.025
4.007
4.007
3.991
3.981
3.974
3.966
3.956
3.947
3.939
3.939
3.921
3.911
3.904
3.903
3.895
3.895
3.886
3.886
3.869
3.869
3.869
3.861
3.862
3.862
3.853
3.855
3.844
3.844
3.845
3.844
3.84
3.861
3.691
3.643
3.316
3.231
2.902
2.858
2.597
2.562
2.296
2.272
2.113
2.103
1.959
1.941
1.814
1.808
1.698
1.69
1.588
1.591
1.511
1.508
1.429
1.432
1.356
1.356
1.298
1.298
1.238
1.238
1.186
1.186
1.133
1.141
1.091
1.101
1.058
1.058
1.016
1.017
0.975
0.985
0.943
0.954
0.919
0.918
0.885
0.893
0.868
0.867
0.835
0.835
0.817
0.817
0.793
0.793
0.77
0.777
0.753
0.753
0.73
0.739
0.712
0.722
0.696
0.705
0.681
0.688
0.664
0.673
0.658
0.657
0.606
0.615
0.599
0.608
0.59
0.589
0.581
0.59
0.564
0.573
0.566
0.567
0.58
0.586
0.588
0.596
0.596
0.603
0.611
0.612
0.629
0.628
0.637
0.644
0.676
0.686
0.759
0.76
0.752
0.761
0.803
0.803
2.82
2.839
2.902
2.929
2.991
3.02
3.08
3.106
8.183
8.183
8.183
8.183
8.183
8.183
8.183
8.183
8.183
8.183
8.183
8.183
8.183
5.594
5.562
5.554
5.594
5.663
5.877
5.957
6.197
6.287
6.562
6.663
6.97
7.11
7.461
7.588
7.977
8.102
8.076
8.076
8.048
8.046
8.022
8.024
7.994
7.996
7.976
7.981
7.97
7.966
7.943
7.948
7.934
7.936
7.92
7.92
7.904
7.91
7.899
7.897
7.902
7.902
7.893
7.905
7.894
7.905
7.893
7.907
7.091
6.45
5.244
4.959
4.951
4.952
4.95
4.968
4.966
4.971
4.97
4.975
4.985
4.994
5.002
5
5.009
5.019
5.027
5.031
5.041
5.047
5.058
5.064
5.082
5.091
5.108
5.114
5.122
5.136
5.062
4.986
4.801
4.742
4.56
4.503
4.349
4.299
4.15
4.098
3.964
3.918
3.797
3.757
3.648
3.609
3.519
3.485
3.391
3.35
3.278
3.243
3.169
3.137
3.066
3.039
2.969
2.952
2.891
2.864
2.805
2.782
2.73
2.705
2.66
2.635
2.592
2.566
2.526
2.511
2.469
2.455
2.412
2.396
2.362
2.347
2.312
2.194
2.023
2.015
1.986
1.984
1.956
1.939
1.945
1.951
2.056
2.096
2.07
2.06
2.035
2.031
2.003
1.994
1.969
1.969
-1.48326 13.3282 3.66077
