1 361
5.56
5.505
5.466
5.409
5.33
5.287
5.237
5.244
5.035
4.994
4.937
4.916
4.887
4.862
4.833
4.848
5.198
5.165
5.155
5.162
4.934
4.883
4.864
4.794
4.717
4.662
4.644
4.631
4.61
4.674
4.827
5.025
5.163
5.22
4.749
4.117
4.099
4.081
4.063
4.047
4.029
4.02
4.003
3.987
3.977
3.96
3.942
3.933
3.925
3.908
3.9
3.885
3.876
3.867
3.851
3.849
3.842
3.825
3.815
3.808
3.799
3.798
3.79
3.783
3.774
3.765
3.758
3.757
3.753
3.747
3.74
3.733
3.73
3.731
3.724
3.716
3.717
3.715
3.716
3.71
3.71
3.712
3.711
3.709
3.704
3.705
3.701
3.705
3.709
3.706
3.702
3.71
3.71
3.709
3.712
3.71
3.718
3.719
3.722
3.729
3.728
3.729
3.737
3.736
3.745
3.745
3.744
3.761
3.761
3.769
3.777
3.784
3.785
3.82
4.976
4.992
5.001
5.011
5.027
5.036
5.043
5.068
5.075
5.084
5.1
5.117
5.132
5.15
5.166
5.19
5.199
5.215
5.239
5.257
5.274
5.3
5.318
5.334
5.361
5.376
5.404
5.42
5.445
5.471
5.497
5.522
5.556
5.582
5.608
5.635
5.661
5.697
5.724
5.759
5.786
5.82
5.855
5.889
5.921
5.963
5.996
6.038
6.079
6.112
6.162
6.198
6.242
6.185
6.115
6.054
5.981
5.929
5.87
5.81
5.759
3.006
2.99
2.956
2.939
2.912
2.896
2.869
2.843
2.819
2.804
2.778
2.761
2.746
2.728
2.702
2.684
2.676
2.658
2.633
2.624
2.606
2.589
2.572
2.557
2.549
2.532
2.524
2.499
2.49
2.482
2.466
2.449
2.44
2.433
2.416
2.408
2.399
2.391
2.374
2.365
2.357
2.348
2.339
2.331
2.322
2.315
2.306
2.297
2.289
2.281
2.272
2.272
2.263
2.254
2.254
2.246
2.236
2.237
2.228
2.219
2.219
2.219
2.21
2.21
2.201
2.201
2.192
2.192
2.182
2.182
2.182
2.174
2.166
2.175
2.829
2.859
2.882
2.944
2.977
3.077
3.415
3.427
3.436
3.422
3.459
3.551
3.8
3.981
3.972
3.76
3.953
3.972
3.964
3.474
3.219
3.22
3.214
3.215
3.212
3.156
3.231
3.744
3.919
3.901
3.442
3.298
3.257
3.251
3.663
3.505
3.37
3.233
3.223
3.227
3.233
3.24
3.255
3.26
3.848
3.726
3.591
3.486
3.369
3.271
3.181
3.18
3.189
3.198
3.206
3.214
3.223
3.232
3.241
3.249
3.265
3.275
3.623
3.582
3.532
3.491
3.439
3.406
3.36
3.322
3.344
7.903
7.937
7.972
8.007
8.05
8.078
8.116
8.161
8.183
8.183
8.183
8.183
8.183
8.183
4.932
4.86
4.84
4.809
4.703
4.684
4.667
4.651
4.636
4.62
4.603
4.593
4.578
4.561
4.553
4.535
4.53
4.696
5.34
5.373
5.416
5.468
5.511
5.552
5.605
5.658
5.702
12.2949 6.08091 0.937608
