1 361
2.129
2.137
2.136
2.149
2.264
2.283
2.291
2.303
2.308
2.315
2.324
2.34
2.34
2.357
2.366
2.374
2.383
2.398
2.406
2.422
2.431
2.439
2.455
2.463
2.481
2.495
2.501
2.518
2.526
2.544
2.56
2.572
2.594
2.571
2.595
2.608
8.183
8.183
8.183
8.183
8.183
8.183
8.183
8.183
4.289
4.231
4.209
4.174
4.15
4.125
4.104
4.069
4.047
4.021
4.005
3.978
3.964
3.938
3.922
3.903
3.885
3.858
3.84
3.823
3.814
3.787
3.794
3.82
3.822
3.745
3.722
3.685
3.68
3.685
3.762
3.806
3.869
3.906
3.975
4.017
4.081
4.135
4.202
4.259
4.334
4.383
4.468
4.534
4.62
4.686
4.776
4.852
4.947
5.026
5.136
5.219
5.341
5.432
5.572
5.666
5.812
5.925
6.08
6.209
6.372
6.522
6.72
6.872
7.082
7.255
7.509
7.708
8.183
8.183
8.183
8.183
8.183
8.183
8.183
8.183
8.187
8.187
8.183
8.183
8.183
8.183
8.191
8.183
8.187
8.187
8.183
8.183
8.187
8.187
8.183
8.183
8.183
8.187
8.183
8.183
8.183
8.183
8.183
8.183
8.183
8.187
8.183
8.183
8.187
8.187
8.183
8.183
8.183
8.183
8.183
8.068
7.419
7.018
6.418
5.977
5.983
5.98
5.059
4.943
4.646
4.453
4.24
4.08
3.903
3.773
3.619
3.5
3.381
3.295
3.1
3.078
3.105
3.095
3.113
3.112
3.118
3.049
2.962
2.902
2.825
2.772
2.698
2.448
2.19
2.157
2.146
2.109
2.066
2.029
1.997
1.96
1.919
1.886
1.852
1.827
1.792
1.767
1.742
1.716
1.691
1.666
1.642
1.616
1.593
1.577
1.552
1.534
1.51
1.494
1.48
1.461
1.443
1.427
1.411
1.394
1.377
1.368
1.352
1.335
1.321
1.309
1.302
1.284
1.277
1.259
1.249
1.241
1.222
1.224
1.206
1.196
1.188
1.181
1.17
1.154
1.145
1.136
1.128
1.128
1.12
1.111
1.103
1.085
1.085
1.077
1.069
1.06
1.051
1.043
1.044
1.035
1.035
1.028
1.019
1.019
1.01
1.002
0.994
0.994
0.984
0.984
0.977
0.977
0.969
0.969
0.96
0.96
0.952
0.951
0.943
0.943
0.943
0.934
0.935
0.925
0.926
0.917
0.917
0.916
0.908
0.907
0.908
0.907
0.908
0.899
0.899
0.899
0.899
0.891
0.891
0.891
0.882
0.882
0.882
0.871
0.883
0.873
0.874
0.873
0.873
0.873
0.865
0.864
0.865
0.874
0.865
0.865
0.867
0.867
0.859
0.861
0.867
0.862
0.861
0.866
0.848
0.848
0.825
0.816
0.825
0.833
0.846
0.839
0.846
0.844
0.842
0.845
1.001
0.997
1.003
0.992
1.001
1.001
1
1
1
0.999
1.01
1.008
1.009
1.007
1.017
1.009
1.017
1.017
1.016
1.016
1.016
1.025
1.025
1.025
1.033
1.033
1.042
1.041
1.042
8.28004 13.6679 0.27002
