1 361
2.078
2.067
2.06
2.051
2.05
1.892
1.857
1.841
1.84
1.231
1.22
1.199
1.19
1.163
1.154
1.128
1.13
1.101
1.095
1.068
1.069
1.043
1.032
1.019
1.018
0.995
0.993
0.977
0.97
0.959
0.952
0.936
0.936
0.919
0.92
0.895
0.895
0.887
0.877
0.87
0.869
0.851
0.852
0.843
0.834
0.827
0.827
0.809
0.809
0.801
0.801
0.784
0.784
0.778
0.776
0.769
0.768
1.743
1.735
1.745
1.741
1.746
1.743
1.742
1.749
1.747
1.756
1.756
1.756
1.756
1.764
1.761
1.765
1.773
1.773
1.782
1.782
1.782
1.79
1.79
1.79
1.798
1.798
1.807
1.807
1.816
1.815
1.824
1.833
1.832
1.841
1.85
1.851
1.858
1.867
1.875
1.877
1.884
1.892
1.901
1.909
1.917
1.917
1.934
1.943
1.952
1.96
1.968
1.977
1.986
2.004
2.011
2.02
2.029
2.037
2.054
2.055
2.074
2.082
2.1
2.108
2.126
2.135
2.149
2.136
2.154
2.164
2.237
2.389
2.414
2.423
2.448
2.462
2.487
2.504
2.529
2.545
2.561
2.579
2.604
2.62
2.648
2.664
2.699
2.716
2.749
2.765
2.809
2.823
2.866
2.884
2.922
2.916
2.889
2.88
2.846
2.838
2.855
2.884
2.953
2.977
3.023
3.048
3.101
3.127
3.178
3.213
3.271
3.303
3.359
3.391
3.46
3.495
3.571
3.605
3.682
3.733
3.809
3.854
3.946
3.993
4.082
4.139
4.245
4.307
4.413
4.519
5.935
6.081
6.249
6.349
6.548
6.657
6.832
6.833
6.807
6.791
6.765
6.756
6.73
6.723
6.697
6.718
7.257
7.315
7.557
7.771
8.183
8.183
8.183
8.183
8.183
8.183
8.183
8.183
8.183
8.183
8.183
8.183
8.183
8.183
8.183
8.183
8.183
8.183
8.183
8.183
8.183
8.183
8.183
8.183
8.183
8.183
8.183
8.183
8.183
8.183
8.183
8.183
8.183
8.183
8.183
8.183
8.183
8.183
8.183
8.183
8.183
8.183
8.183
7.922
7.409
7.157
6.751
6.442
6.289
6.294
6.396
6.376
6.554
7.34
7.603
7.618
4.474
4.458
4.298
4.207
4.063
3.989
3.866
3.786
3.662
3.596
3.506
3.445
3.346
3.3
3.215
3.158
3.087
3.047
2.967
2.931
2.857
2.82
2.763
2.721
2.662
2.637
2.575
2.55
2.495
2.469
2.428
2.394
2.362
2.332
2.296
2.271
2.236
2.212
2.178
2.159
2.125
2.107
2.08
2.063
2.036
2.021
1.985
1.967
1.942
1.925
1.9
1.892
1.868
1.852
1.825
1.816
1.801
1.783
1.767
1.758
1.74
1.722
1.706
1.7
1.682
1.675
1.658
1.642
1.632
1.624
1.61
1.593
1.585
1.578
1.562
1.552
1.545
1.537
1.521
1.521
1.506
1.496
1.489
1.481
1.473
1.464
1.456
1.448
1.438
1.439
1.431
1.422
1.414
1.405
1.396
1.396
1.389
1.389
4.20272 10.0891 2.1311
