1 361
2.39
2.354
2.346
2.321
2.313
2.289
2.28
2.253
2.253
2.226
2.217
2.199
2.199
2.149
2.14
2.124
2.121
2.174
2.174
2.24
2.244
2.23
2.229
2.211
2.201
2.184
2.184
2.158
2.157
2.139
2.141
2.122
2.113
2.105
2.096
2.087
2.078
2.069
2.068
2.05
2.052
2.033
2.034
2.025
2.016
2.016
2.008
1.999
1.999
1.99
1.982
1.982
1.973
1.965
1.965
1.957
1.965
1.959
1.948
1.95
1.94
1.941
1.932
1.933
1.934
1.769
1.768
1.761
1.762
1.754
1.758
1.765
1.773
1.764
1.764
1.765
1.765
1.759
1.759
1.757
1.764
1.755
1.759
1.166
1.166
1.148
1.149
1.14
1.14
1.121
1.122
1.106
1.112
1.087
1.088
1.08
1.08
1.062
1.062
1.054
1.054
1.037
1.036
1.029
1.029
1.013
1.02
1.012
1.012
0.996
0.996
0.987
0.987
0.979
0.979
0.969
0.978
0.963
0.962
0.954
0.954
0.947
0.948
0.948
0.947
0.937
0.935
0.933
0.933
0.925
0.934
0.925
0.924
0.915
0.915
0.908
0.917
0.908
0.907
0.907
0.908
0.899
0.899
0.898
0.897
0.95
0.941
2.039
2.048
2.066
2.075
2.084
2.093
2.11
2.119
2.136
2.146
2.164
2.171
2.191
2.199
2.216
2.224
2.251
2.259
2.286
2.293
2.31
2.318
2.35
2.358
2.384
2.402
2.422
2.419
2.446
2.453
2.709
2.716
2.759
2.768
2.81
2.825
2.869
2.887
2.93
2.94
2.992
3
3.053
3.072
3.121
3.138
3.204
3.221
3.249
3.248
3.206
3.206
3.172
3.18
3.278
3.304
3.377
3.402
3.475
3.494
3.579
3.604
3.691
3.723
3.817
3.853
3.949
3.984
4.095
4.125
4.247
4.282
4.411
4.452
4.595
4.646
4.803
4.86
6.54
6.615
6.858
6.93
7.209
7.226
7.192
7.196
7.159
7.15
7.129
7.123
7.095
7.097
7.66
7.732
8.109
8.183
8.183
8.183
8.183
8.183
8.183
8.183
8.183
8.183
8.183
8.183
8.183
8.187
8.191
8.183
8.183
8.183
8.183
8.183
8.183
8.183
8.183
8.183
8.183
8.183
8.183
8.183
8.183
8.183
8.183
8.183
8.183
8.183
8.183
8.183
8.183
8.183
8.183
8.183
8.183
8.183
8.183
8.057
7.424
7.252
6.682
6.689
6.715
6.801
6.798
6.982
7.864
7.994
4.83
4.761
4.554
4.491
4.296
4.228
4.052
3.997
3.827
3.785
3.639
3.601
3.476
3.43
3.321
3.291
3.189
3.15
3.056
3.028
2.939
2.914
2.829
2.804
2.728
2.712
2.645
2.617
2.56
2.534
2.479
2.454
2.405
2.387
2.331
2.321
2.271
2.255
2.212
2.193
2.159
2.142
2.106
2.089
2.056
2.037
2.003
1.994
1.962
1.952
1.919
1.911
1.887
1.877
1.845
1.838
1.813
1.804
1.779
1.771
1.745
1.738
1.72
1.707
1.688
1.688
4.36666 9.73205 1.83603
