1 361
2.109
2.064
2.028
1.984
1.95
1.906
1.88
1.837
1.812
1.778
1.751
1.716
1.698
1.664
1.646
1.614
1.597
1.563
1.556
1.523
1.506
1.481
1.473
1.448
1.431
1.406
1.399
1.373
1.365
1.338
1.33
1.315
1.305
1.289
1.284
1.282
1.289
1.298
1.222
1.192
1.183
1.174
1.165
1.148
1.149
1.131
1.122
1.113
1.106
1.087
1.088
1.071
1.062
1.054
1.055
1.037
1.037
1.03
1.03
1.014
1.014
0.997
0.998
0.988
0.99
0.993
1.009
1.016
1.034
1.041
1.058
1.075
1.091
1.108
1.126
1.143
1.158
1.176
1.203
1.221
1.237
1.265
1.281
1.308
1.323
0.83
0.818
0.825
0.838
0.838
0.836
0.834
0.85
0.851
0.863
0.865
0.91
0.965
1.029
1.093
1.177
1.293
1.408
1.563
1.871
1.937
5.016
5.004
4.995
4.978
4.969
4.961
4.952
4.943
4.931
4.928
4.918
4.91
4.91
4.895
4.901
4.892
4.887
4.853
4.891
5.005
5.005
5.003
5.008
4.992
4.998
4.994
5
4.987
4.987
4.97
4.97
4.987
4.986
4.995
5.002
4.993
5
5.003
5.01
5.018
4.858
4.863
4.894
4.884
4.901
4.901
4.911
4.909
4.926
4.927
4.939
4.945
4.952
4.961
4.969
4.98
4.994
4.994
5.02
5.02
5.036
5.044
5.062
5.069
5.086
5.095
5.112
5.121
5.137
5.152
5.186
5.186
5.213
5.218
5.245
5.261
5.279
5.296
5.331
5.339
5.366
5.383
2.11
2.09
2.057
2.021
1.994
1.991
1.977
1.973
1.858
1.852
1.853
1.842
1.836
1.829
1.819
1.811
1.803
1.793
1.793
1.785
1.776
1.768
1.767
1.758
1.749
1.749
1.741
1.732
1.733
1.723
1.724
1.715
1.715
1.706
1.707
1.707
1.707
1.69
1.699
1.689
1.689
1.681
1.682
1.683
2.565
2.582
2.616
2.624
2.668
2.685
2.728
2.745
2.787
2.803
2.854
2.869
2.923
2.938
2.992
3.017
3.072
3.097
3.147
3.173
3.24
3.265
3.331
3.355
3.421
3.463
3.54
3.574
3.651
3.693
2.772
3.821
2.833
3.964
4.058
4.117
4.216
4.274
2.683
2.676
2.663
2.659
2.691
2.688
2.71
2.748
3.027
3.027
3.04
3.045
3.071
3.09
3.307
3.299
3.28
3.255
2.953
2.915
0.995
0.995
0.995
0.995
0.995
0.986
0.986
0.986
0.986
0.977
0.977
0.977
0.977
0.977
0.978
0.969
0.97
0.971
0.972
0.964
0.968
0.97
0.964
0.966
0.969
0.971
0.975
0.969
0.969
0.97
0.969
0.967
0.975
0.972
0.969
0.967
0.971
0.969
0.968
0.967
0.972
0.97
0.969
0.968
0.969
0.977
0.968
0.969
0.977
0.977
0.977
0.977
0.977
0.986
0.986
0.986
0.995
0.995
0.995
0.986
1.003
1.003
1.003
1.012
1.012
1.012
1.02
1.02
1.029
1.029
1.029
3.48984 1.97643 0.472208
