1 361
1.048
1.048
1.065
1.064
1.081
1.081
1.09
1.09
1.104
1.113
1.12
1.129
1.137
1.146
1.155
1.163
1.171
1.18
1.198
1.198
1.215
1.215
1.233
1.242
1.259
1.268
1.285
1.285
1.312
1.312
1.338
1.339
1.364
1.364
1.391
1.4
1.425
1.425
1.459
1.459
1.492
1.501
1.534
1.534
1.566
1.574
1.615
1.624
1.666
1.665
1.715
1.715
1.765
1.766
1.818
1.825
1.876
1.885
1.944
1.953
2.021
2.02
2.091
2.1
2.171
2.189
2.257
2.275
2.357
2.372
2.471
2.489
2.594
2.613
2.732
2.749
2.884
2.912
3.059
3.078
3.246
3.281
3.47
3.505
3.727
3.771
4.024
4.072
4.368
4.386
4.374
4.367
4.358
4.357
4.35
4.34
4.333
4.332
4.325
4.324
4.316
4.317
4.316
4.308
4.308
4.3
4.308
4.301
4.301
4.299
4.301
4.3
4.3
4.3
4.308
4.3
3.525
3.516
3.34
3.143
2.029
2.029
2.028
2.014
1.798
1.748
1.555
1.538
1.313
1.315
1.313
1.314
4.389
4.389
4.408
4.407
4.424
4.417
4.442
4.444
4.46
4.459
4.476
4.485
4.501
4.501
4.526
4.527
4.552
4.552
4.585
4.587
4.609
4.61
4.644
4.646
4.679
4.679
4.714
4.713
4.748
4.747
3.908
3.956
4.827
4.827
4.871
4.871
4.836
4.835
4.878
4.887
4.903
4.892
4.958
4.966
4.986
4.994
5.02
5.018
5.089
5.093
5.16
5.166
5.267
5.289
5.356
5.367
5.267
5.238
2.63
2.624
5.144
5.248
5.446
5.462
5.555
5.57
5.654
5.672
5.603
5.584
5.664
5.68
5.737
5.728
5.956
6.382
6.493
6.512
4.55
4.46
4.35
4.361
6.912
6.926
7.065
7.089
7.222
7.247
7.403
7.421
7.579
7.603
6.517
6.438
6.329
6.313
6.253
6.244
6.186
6.179
5.908
5.757
5.689
5.671
5.6
5.601
5.602
5.589
5.894
5.888
4.957
4.937
4.957
4.955
5.559
5.559
5.217
5.205
5.17
5.164
5.125
5.125
5.048
5.039
5.04
5.059
5.272
5.361
5.647
5.788
6.781
6.738
8.183
8.183
8.183
8.183
8.145
8.143
8.118
8.11
8.084
8.086
8.07
8.069
8.05
8.042
8.034
8.033
7.694
7.695
7.661
7.655
7.748
7.686
7.901
7.873
7.758
7.75
7.758
7.739
7.884
7.892
7.884
7.893
7.892
7.885
7.552
7.571
4.369
4.409
8.025
8.024
8.035
8.034
6.955
6.945
5.856
5.861
5.875
5.162
2.247
2.236
2.161
2.17
2.115
2.124
2.087
2.089
2.047
2.046
2.493
2.492
2.471
2.414
2.117
2.088
1.924
1.9
1.765
1.755
1.637
1.628
1.548
1.552
1.258
1.249
1.198
1.197
1.162
1.162
1.134
1.143
1.117
1.118
1.097
1.108
1.087
1.089
1.073
1.073
1.055
1.064
1.039
1.049
1.02
1.031
1.028
1.037
1.002
3.262 8.25479 2.58535
