1 361
0.752
0.759
0.76
0.761
0.76
0.767
0.767
0.767
0.767
0.766
0.767
0.773
0.774
0.774
0.774
0.78
0.78
0.789
0.78
0.789
0.789
0.796
0.797
0.804
0.804
0.803
0.812
0.81
0.811
0.818
0.818
0.828
0.828
0.838
0.837
0.845
0.846
0.853
0.854
0.862
0.863
0.871
0.871
0.877
0.878
0.886
0.886
0.895
0.894
0.905
0.905
0.914
0.912
0.93
0.929
0.937
0.946
0.955
0.955
0.964
0.972
0.98
0.98
0.998
0.998
1.015
1.014
1.031
1.031
1.048
1.047
1.064
1.072
1.089
1.089
1.107
1.115
1.133
1.133
1.158
1.159
1.176
1.185
1.203
1.212
1.23
1.238
1.265
1.274
1.29
1.299
1.326
1.335
1.361
1.37
1.395
1.404
1.437
1.447
1.48
1.488
1.522
1.537
1.57
1.587
1.62
1.636
1.676
1.702
1.737
1.762
1.804
1.83
1.881
1.906
1.956
1.982
2.052
2.076
2.148
2.176
2.251
2.286
2.377
2.418
2.508
2.558
2.652
2.711
2.83
2.889
3.012
3.091
3.244
3.333
3.511
3.61
3.617
3.617
3.608
3.608
3.59
3.589
3.581
3.581
3.572
3.572
3.564
3.564
3.564
3.564
3.556
3.556
3.547
3.556
3.547
3.547
3.547
3.547
3.547
3.546
3.546
3.556
3.546
3.556
3.556
3.564
3.556
3.565
3.565
3.557
2.778
2.788
2.766
2.696
2.551
2.253
2.085
1.997
1.85
1.777
1.673
1.713
1.318
1.295
1.306
1.306
1.36
1.309
1.364
1.351
1.289
1.279
3.717
3.725
3.735
3.752
3.761
3.778
3.787
3.795
3.813
3.822
3.84
3.848
3.867
3.884
3.894
3.911
3.92
3.947
3.954
3.981
3.991
4.006
4.025
4.049
4.068
4.083
4.101
4.124
4.142
4.168
4.193
4.208
3.291
3.31
4.282
4.307
4.243
4.263
4.296
4.328
4.357
4.338
4.398
4.416
4.442
4.457
4.472
4.492
4.546
4.584
4.622
4.652
4.693
4.759
4.826
4.856
4.822
4.792
4.745
4.721
4.656
4.631
4.669
5.036
5.009
4.991
5.042
5.082
5.142
5.212
5.195
5.253
5.323
5.35
5.308
2.219
2.195
2.216
6.221
5.705
6.483
6.551
4.065
4.078
6.84
4.076
3.996
3.995
7.263
7.352
6.904
6.895
6.876
6.864
7.294
6.676
6.529
5.652
5.588
5.569
5.526
5.532
5.682
5.507
5.474
5.42
5.44
5.499
5.558
5.492
8.187
6.355
6.246
5.71
4.971
4.802
4.778
4.828
4.963
5.2
4.836
4.896
5.081
5.078
5.06
5.069
5.096
5.108
5.366
5.496
4.947
4.958
4.91
4.746
4.748
8.144
8.125
8.127
5.175
5.267
5.89
5.896
8.103
8.104
8.096
8.018
7.249
7.188
7.107
7.105
7.103
7.172
7.23
7.647
7.654
7.528
7.279
7.174
7.229
7.142
7.123
7.272
7.762
7.763
7.731
8.153
8.183
8.187
2.77463 8.83057 2.2698
