1 361
0.673
0.673
0.682
0.681
0.689
0.688
0.696
0.698
0.704
0.705
0.714
0.713
0.721
0.72
0.727
0.736
0.736
0.735
0.752
0.752
0.752
0.758
0.766
0.775
0.774
0.783
0.791
0.799
0.807
0.806
0.815
0.823
0.833
0.841
0.849
0.858
0.867
0.866
0.883
0.893
0.891
0.9
0.909
0.926
0.934
0.941
0.95
0.959
0.975
0.982
1
1
1.024
1.032
1.048
1.065
1.113
1.164
1.177
1.16
1.172
1.176
1.194
1.203
1.221
1.229
1.246
1.254
1.273
1.266
5.154
5.124
5.088
5.068
5.026
4.827
4.785
4.79
4.754
4.737
4.7
4.683
4.65
4.631
4.599
4.582
4.548
4.53
4.505
4.49
4.471
4.446
4.429
4.411
4.394
4.367
4.36
4.334
4.317
4.3
4.284
4.267
4.252
4.235
4.227
4.21
4.202
4.186
4.169
4.159
4.153
4.135
4.121
4.111
4.11
4.095
4.077
4.077
4.07
4.059
4.053
4.043
4.023
4.012
4.015
4.153
4.15
4.14
4.141
4.134
4.126
4.128
4.128
4.119
4.12
4.111
4.11
4.103
4.103
4.095
4.096
4.09
4.09
4.093
4.085
4.087
4.088
4.082
4.09
4.097
4.019
3.94
3.948
3.961
3.961
3.97
3.978
3.968
3.977
3.976
3.984
3.984
3.991
3.992
4.001
4.01
4.018
4.019
4.027
4.028
4.043
4.044
4.06
4.061
4.07
4.071
4.095
4.096
4.111
4.111
4.129
4.137
4.154
4.16
4.178
4.178
4.203
4.203
4.226
4.237
4.261
4.262
4.293
4.293
4.326
4.327
4.36
4.368
4.394
4.403
4.43
4.437
4.473
4.48
4.507
4.497
4.652
4.728
4.754
4.772
4.814
4.823
1.187
1.196
1.177
1.168
1.151
1.142
1.123
1.115
1.097
1.081
1.084
1.087
1.079
1.067
1.055
1.065
1.069
1.061
1.01
0.996
0.963
0.964
0.957
0.957
0.958
0.956
0.957
0.946
0.956
0.947
0.947
0.947
0.939
0.948
0.94
0.941
0.94
0.942
0.934
0.942
0.936
0.93
0.933
0.939
0.934
0.929
0.932
0.928
0.934
0.934
0.93
0.93
0.936
0.933
0.936
0.932
0.925
0.933
0.936
0.932
0.937
0.936
0.942
0.933
0.942
0.932
0.94
0.94
0.94
0.939
0.938
0.946
0.945
0.945
0.956
0.955
0.954
0.954
0.953
0.963
0.963
0.963
0.962
0.971
0.98
0.972
0.979
0.978
0.979
3.59
3.79
3.894
4.123
4.249
4.513
4.671
4.876
4.874
2.111
4.859
2.128
4.844
4.839
2.685
2.631
2.601
2.236
2.24
2.2
2.195
2.191
2.201
2.225
2.224
2.289
2.339
2.887
2.889
2.887
2.886
2.91
2.917
2.621
2.593
2.563
2.56
2.558
2.548
2.221
2.071
1.907
1.908
1.903
1.906
1.869
1.868
1.861
1.861
1.859
1.859
1.857
1.858
1.856
1.857
1.857
1.856
1.859
1.857
1.868
4.3986 2.44605 0.387201
