1 361
1.77
1.803
1.802
1.828
1.836
1.87
1.87
1.905
1.912
1.947
1.947
1.989
1.998
2.033
2.041
2.084
2.093
2.129
2.137
2.192
2.192
2.244
2.251
2.303
2.31
2.37
2.375
2.434
2.441
2.507
2.522
2.588
2.606
2.674
2.692
2.767
2.784
2.865
2.883
2.977
2.996
3.091
3.118
3.22
3.245
3.359
3.384
3.512
3.546
3.597
3.597
3.579
3.57
3.562
3.554
3.536
3.527
3.519
3.51
3.501
3.492
3.485
3.476
3.469
1.158
1.133
1.135
1.124
1.126
1.151
3.424
1.077
1.081
1.164
1.177
3.409
3.409
1.694
1.667
2.482
2.235
2.66
2.581
3.388
3.388
3.395
3.386
3.386
3.386
3.395
3.395
3.395
3.395
3.395
3.395
3.402
3.402
3.411
3.402
3.41
3.411
3.418
3.417
3.427
3.417
3.435
3.426
3.442
3.442
3.452
3.451
3.469
3.468
3.476
3.476
3.493
3.493
3.511
3.511
3.528
3.528
3.545
3.546
3.571
3.571
3.589
3.589
3.616
3.616
3.633
3.632
3.658
3.657
3.683
3.692
3.709
3.718
3.735
3.742
3.769
3.76
2.915
2.921
3.838
3.839
3.874
3.874
3.902
3.872
3.863
3.872
3.898
3.907
3.937
3.922
3.977
3.978
4.001
4.009
4.034
4.034
4.061
4.072
4.131
4.147
4.196
4.204
4.254
4.276
4.37
4.378
4.38
4.363
4.296
4.283
4.214
4.206
4.147
4.131
4.53
4.537
4.597
4.613
4.712
4.732
1.72
1.728
1.703
1.72
4.795
4.819
4.843
4.83
4.898
5.09
5.668
5.695
5.799
5.434
5.95
5.976
3.609
3.564
3.56
3.558
3.529
3.623
6.632
6.667
6.827
6.866
6.371
6.379
5.61
5.588
5.543
5.533
5.491
5.484
5.45
5.434
5.4
5.391
5.35
5.092
4.978
4.967
4.941
4.931
4.98
4.97
5.056
5.201
5.171
5.165
5.143
5.137
4.346
4.275
4.253
4.259
5.043
5.042
4.572
4.576
4.555
4.558
4.529
4.525
4.498
4.481
4.446
4.446
4.448
4.517
5.184
6.535
7.627
7.627
7.619
7.619
7.608
7.608
7.594
7.601
7.593
7.593
7.593
7.593
7.584
7.594
7.292
7.29
7.268
7.274
7.285
7.454
7.518
7.527
7.534
7.535
7.543
7.552
7.56
7.56
7.578
7.575
7.592
7.594
7.613
7.605
7.736
7.745
7.762
7.77
7.794
7.802
7.828
7.844
6.905
6.755
6.364
6.241
5.85
5.732
5.69
5.705
5.721
5.74
5.275
5.128
4.814
4.768
4.777
4.786
4.802
4.811
4.828
4.838
4.857
4.851
3.781
3.801
3.497
3.446
3.364
3.328
3.243
3.211
3.126
3.103
3.052
3.045
2.925
2.896
2.814
2.73
2.347
2.33
2.271
2.264
2.23
2.222
2.197
2.197
2.171
2.182
2.157
2.15
2.141
2.141
2.136
2.131
2.482
2.425
2.342
2.283
2.233
2.205
2.153
2.13
2.48212 9.05705 2.97344
