1 361
1.321
1.314
1.315
1.317
1.31
1.293
1.286
1.253
1.205
1.186
1.268
1.303
1.31
1.316
1.316
1.314
1.311
1.316
1.32
1.319
1.315
1.317
1.323
1.319
1.325
1.339
1.338
1.336
1.336
1.335
1.341
1.342
1.337
1.339
1.346
1.346
1.344
1.346
1.352
1.355
1.353
1.249
1.248
1.227
1.227
1.236
1.244
1.246
1.254
1.255
1.264
1.272
1.272
1.339
1.349
1.358
1.346
1.351
1.354
1.344
1.345
1.344
1.352
1.361
1.361
1.37
1.377
1.378
1.386
6.756
6.768
6.782
6.79
6.802
6.816
6.828
6.838
6.735
6.659
6.548
6.484
6.39
6.323
6.23
6.169
6.082
6.025
5.935
5.885
5.801
5.759
5.684
5.626
5.563
5.596
5.644
5.634
5.56
5.523
5.455
5.422
5.364
5.32
5.266
5.233
5.173
5.14
4.878
4.87
4.836
4.811
4.766
4.738
4.694
4.671
4.626
4.6
4.558
4.532
4.499
4.481
4.448
4.423
4.386
4.369
4.336
4.319
4.286
4.27
4.237
4.22
4.189
4.18
4.153
4.137
4.104
4.098
4.071
4.063
4.037
4.028
4.003
3.993
3.967
3.968
3.932
3.935
3.905
3.897
3.879
3.884
4.002
4.093
4.203
4.315
4.356
4.349
4.333
4.333
4.309
4.301
4.284
4.275
4.252
4.245
4.227
4.35
4.482
4.606
5.998
5.993
5.985
5.976
6.005
7.413
7.859
8.183
8.183
8.183
8.183
8.183
8.183
8.183
8.183
8.183
8.183
8.183
8.183
8.183
5.974
4.187
4.107
4.113
4.124
4.129
4.117
4.127
4.12
4.126
4.122
4.137
4.132
4.139
4.139
4.146
4.137
4.153
4.152
4.162
4.161
4.17
4.169
4.185
4.181
4.193
4.192
4.211
4.203
4.062
3.913
3.782
3.696
3.707
3.716
3.726
3.737
3.754
3.761
3.77
3.78
3.787
3.795
3.812
3.812
3.84
3.838
3.855
3.865
3.882
3.892
3.916
3.92
3.948
3.958
3.976
3.993
4.019
4.026
4.053
4.063
4.087
4.104
4.128
4.145
4.212
4.796
4.832
4.849
4.882
4.901
4.935
4.96
4.994
5.02
5.051
5.085
5.098
5.124
5.366
5.398
5.44
5.482
5.526
5.561
5.605
5.64
5.689
5.731
0.861
0.853
0.846
0.835
0.827
0.819
0.811
0.802
0.803
0.793
0.786
0.778
0.784
0.785
0.793
0.782
0.778
0.771
0.777
0.776
0.786
0.782
0.776
0.774
0.787
0.793
0.747
0.747
0.751
0.755
0.753
0.751
0.743
0.741
0.737
0.727
0.742
0.741
0.751
0.758
0.766
0.764
0.781
0.782
0.802
0.796
0.806
0.805
0.864
1.122
1.281
1.28
1.301
1.318
1.344
1.338
1.382
1.391
1.441
1.447
1.579
1.577
1.589
1.613
1.671
1.669
1.692
1.635
1.573
1.634
1.68
1.657
1.673
1.664
1.666
1.647
1.517
1.436
1.409
1.388
1.386
1.381
1.438
-2.98228 11.5005 1.36442
