1 361
1.501
1.501
1.493
1.493
1.493
1.484
1.484
1.476
1.475
1.476
1.468
1.466
1.466
1.466
1.458
1.458
1.458
1.458
1.458
1.449
1.449
1.449
1.449
1.44
1.441
1.434
1.444
1.442
1.446
1.443
1.44
1.432
1.423
1.423
1.432
1.432
1.44
1.449
1.437
1.424
1.429
1.423
1.427
1.421
1.429
1.582
1.58
1.59
1.587
1.588
1.598
1.596
1.597
1.596
1.604
1.605
1.605
1.613
1.612
1.62
1.62
1.621
1.63
1.63
1.631
1.637
1.646
1.646
1.655
1.655
1.664
1.662
1.664
1.671
1.679
1.681
1.687
1.697
1.706
1.712
1.714
1.721
1.722
1.731
1.741
1.748
1.757
1.765
1.766
1.774
1.783
1.792
1.808
1.807
1.826
1.832
1.841
1.85
1.858
1.87
1.886
1.853
1.837
1.803
1.795
1.763
1.763
1.772
1.78
1.797
1.823
1.836
1.846
1.863
1.878
1.896
1.912
1.922
1.938
1.954
1.963
1.988
1.997
2.015
2.032
2.046
2.074
2.091
2.101
2.127
2.143
2.165
2.187
2.205
2.232
2.257
2.275
2.299
2.325
2.349
2.373
2.405
2.432
2.456
2.49
2.521
2.555
2.587
2.62
2.656
2.689
2.723
2.766
2.809
2.85
2.892
2.936
2.99
3.033
3.094
3.137
3.187
3.247
4.733
4.722
4.697
4.704
4.845
4.931
5.039
5.145
5.266
5.361
5.503
5.59
5.572
5.554
5.54
5.528
5.501
5.504
5.477
5.468
5.451
5.446
5.55
5.923
6.086
6.136
6.404
6.611
8.183
8.183
8.183
8.183
8.183
8.183
8.183
8.183
8.183
8.183
8.183
8.183
8.187
8.183
8.191
8.183
8.183
8.183
8.183
8.191
8.183
8.183
8.183
8.183
8.183
8.183
8.183
8.183
8.183
8.183
8.183
8.183
8.183
8.183
8.183
8.183
8.183
8.183
8.183
8.183
8.183
8.183
8.183
8.183
8.183
8.183
8.147
7.856
7.515
7.169
6.875
6.646
6.397
6.203
6.002
5.813
5.64
5.477
5.25
5.179
5.19
5.213
5.316
5.292
5.533
6.562
6.642
6.667
6.68
6.717
6.732
6.768
6.837
6.868
6.887
6.917
3.448
3.424
3.375
3.318
3.268
3.218
3.169
3.125
3.074
3.039
2.988
2.949
2.905
2.871
2.829
2.787
2.753
2.718
2.686
2.654
2.616
2.592
2.557
2.525
2.502
2.477
2.443
2.419
2.394
2.37
2.347
2.319
2.304
2.279
2.261
2.236
2.219
2.204
2.177
2.158
2.139
2.123
2.105
2.09
2.071
2.065
2.044
2.028
2.011
2.003
1.985
1.968
1.96
1.944
1.928
1.91
1.902
1.893
1.876
1.868
1.851
1.843
1.834
1.827
1.819
1.809
1.801
1.785
1.785
1.768
1.759
1.76
1.742
1.733
1.733
1.727
1.716
1.708
1.7
1.691
1.692
1.684
1.675
1.667
1.667
1.658
1.651
1.642
1.635
1.634
1.634
1.626
1.618
1.618
3.31774 11.1951 2.28376
