1 361
2.239
2.239
2.248
2.256
2.256
2.265
2.274
2.273
2.282
2.282
2.289
2.298
2.306
2.306
2.314
2.318
2.332
2.339
2.348
2.355
2.364
2.374
2.381
2.39
2.399
2.381
2.387
2.396
2.413
8.183
8.183
8.183
8.183
8.183
8.183
8.183
8.183
8.183
8.183
8.183
8.183
8.183
8.183
8.183
8.183
8.183
3.997
3.966
3.933
3.895
3.871
3.837
3.818
3.785
3.763
3.73
3.705
3.671
3.655
3.629
3.612
3.579
3.563
3.534
3.519
3.491
3.477
3.46
3.474
3.487
3.484
3.399
3.378
3.344
3.325
3.329
3.387
3.422
3.464
3.498
3.542
3.576
3.628
3.654
3.714
3.747
3.797
3.842
3.896
3.94
4
4.049
4.106
4.157
4.235
4.276
4.358
4.41
4.495
4.547
4.633
4.697
4.791
4.862
4.96
5.036
5.143
5.219
5.34
5.423
5.558
5.647
5.787
5.893
6.051
6.177
6.341
6.46
6.662
6.796
7.01
7.152
7.354
8.058
8.183
8.183
8.183
8.183
8.183
8.183
8.187
8.191
8.187
8.187
8.187
8.187
8.187
8.187
8.187
8.183
8.187
8.183
8.183
8.183
8.183
8.183
8.183
8.183
8.183
8.183
8.183
8.183
8.183
8.183
8.183
8.183
8.183
8.183
8.183
8.183
8.183
8.183
8.183
8.183
8.183
8.183
8.183
8.183
7.508
7.338
6.67
6.276
5.795
5.472
5.489
5.491
4.568
4.497
4.196
4.055
3.844
3.725
3.542
3.445
3.296
3.208
3.075
2.997
2.887
2.831
2.718
2.611
2.607
2.6
2.617
2.616
2.633
2.635
2.621
2.564
2.504
2.455
2.403
2.362
2.31
2.279
2.223
2.197
2.153
2.091
1.732
1.715
1.693
1.691
1.646
1.628
1.604
1.58
1.555
1.544
1.515
1.498
1.473
1.457
1.44
1.424
1.399
1.391
1.365
1.357
1.34
1.323
1.314
1.297
1.279
1.271
1.253
1.246
1.228
1.221
1.202
1.202
1.184
1.174
1.166
1.149
1.139
1.132
1.122
1.115
1.098
1.091
1.082
1.074
1.056
1.058
1.048
1.042
1.032
1.026
1.026
1.017
1.008
1
0.992
0.991
0.983
0.975
0.968
0.967
0.958
0.949
0.95
0.95
0.942
0.942
0.932
0.924
0.924
0.915
0.906
0.906
0.906
0.906
0.897
0.897
0.889
0.889
0.88
0.88
0.871
0.872
0.863
0.862
0.863
0.854
0.854
0.854
0.846
0.846
0.846
0.846
0.846
0.837
0.837
0.837
0.828
0.828
0.828
0.828
0.828
0.829
0.82
0.82
0.821
0.821
0.812
0.811
0.812
0.812
0.812
0.812
0.812
0.806
0.812
0.813
0.805
0.805
0.807
0.802
0.8
0.797
0.806
0.795
0.791
0.783
0.774
0.774
0.783
0.783
0.791
0.796
0.798
0.799
0.799
0.804
0.806
0.798
0.804
0.804
0.803
0.803
0.812
0.814
0.812
0.813
0.812
0.813
0.813
0.813
0.812
8.81275 13.7783 0.128491
