1 361
5.561
5.515
5.467
5.408
5.337
5.288
5.238
5.243
5.036
4.983
4.938
4.916
4.889
4.871
4.841
4.858
5.198
5.167
5.155
5.17
4.934
4.891
4.865
4.816
4.727
4.691
4.664
4.65
4.626
4.701
4.83
5.033
5.154
5.213
4.753
4.127
4.101
4.083
4.065
4.049
4.039
4.023
4.006
3.989
3.98
3.963
3.952
3.936
3.927
3.91
3.893
3.895
3.879
3.868
3.86
3.853
3.844
3.827
3.818
3.81
3.81
3.801
3.793
3.786
3.776
3.767
3.767
3.76
3.748
3.749
3.742
3.736
3.732
3.726
3.725
3.718
3.717
3.719
3.718
3.713
3.711
3.712
3.714
3.71
3.708
3.708
3.702
3.708
3.709
3.708
3.704
3.704
3.712
3.712
3.713
3.712
3.719
3.721
3.723
3.73
3.724
3.731
3.739
3.739
3.748
3.747
3.755
3.754
3.764
3.771
3.772
3.785
3.786
3.825
4.977
4.994
5.003
5.011
5.028
5.036
5.052
5.062
5.077
5.093
5.101
5.12
5.136
5.152
5.169
5.184
5.2
5.217
5.242
5.259
5.285
5.303
5.319
5.336
5.363
5.387
5.406
5.421
5.456
5.472
5.506
5.532
5.557
5.584
5.61
5.636
5.664
5.699
5.725
5.762
5.787
5.822
5.855
5.891
5.924
5.966
5.997
6.038
6.08
6.122
6.165
6.199
6.244
6.168
6.104
6.049
5.979
5.926
5.87
5.81
5.758
3.009
2.991
2.965
2.941
2.914
2.898
2.864
2.848
2.823
2.806
2.789
2.764
2.746
2.731
2.713
2.686
2.679
2.652
2.643
2.626
2.608
2.591
2.575
2.559
2.551
2.534
2.519
2.501
2.492
2.484
2.469
2.451
2.443
2.427
2.427
2.41
2.401
2.393
2.376
2.376
2.359
2.35
2.342
2.334
2.325
2.316
2.308
2.3
2.3
2.283
2.274
2.274
2.265
2.265
2.256
2.248
2.239
2.239
2.23
2.221
2.221
2.221
2.212
2.212
2.203
2.203
2.194
2.185
2.185
2.185
2.176
2.176
2.177
2.177
2.84
2.852
2.893
2.965
3.005
3.08
3.418
3.424
3.437
3.42
3.468
3.556
3.836
3.984
3.974
3.76
3.956
3.975
3.966
3.459
3.22
3.214
3.216
3.217
3.219
3.167
3.225
3.748
3.922
3.911
3.436
3.3
3.248
3.253
3.664
3.497
3.37
3.238
3.225
3.23
3.235
3.241
3.257
3.262
3.851
3.726
3.6
3.486
3.37
3.263
3.182
3.183
3.191
3.2
3.208
3.208
3.225
3.234
3.243
3.251
3.268
3.277
3.623
3.581
3.529
3.481
3.447
3.406
3.357
3.323
3.343
7.899
7.939
7.974
8.015
8.051
8.085
8.127
8.161
8.183
8.183
8.183
8.183
8.183
8.183
4.926
4.859
4.842
4.801
4.706
4.686
4.671
4.651
4.634
4.628
4.604
4.594
4.576
4.564
4.554
4.545
4.527
4.732
5.342
5.374
5.427
5.47
5.512
5.562
5.607
5.659
5.704
12.295 6.08102 0.938053
