1 361
1.55
1.55
1.558
1.559
1.558
1.566
1.574
1.574
1.582
1.582
1.59
1.599
1.598
1.607
1.615
1.615
1.623
1.626
1.638
1.638
1.655
1.654
1.671
1.671
1.679
1.679
1.696
1.705
1.713
1.715
1.73
1.73
1.747
1.746
1.765
1.774
1.782
1.79
1.807
1.816
1.826
1.831
1.848
1.855
1.874
1.872
1.898
1.906
1.923
1.933
1.95
1.956
1.981
1.99
2.016
2.025
2.051
2.052
2.078
2.095
2.112
2.13
2.158
2.166
2.2
2.201
2.235
2.243
2.286
2.293
2.327
2.335
2.377
2.383
2.425
2.441
2.483
2.5
2.55
2.564
2.607
2.624
2.675
2.693
2.743
2.768
2.818
2.835
2.903
2.921
2.991
3.009
3.079
3.106
3.182
3.209
3.281
3.315
3.406
3.435
3.529
3.566
3.669
3.703
3.814
3.864
3.954
4.392
5.351
5.363
5.358
5.349
5.34
5.342
5.365
5.334
5.312
5.296
5.337
5.481
5.752
5.849
6.154
6.267
6.625
6.756
7.17
7.325
7.795
7.983
8.183
8.183
8.183
8.183
8.183
8.183
8.183
8.183
8.183
8.183
8.183
8.183
8.183
8.183
8.183
8.183
8.183
8.183
8.183
8.183
8.183
8.183
8.183
8.183
8.183
8.183
8.183
8.183
8.183
8.183
8.183
8.183
8.183
8.183
8.183
8.183
8.183
8.183
3.478
3.496
3.579
3.596
3.688
3.704
3.791
3.81
3.891
3.962
3.963
3.963
3.957
3.956
3.956
3.946
3.955
3.945
3.954
3.945
3.944
3.945
3.945
3.945
3.945
3.946
3.957
3.945
3.825
3.778
3.668
3.628
3.533
3.499
3.399
3.374
3.289
3.264
3.176
3.149
3.082
3.055
2.984
2.966
2.898
2.879
2.82
2.796
2.738
2.728
2.669
2.661
2.581
2.566
2.574
2.573
2.617
2.607
2.651
2.639
2.602
2.593
2.542
2.535
2.486
2.485
2.445
2.428
2.395
2.387
2.354
2.345
2.31
2.304
2.27
2.27
2.235
2.227
2.2
2.192
2.167
2.158
2.131
2.131
2.105
2.096
1.885
1.877
1.853
1.847
1.86
1.852
1.835
1.825
1.807
1.808
1.79
1.791
1.774
1.775
1.747
1.747
1.74
1.73
1.721
1.713
1.697
1.697
1.688
1.679
1.672
1.672
1.655
1.655
1.646
1.638
1.63
1.63
1.622
1.622
1.606
1.606
1.598
1.598
1.589
1.589
1.58
1.573
1.564
1.564
1.556
1.556
1.556
1.556
1.548
1.548
1.539
1.539
1.531
1.531
1.532
1.532
1.523
1.523
1.515
1.523
1.514
1.515
1.515
1.507
1.507
1.506
1.507
1.5
1.501
1.503
1.501
1.496
1.497
1.5
1.494
1.486
1.477
1.477
1.486
1.494
1.497
1.5
1.496
1.501
1.495
1.502
1.5
1.5
1.507
1.507
1.507
1.507
1.515
1.516
1.515
1.515
1.515
1.525
1.525
1.524
1.533
1.533
1.532
1.54
1.541
1.541
1.55
-0.778372 14.0581 0.030578
