1 361
1.009
1.017
1.024
1.023
1.024
1.031
1.024
1.038
1.038
1.038
1.047
1.054
1.053
1.061
1.06
1.078
1.07
1.085
1.084
1.094
1.092
1.109
1.109
1.118
1.117
1.134
1.125
1.142
1.143
1.147
1.142
1.13
1.13
1.112
1.113
1.094
1.095
1.077
1.077
1.059
1.051
1.039
1.038
1.019
1.011
0.99
0.992
0.972
0.966
0.952
0.946
0.929
0.928
0.903
0.912
0.961
0.951
1.136
1.136
1.118
1.118
1.11
1.102
1.087
1.085
1.075
1.067
1.061
1.061
1.037
1.045
1.027
1.036
1.023
1.022
1.015
1.005
0.998
0.998
0.796
0.863
0.678
0.675
0.656
0.657
0.638
0.63
0.63
0.631
0.623
0.622
0.621
0.622
0.621
0.62
0.613
0.613
0.613
0.613
0.604
0.612
0.605
0.605
0.596
0.605
0.595
0.595
0.594
0.596
0.596
0.594
0.595
0.596
0.587
0.598
0.587
0.588
0.589
0.597
0.59
0.59
0.591
0.591
0.59
0.592
0.585
0.584
0.588
0.591
0.585
0.595
0.593
0.586
0.59
0.589
0.594
0.592
0.59
0.59
0.582
0.59
0.589
0.589
0.59
0.591
0.59
0.59
0.59
0.599
0.593
0.599
0.592
0.599
0.6
0.598
0.598
0.596
0.599
0.598
0.598
0.608
0.605
0.608
0.607
0.616
0.615
0.617
0.616
0.615
0.617
0.624
0.624
0.622
0.623
0.634
0.631
0.642
0.64
0.633
0.641
0.641
0.641
0.65
0.65
0.655
0.659
0.659
0.667
0.666
0.664
0.674
0.682
0.682
0.681
0.691
0.69
0.699
0.697
0.706
0.706
0.715
0.716
0.723
0.732
0.731
0.74
0.74
0.747
0.756
0.755
0.763
0.771
0.771
0.779
0.779
0.796
0.794
0.803
0.811
0.818
0.828
0.838
0.846
0.855
0.862
0.871
0.895
0.952
0.961
0.967
0.972
0.964
0.963
0.969
0.984
0.983
1.001
1.008
1.016
1.032
1.04
1.048
1.065
1.063
5.014
4.95
4.942
4.883
4.874
4.639
4.631
4.606
4.595
4.546
4.538
4.495
4.486
4.443
4.434
4.401
4.39
4.35
4.348
4.307
4.298
4.265
4.264
4.225
4.225
4.191
4.183
4.157
4.15
4.127
4.117
4.091
4.092
4.067
4.06
4.032
4.033
4.007
4.016
3.991
3.99
3.962
3.964
3.947
3.937
3.92
3.92
3.911
3.91
3.893
3.884
3.878
3.877
3.86
3.86
3.841
3.828
3.825
3.96
3.96
3.97
3.953
3.963
3.945
3.944
3.937
3.938
3.928
3.929
3.921
3.922
3.916
3.919
3.919
3.923
3.922
3.925
3.912
3.916
3.923
3.923
3.922
3.932
3.932
3.939
3.775
3.782
3.796
3.806
3.802
3.812
3.81
3.819
3.818
3.828
3.819
3.319
3.219
3.22
3.194
3.187
3.161
3.161
3.134
3.126
3.11
3.101
3.084
3.075
3.056
0.724
0.707
0.699
0.696
0.709
0.705
0.697
2.65687 8.6368 5.85342
