1 361
4.353
4.396
4.403
4.447
4.449
4.489
4.499
4.539
4.539
4.589
4.589
4.649
4.648
4.708
4.709
4.771
4.767
4.83
4.839
4.898
4.908
4.968
4.975
5.05
5.051
5.013
4.996
4.912
4.903
4.827
4.82
4.749
4.74
4.669
4.663
4.595
4.576
4.525
4.506
4.456
4.447
4.4
4.386
4.338
4.327
4.278
4.266
4.214
4.208
1.897
1.888
1.873
1.864
1.856
1.848
1.831
1.831
1.814
1.814
1.796
1.788
1.78
1.78
1.771
1.763
1.745
1.745
1.736
1.737
1.72
1.72
1.711
1.711
1.694
1.694
1.685
1.685
1.677
1.677
1.669
1.66
1.653
1.653
1.652
1.644
1.643
1.636
1.628
1.628
1.628
1.619
1.62
1.619
1.611
1.602
1.603
1.604
1.604
1.604
1.595
1.604
1.596
1.595
1.588
1.588
1.579
1.588
1.583
1.583
1.58
1.58
1.579
1.58
1.583
1.585
1.578
1.578
1.587
1.586
1.583
1.583
1.585
1.584
1.579
1.577
1.583
1.582
1.59
1.59
1.588
1.588
1.596
1.596
1.596
1.596
1.605
1.605
1.605
1.613
1.613
1.613
1.621
1.621
1.63
1.63
1.638
1.638
1.638
1.646
1.655
1.655
1.663
1.663
1.672
1.663
1.68
1.68
1.688
1.688
1.697
1.705
1.713
1.713
1.732
1.731
1.739
1.739
2.065
1.762
2.911
2.883
2.881
2.888
3.484
3.445
3.341
3.332
3.251
3.243
3.159
3.158
3.099
3.097
3.111
3.119
3.148
3.157
3.435
3.443
3.363
3.363
3.283
3.282
3.207
3.208
3.197
3.197
3.24
3.247
3.281
3.29
3.33
3.338
3.386
3.398
3.606
3.598
3.565
3.555
3.523
3.523
8.183
8.183
5.165
5.148
5.106
5.125
5.018
5.028
5.002
5.006
4.994
4.997
4.988
4.99
4.978
4.975
4.971
4.97
4.973
4.992
6.082
6.107
6.236
6.268
6.403
6.438
6.586
6.622
6.78
6.806
6.98
7.011
6.209
6.22
4.258
4.315
4.223
4.215
4.182
4.183
4.151
4.15
4.118
4.118
4.076
4.078
4.05
4.051
4.018
4.025
3.991
3.993
3.975
3.974
3.95
3.949
3.922
3.923
3.905
3.905
3.888
3.887
3.869
3.87
3.854
3.853
3.832
3.839
3.825
3.825
3.816
3.815
3.798
3.807
3.792
3.802
3.795
3.796
3.787
3.789
3.776
3.785
3.77
3.77
3.764
3.772
3.759
3.77
3.761
3.77
3.758
3.767
3.764
3.771
3.769
3.778
3.776
3.776
3.781
3.79
3.787
3.787
3.795
3.795
3.803
3.811
3.811
3.821
3.82
3.829
3.839
3.837
3.847
3.857
3.864
3.874
3.883
3.882
3.89
3.901
3.926
3.936
3.943
3.953
3.969
3.97
3.988
3.997
4.012
4.022
4.032
4.05
4.065
4.074
4.092
4.109
4.125
4.133
4.159
4.165
4.192
4.201
4.225
4.233
4.259
4.275
4.306
4.316
4.349
4.356
1.95454 -1.46742 0.695182
