1 361
5.561
5.513
5.465
5.406
5.337
5.293
5.246
5.239
5.037
4.988
4.947
4.916
4.889
4.869
4.831
4.856
5.189
5.166
5.152
5.192
4.933
4.891
4.865
4.835
4.735
4.69
4.654
4.649
4.632
4.708
4.83
5.023
5.154
5.21
4.757
4.125
4.098
4.081
4.073
4.049
4.039
4.022
4.003
3.988
3.979
3.961
3.944
3.935
3.917
3.908
3.9
3.894
3.877
3.869
3.85
3.842
3.834
3.825
3.817
3.819
3.8
3.801
3.792
3.783
3.776
3.767
3.758
3.757
3.755
3.748
3.741
3.736
3.73
3.723
3.726
3.725
3.715
3.709
3.709
3.709
3.71
3.71
3.71
3.71
3.706
3.707
3.701
3.706
3.705
3.707
3.703
3.71
3.71
3.708
3.713
3.712
3.716
3.72
3.721
3.722
3.72
3.731
3.738
3.738
3.746
3.743
3.754
3.761
3.762
3.77
3.778
3.784
3.784
3.824
4.984
4.985
5.002
5.019
5.026
5.036
5.052
5.067
5.076
5.093
5.101
5.117
5.134
5.15
5.158
5.182
5.199
5.215
5.242
5.257
5.275
5.292
5.317
5.336
5.361
5.387
5.403
5.427
5.446
5.472
5.497
5.531
5.556
5.582
5.608
5.635
5.662
5.697
5.725
5.761
5.785
5.819
5.855
5.89
5.929
5.964
5.998
6.037
6.078
6.12
6.163
6.198
6.241
6.175
6.113
6.046
5.978
5.926
5.867
5.809
5.756
3.007
2.993
2.955
2.94
2.914
2.896
2.869
2.846
2.828
2.804
2.78
2.761
2.748
2.729
2.712
2.685
2.677
2.651
2.642
2.625
2.608
2.591
2.582
2.566
2.55
2.533
2.516
2.499
2.492
2.475
2.467
2.45
2.442
2.433
2.417
2.408
2.4
2.392
2.383
2.366
2.357
2.349
2.341
2.332
2.323
2.314
2.307
2.299
2.29
2.29
2.282
2.273
2.264
2.264
2.255
2.247
2.247
2.238
2.229
2.22
2.22
2.22
2.211
2.211
2.202
2.202
2.193
2.193
2.193
2.183
2.184
2.175
2.175
2.177
2.84
2.86
2.894
2.955
3.022
3.095
3.417
3.42
3.433
3.421
3.48
3.542
3.877
3.983
3.973
3.76
3.963
3.965
3.964
3.458
3.221
3.212
3.215
3.215
3.229
3.166
3.222
3.747
3.921
3.911
3.443
3.309
3.247
3.258
3.662
3.494
3.372
3.236
3.224
3.229
3.234
3.241
3.245
3.27
3.849
3.725
3.592
3.477
3.371
3.264
3.181
3.182
3.19
3.198
3.207
3.208
3.224
3.232
3.241
3.25
3.257
3.274
3.614
3.572
3.532
3.488
3.437
3.404
3.356
3.322
3.341
7.898
7.941
7.971
8.014
8.038
8.074
8.116
8.158
8.183
8.183
8.183
8.183
8.183
8.183
4.926
4.861
4.841
4.804
4.7
4.684
4.664
4.651
4.633
4.624
4.609
4.591
4.575
4.558
4.551
4.536
4.53
4.739
5.34
5.374
5.417
5.468
5.51
5.562
5.605
5.658
5.704
12.295 6.08113 0.937608
