1 361
5.59
5.255
5.25
5.188
5.185
5.159
5.15
5.133
5.133
5.281
5.266
5.157
5.146
5.039
5.022
4.975
4.965
4.944
4.946
4.936
4.932
4.958
4.978
4.596
4.589
4.615
4.602
4.635
4.652
4.547
4.538
4.63
4.69
4.634
4.719
4.674
4.727
4.733
4.774
4.542
4.545
4.408
4.403
4.48
4.475
5.012
5.014
6.313
6.421
4.79
4.781
7.765
7.767
7.735
7.736
5.455
5.453
7.677
7.668
7.653
7.643
7.626
7.618
7.599
7.601
7.352
7.323
7.221
7.224
7.196
7.2
7.271
7.258
7.246
7.243
7.25
7.25
7.295
7.304
7.421
7.421
7.42
7.422
7.423
7.423
7.046
7.048
7.534
7.525
7.543
7.533
7.551
7.542
6.564
6.554
1.779
1.795
1.689
1.697
1.645
1.645
1.607
1.61
1.582
1.583
1.603
1.557
2.324
2.387
2.095
2.107
2.036
2.038
2.034
2.036
2.383
2.116
1.906
1.914
1.796
1.812
1.355
1.364
1.334
1.328
0.821
1.024
0.732
0.752
0.709
0.719
0.684
0.695
0.665
0.675
0.659
0.652
0.641
0.642
0.625
0.633
0.616
0.625
0.607
0.616
0.6
0.6
0.592
0.595
0.586
0.594
0.583
0.586
0.575
0.579
0.569
0.576
0.568
0.575
0.564
0.559
0.555
0.558
0.553
0.546
0.541
0.551
0.605
0.548
0.597
0.598
0.567
0.586
0.566
0.568
0.545
0.558
0.536
0.546
0.527
0.527
0.518
0.527
0.51
0.512
0.494
0.503
0.494
0.494
0.488
0.495
0.479
0.486
0.476
0.479
0.489
0.481
0.498
0.489
0.514
0.508
0.53
0.523
0.538
0.539
0.583
0.565
0.604
0.594
0.636
0.624
0.665
0.655
0.699
0.692
0.745
0.736
0.793
0.784
0.874
0.848
1.22
1.228
1.233
1.24
1.228
1.237
1.229
1.23
1.222
1.222
1.212
1.22
1.212
1.221
1.203
1.213
1.135
1.144
1.135
1.144
1.136
1.144
1.135
1.144
1.144
1.144
1.135
1.144
1.144
1.144
1.144
1.144
1.135
1.144
1.135
1.135
1.135
1.144
1.126
1.135
1.126
1.135
1.126
1.135
1.126
1.126
1.117
1.126
1.117
1.126
1.308
1.316
1.311
1.319
1.312
1.315
1.313
1.324
1.317
1.326
1.323
1.332
1.32
1.33
1.324
1.332
1.33
1.339
1.339
1.347
1.341
1.349
1.357
1.357
1.36
1.368
1.111
1.115
1.11
1.117
1.09
1.1
1.093
1.099
1.098
1.098
1.107
1.107
1.115
1.114
1.123
1.131
1.14
1.14
1.149
1.149
1.166
1.166
1.175
1.183
1.192
1.192
1.2
1.209
1.218
1.227
1.235
1.236
1.253
1.252
1.27
1.279
1.287
1.295
1.314
1.313
1.329
1.338
1.347
1.356
1.372
1.382
1.399
1.406
1.424
1.433
1.457
1.466
1.484
1.491
1.515
1.517
1.549
1.557
1.582
1.59
1.615
1.633
1.656
1.673
2.39314 8.92004 4.77504
