1 361
0.529
0.554
0.545
1.266
0.774
1.145
1.088
1.145
1.172
1.162
1.119
1.472
1.472
1.273
1.257
1.215
1.207
1.277
1.219
1.351
1.363
1.358
1.352
1.216
1.198
1.194
1.185
1.185
1.176
1.424
1.463
1.477
1.476
1.483
1.482
1.467
1.462
1.461
1.46
1.468
1.468
1.484
1.509
1.601
1.608
1.608
1.608
1.616
1.616
1.674
1.694
1.702
1.702
1.71
1.71
1.719
1.719
1.719
1.728
1.737
1.736
1.746
1.746
1.755
1.756
1.763
1.773
1.772
1.78
1.79
1.797
1.806
1.806
1.83
1.874
1.883
1.883
1.901
1.9
1.917
1.925
1.933
1.942
1.959
1.959
1.977
1.977
1.994
2.003
2.021
2.021
2.04
2.053
2.039
2.029
1.993
1.969
1.983
1.993
2.011
2.019
2.037
2.046
2.014
2.014
1.979
1.971
1.948
1.965
1.982
2
2.046
2.054
2.08
2.089
2.125
2.134
2.16
2.169
2.195
2.212
2.24
2.256
2.282
2.3
2.333
2.348
2.383
2.399
2.432
7.019
7.124
7.188
7.308
7.369
7.494
7.555
7.702
7.768
7.908
7.98
8.127
8.183
8.183
8.183
8.183
8.183
8.183
8.183
8.183
8.183
8.183
8.183
8.183
4.826
4.802
4.795
4.773
4.822
4.949
5.031
5.167
5.255
5.415
5.501
5.687
5.779
5.976
6.091
6.309
6.44
6.689
6.831
7.096
7.274
7.296
7.294
7.261
7.259
7.241
7.233
7.217
7.207
7.191
7.179
7.174
7.161
7.147
7.146
7.132
7.133
7.116
7.122
7.106
7.106
7.095
7.098
7.088
7.09
7.076
7.084
7.075
7.076
7.074
7.084
7.079
7.09
7.088
7.091
6.44
5.75
4.851
4.479
4.126
4.137
4.136
4.143
4.145
4.144
4.158
4.159
4.159
4.167
4.167
4.184
4.183
4.193
4.201
4.208
4.217
4.225
4.233
4.232
4.25
4.259
4.265
4.281
4.282
4.3
4.307
4.323
4.332
4.347
4.354
4.373
4.295
4.226
4.109
4.045
3.933
3.873
3.779
3.728
3.628
3.588
3.503
3.46
3.385
3.334
3.262
3.228
3.153
3.122
3.058
3.022
2.97
2.943
2.883
2.848
2.797
2.773
2.728
2.704
2.653
2.626
2.591
2.566
2.525
2.5
2.466
2.447
2.411
2.395
2.361
2.343
2.311
2.297
2.271
2.252
2.227
2.209
2.183
2.175
2.139
2.132
2.104
2.094
2.068
2.06
2.034
2.026
2
1.999
1.974
1.967
1.949
1.933
1.916
1.907
1.889
1.885
1.867
1.857
1.844
1.834
1.825
1.816
1.801
1.79
1.783
1.776
1.763
1.76
1.741
1.743
1.726
1.726
1.581
1.516
1.507
1.508
1.5
1.473
1.487
1.484
1.483
1.474
1.458
1.454
1.486
1.529
1.617
1.619
1.61
1.601
1.595
1.592
1.586
1.587
1.581
1.58
1.573
1.566
1.558
1.559
1.559
1.559
1.55
1.55
1.542
1.536
-2.05585 12.759 4.16101
