1 361
2.401
2.391
2.37
2.389
2.39
2.393
2.342
2.342
2.349
2.39
2.389
2.369
2.366
2.366
2.363
2.353
2.363
2.356
2.361
2.403
2.427
2.439
2.497
2.293
2.286
2.278
2.279
2.262
2.262
2.256
2.26
2.253
2.266
2.507
2.622
2.648
2.65
2.632
2.112
2.085
2.074
2.075
2.066
2.067
2.066
2.057
2.058
2.05
2.058
2.05
2.05
2.041
2.05
2.041
2.042
2.041
2.042
2.108
2.834
2.916
2.919
2.826
2.673
2.564
2.461
2.363
2.266
2.188
2.111
2.003
1.988
2.007
2.029
6.238
6.254
6.247
6.263
6.265
6.281
6.282
6.143
6.143
6.18
6.189
6.203
6.207
6.224
6.225
6.242
6.25
6.275
6.274
6.291
6.3
6.324
6.328
6.347
6.366
6.393
6.391
6.424
6.433
6.461
6.47
6.505
6.513
6.547
6.553
6.591
6.609
6.637
3.422
3.342
3.297
3.283
3.194
3.15
3.143
3.124
3.109
3.09
3.073
3.055
3.048
3.037
3.01
3.002
2.994
2.977
2.967
2.96
2.941
2.934
2.924
2.934
3.619
3.66
3.678
3.712
3.727
3.762
3.78
3.813
3.831
3.876
3.884
3.928
3.945
3.989
4.015
4.059
4.073
2.042
2.017
1.999
1.982
1.957
1.94
1.923
1.906
1.898
1.881
1.864
1.848
1.83
1.822
1.813
1.796
1.788
1.77
1.762
1.744
1.735
1.718
1.709
1.694
1.692
1.677
1.667
1.658
1.652
1.644
1.635
1.628
1.619
1.602
1.603
1.586
1.578
1.57
1.561
1.563
1.553
1.545
1.537
1.537
1.528
1.52
1.513
1.513
1.513
1.504
1.495
1.487
1.487
1.48
1.48
1.47
1.463
1.463
1.454
1.454
1.453
1.445
1.445
1.436
1.436
1.435
1.428
1.419
1.428
1.419
1.416
1.417
1.42
1.41
1.412
1.412
1.412
1.403
1.413
1.405
1.407
1.399
1.407
1.402
1.405
1.397
1.4
1.402
1.405
1.397
1.397
1.398
1.397
1.395
1.402
1.4
1.405
1.403
1.401
1.399
1.405
1.403
1.412
1.402
1.409
1.401
1.409
1.409
1.417
1.418
1.418
1.417
1.424
1.417
1.424
1.424
1.433
1.433
1.441
1.439
1.45
1.439
1.457
1.457
1.457
1.457
1.465
1.465
1.474
1.474
1.491
1.482
1.498
1.499
1.507
1.507
1.516
1.515
1.523
1.532
1.54
1.54
1.548
1.548
1.565
1.565
1.573
1.581
1.598
1.589
1.606
1.614
1.631
1.63
1.639
1.648
1.655
1.664
1.68
1.679
1.697
1.697
1.723
1.723
1.739
1.739
1.765
1.765
1.792
1.792
1.817
1.817
1.844
1.843
1.865
1.867
1.893
1.901
1.926
1.935
1.959
1.967
1.992
2.001
2.028
2.036
2.062
2.081
2.117
2.134
2.17
2.18
2.213
2.223
2.257
2.265
2.308
2.316
2.358
2.374
2.417
2.425
2.475
2.492
2.543
2.558
2.609
2.627
2.68
2.47742 1.04624 1.10464
