1 361
1.639
1.646
1.643
1.635
1.639
1.646
1.64
1.639
1.642
1.644
1.653
1.649
1.652
1.651
1.666
1.665
1.672
1.673
1.696
1.698
1.713
1.727
1.73
1.752
1.78
2.015
2.07
2.112
2.111
2.103
2.114
0.966
0.959
0.959
0.958
0.967
0.967
0.966
0.974
0.983
0.981
0.99
0.99
0.999
1
1.007
1.015
1.015
1.024
1.024
1.031
1.032
1.039
1.047
1.056
1.057
1.073
1.073
1.082
1.091
1.099
1.107
1.116
1.123
1.133
1.132
1.141
1.149
1.158
1.165
1.184
1.184
1.2
1.209
1.214
1.223
1.231
1.25
1.256
1.266
1.284
1.292
1.309
1.317
1.327
1.345
1.361
1.369
1.386
1.404
1.412
1.429
1.446
1.461
1.487
1.505
1.519
1.537
1.561
1.578
1.602
1.627
1.652
1.677
1.701
1.728
1.753
1.779
1.811
1.837
1.878
1.913
1.955
1.981
2.033
2.067
2.112
2.147
2.201
2.243
2.302
2.353
2.41
2.467
2.532
2.59
2.668
2.732
2.817
2.893
2.986
3.062
3.178
3.268
3.398
3.521
3.696
3.815
3.994
4.129
4.336
4.503
4.747
4.96
5.269
5.501
5.856
6.153
7.812
7.804
7.796
7.787
7.787
7.772
7.772
7.764
7.763
7.755
7.755
7.755
7.344
7.739
7.693
7.155
6.74
6.732
6.732
6.733
6.741
6.739
6.748
6.748
6.756
6.756
6.766
6.774
6.782
6.78
6.799
6.807
6.815
6.812
6.838
6.838
6.854
6.859
6.877
6.886
6.909
6.908
6.935
6.939
6.966
6.978
8.043
8.062
8.087
8.103
8.129
8.145
8.183
8.183
8.183
8.183
8.183
8.183
8.183
8.183
8.183
8.183
8.183
8.183
8.183
8.183
8.183
8.183
8.183
8.183
8.183
8.183
8.183
8.183
8.183
8.183
8.183
8.183
8.183
8.183
8.183
8.183
8.183
8.183
8.183
8.183
8.183
8.183
8.183
8.183
8.183
8.183
8.183
8.183
8.183
8.183
8.183
8.183
8.183
8.183
8.183
8.183
8.183
8.183
8.183
8.183
8.183
8.183
8.183
8.183
8.183
8.183
8.183
8.183
8.132
7.261
7.198
7.148
7.089
7.041
6.991
6.952
6.893
6.86
6.814
6.78
6.732
6.698
6.656
6.62
6.575
6.552
6.51
6.477
6.443
6.414
6.386
6.358
6.332
6.308
6.271
6.238
6.214
6.187
6.159
6.137
6.118
6.094
6.071
6.042
6.02
6.003
5.968
5.953
5.924
5.919
6.079
6.176
2.355
2.355
2.441
2.483
2.61
2.661
2.799
2.859
3.022
3.084
3.27
3.359
3.572
3.675
3.941
4.063
6.818
6.809
6.794
6.784
6.777
6.768
6.758
6.75
6.742
6.743
6.734
6.734
2.305
2.273
2.172
2.163
2.161
2.172
3.295
3.272
3.504
3.653
6.699
6.699
6.698
6.708
3.779
3.767
3.595
3.47
2.762
2.553
2.147
2.049
1.691
1.645
1.458
1.432
1.289
11.0651 10.4734 4.73825
