1 361
1.106
1.14
1.14
1.182
1.181
1.214
1.213
1.259
1.259
1.3
1.308
1.351
1.36
1.41
1.417
1.475
1.474
1.531
1.548
1.604
1.621
1.682
1.707
1.781
1.794
1.891
1.907
1.993
2.028
2.134
2.151
2.273
2.307
2.437
2.478
2.643
2.677
2.857
2.907
3.094
3.139
3.271
3.273
3.263
3.263
3.263
3.255
3.257
3.247
3.248
3.24
3.241
3.241
3.241
3.231
3.231
3.233
3.232
3.224
3.231
3.231
3.232
3.224
3.233
3.232
3.232
3.241
3.24
3.241
3.241
3.24
3.248
3.249
3.257
3.258
3.258
3.265
3.275
3.275
3.275
3.274
3.283
3.282
3.299
3.29
3.308
3.307
3.315
3.324
3.332
3.338
3.347
3.354
3.362
3.371
3.378
3.387
3.402
3.412
3.42
3.429
3.453
3.453
3.469
3.478
3.495
3.504
3.53
3.539
3.556
3.565
3.582
3.59
3.615
3.616
3.641
3.649
3.675
3.684
3.715
3.725
3.759
3.759
3.794
3.803
3.829
3.845
3.873
3.891
3.919
3.935
3.962
3.975
3.945
4.037
4.052
3.998
4.039
4.133
4.189
4.198
4.247
4.264
4.313
4.33
4.379
4.398
4.448
4.467
4.525
4.539
4.598
4.628
4.674
4.705
4.764
4.792
4.859
4.884
4.957
4.972
5.053
5.091
5.164
5.199
5.283
5.309
5.4
5.428
5.532
5.565
5.672
5.705
5.81
5.853
5.97
6.021
6.144
6.202
6.326
6.374
6.512
6.559
2.178
2.171
2.153
2.153
2.135
2.136
2.118
2.112
2.151
2.177
2.237
2.254
2.32
2.345
2.418
2.444
2.527
2.559
2.643
2.677
2.785
2.816
2.934
2.967
3.095
3.137
3.28
3.331
3.5
3.562
3.756
3.821
4.019
4.106
4.362
4.389
4.392
4.387
4.37
4.369
4.35
4.351
4.334
4.341
4.325
4.328
4.314
4.309
4.302
4.31
4.293
4.3
4.292
4.293
4.286
4.285
4.284
4.286
4.286
4.288
4.287
4.289
4.288
4.295
4.291
4.293
4.294
4.294
4.302
4.302
4.31
4.317
4.314
4.325
4.333
4.335
4.34
4.342
4.355
4.365
4.366
4.378
4.384
4.392
4.41
4.411
4.419
4.428
4.444
4.449
4.458
4.475
4.367
4.296
4.124
4.073
3.908
3.854
3.73
3.686
3.551
3.519
3.41
3.379
3.27
3.236
3.147
3.121
3.035
3.007
2.927
2.908
2.84
2.805
2.737
2.711
2.654
2.637
2.575
2.552
2.501
2.485
2.427
2.411
2.371
2.353
2.303
2.295
2.252
2.227
2.2
2.185
2.15
2.132
2.095
2.083
2.095
2.103
2.12
2.138
2.156
2.164
2.182
2.2
2.215
2.231
2.258
2.276
2.292
2.308
2.333
2.35
2.376
2.391
2.424
2.44
2.466
2.491
2.514
2.54
2.573
2.591
2.627
2.652
2.687
2.705
2.747
2.773
2.815
2.839
2.882
2.908
2.959
2.961
2.93
2.923
2.907
2.897
-3.92422 10.4569 3.86727
