1 361
3.838
3.865
3.865
3.891
3.883
3.908
3.898
3.926
3.924
3.953
3.941
3.978
3.968
4.003
3.994
4.021
4.02
4.055
4.045
4.088
4.079
4.112
4.104
4.154
4.144
4.186
4.177
4.227
4.218
4.268
4.259
4.309
4.307
4.35
4.351
4.399
4.399
4.451
4.443
4.456
4.44
4.554
4.538
4.609
4.599
4.666
4.661
4.732
4.72
4.792
4.79
4.86
4.853
4.926
4.921
5.004
4.994
5.083
5.068
5.168
5.166
5.257
5.248
5.354
5.344
5.443
5.436
5.545
5.537
2.358
2.351
2.336
2.334
2.302
2.302
2.279
2.273
2.325
2.318
2.384
2.367
2.437
2.426
2.499
2.489
2.563
2.555
2.63
2.614
2.71
2.691
2.777
2.769
2.876
2.859
2.965
2.947
3.059
3.043
3.162
3.154
3.289
3.27
3.41
3.402
3.546
3.526
3.686
3.675
3.857
3.84
4.029
4.008
4.218
4.209
4.388
4.39
4.367
4.357
4.339
4.339
4.322
4.322
4.304
4.303
4.28
4.288
4.27
4.271
4.254
4.254
4.245
4.247
4.23
4.232
4.223
4.234
4.218
4.229
4.207
4.217
4.21
4.211
4.204
4.212
4.205
4.204
4.217
4.218
4.209
4.209
4.224
4.217
4.232
4.232
4.247
4.256
4.267
4.276
4.29
4.306
4.304
4.32
4.364
4.381
4.397
4.415
4.45
4.476
4.508
4.515
4.533
4.534
4.228
4.258
3.866
3.894
3.548
3.579
3.293
3.327
3.095
3.11
2.898
2.925
2.726
2.751
2.589
2.605
2.457
2.477
2.331
2.347
2.231
2.248
2.133
2.149
2.047
2.054
1.964
1.983
1.89
1.897
1.815
1.83
1.754
1.764
1.7
1.713
1.713
1.713
1.731
1.728
1.748
1.748
1.771
1.763
1.779
1.779
1.798
1.804
1.82
1.819
1.837
1.835
1.862
1.861
1.897
1.887
1.913
1.912
1.945
1.937
1.971
1.971
2.005
1.997
2.031
2.031
2.066
2.066
2.102
2.101
2.127
2.128
2.172
2.162
2.206
2.206
2.249
2.24
2.291
2.284
2.331
2.331
2.382
2.381
2.434
2.436
2.461
2.48
2.429
2.436
2.396
2.405
2.373
2.383
2.347
2.356
2.321
2.33
2.298
2.306
2.273
2.281
2.255
2.263
2.237
2.246
2.213
2.221
2.194
2.204
2.177
2.187
2.16
2.16
2.14
2.151
2.133
2.133
2.115
2.124
2.106
2.107
2.089
2.098
2.08
2.079
2.071
2.071
2.062
2.062
2.045
2.045
2.035
2.044
2.036
2.035
2.018
2.027
2.018
2.019
2.01
2.019
2.001
2.01
1.992
2.01
1.993
2.002
1.985
1.993
1.978
1.986
1.979
1.979
1.973
1.982
1.974
1.983
1.965
1.973
1.965
1.965
1.973
1.982
1.975
1.985
1.973
1.981
1.971
1.981
1.986
1.986
1.986
1.994
1.993
1.994
1.995
2.005
2.002
2.012
2.003
2.021
2.011
2.021
2.021
2.03
2.03
2.03
-3.9406 10.4315 4.76407
