1 361
2.344
2.319
2.302
2.272
2.257
2.234
2.218
2.208
2.195
2.176
2.143
2.11
2.074
2.067
2.055
2.049
2.015
1.997
1.993
2.007
2.002
1.995
1.974
1.951
1.934
1.913
1.915
1.898
1.901
1.888
1.882
1.879
1.872
1.856
1.845
1.839
1.832
1.826
1.819
1.812
1.804
1.798
1.795
1.793
1.781
1.765
1.81
1.833
1.639
1.633
1.624
1.616
1.608
1.599
1.599
1.583
1.583
1.575
1.567
1.569
1.559
1.551
1.552
1.545
1.545
1.535
1.536
1.528
1.527
1.52
1.516
1.528
1.6
1.643
1.718
1.771
1.845
1.906
2.011
2.074
2.198
2.269
2.382
2.378
2.221
1.973
1.58
1.407
1.437
1.436
1.458
1.463
5.534
5.528
5.527
5.495
5.647
5.645
5.647
5.648
5.653
5.63
5.639
5.639
5.651
5.648
5.659
5.649
5.653
5.647
5.652
5.655
5.671
5.662
5.677
5.527
5.535
5.556
5.572
5.564
5.585
5.581
5.598
5.598
5.618
5.616
5.643
5.633
5.653
5.659
5.678
5.688
5.697
5.704
5.731
5.731
5.76
5.767
5.783
5.792
5.818
5.828
5.86
5.86
5.885
5.895
5.928
5.937
5.972
2.766
2.691
2.656
2.647
2.624
2.523
2.504
2.489
2.471
2.456
2.447
2.432
2.424
2.406
2.398
2.391
2.373
2.375
2.358
2.35
2.342
2.333
2.316
2.317
2.299
2.301
2.283
2.284
2.276
2.266
2.362
3.028
3.038
3.073
3.082
3.117
3.126
3.17
3.178
3.212
3.221
3.272
3.279
3.322
3.329
3.378
3.393
3.444
3.452
3.51
3.519
3.571
3.588
3.646
3.654
3.723
3.739
1.499
1.434
1.406
1.397
1.389
1.38
1.371
1.362
1.353
1.345
1.336
1.327
1.318
1.318
1.309
1.3
1.291
1.283
1.274
1.274
1.266
1.257
1.257
1.248
1.239
1.239
1.23
1.221
1.221
1.212
1.212
1.203
1.194
1.194
1.194
1.185
1.185
1.176
1.176
1.167
1.167
1.158
1.158
1.15
1.15
1.15
1.141
1.141
1.141
1.132
1.132
1.134
1.124
1.124
1.124
1.123
1.115
1.116
1.115
1.114
1.115
1.108
1.108
1.108
1.108
1.108
1.101
1.101
1.103
1.103
1.103
1.097
1.098
1.101
1.097
1.099
1.103
1.095
1.097
1.097
1.097
1.095
1.093
1.091
1.098
1.095
1.101
1.098
1.096
1.095
1.101
1.1
1.107
1.107
1.107
1.107
1.106
1.106
1.114
1.114
1.114
1.114
1.123
1.123
1.123
1.123
1.132
1.132
1.131
1.132
1.139
1.139
1.149
1.149
1.157
1.156
1.156
1.165
1.166
1.165
1.174
1.174
1.183
1.183
1.192
1.201
1.201
1.201
1.21
1.219
1.219
1.219
1.237
1.237
1.245
1.246
1.263
1.264
1.273
1.272
1.282
1.289
1.298
1.299
1.316
1.317
1.325
1.335
1.344
1.351
1.36
1.36
1.378
1.379
1.395
2.88535 1.58026 0.732122
