1 361
5.561
5.515
5.467
5.417
5.339
5.296
5.249
5.246
5.044
4.992
4.946
4.91
4.889
4.862
4.833
4.841
5.193
5.169
5.157
5.188
4.936
4.883
4.867
4.808
4.729
4.673
4.654
4.651
4.62
4.693
4.829
5.034
5.166
5.212
4.751
4.127
4.1
4.084
4.067
4.05
4.032
4.024
4.007
3.989
3.971
3.963
3.954
3.936
3.927
3.911
3.902
3.897
3.878
3.87
3.863
3.852
3.844
3.828
3.82
3.811
3.801
3.803
3.794
3.785
3.777
3.769
3.76
3.761
3.749
3.75
3.743
3.736
3.733
3.734
3.725
3.727
3.719
3.718
3.712
3.713
3.713
3.712
3.714
3.711
3.708
3.708
3.704
3.709
3.71
3.708
3.707
3.705
3.713
3.712
3.714
3.714
3.719
3.722
3.725
3.733
3.73
3.732
3.74
3.738
3.747
3.747
3.755
3.755
3.764
3.771
3.78
3.785
3.787
3.822
4.979
4.988
5.003
5.012
5.029
5.038
5.055
5.061
5.078
5.093
5.102
5.119
5.136
5.152
5.16
5.186
5.201
5.218
5.234
5.26
5.285
5.293
5.32
5.346
5.364
5.388
5.406
5.422
5.447
5.474
5.498
5.524
5.558
5.583
5.611
5.637
5.663
5.7
5.726
5.761
5.796
5.822
5.856
5.89
5.923
5.967
5.999
6.04
6.081
6.121
6.157
6.2
6.244
6.174
6.115
6.049
5.987
5.929
5.869
5.81
5.762
3.008
2.983
2.96
2.941
2.914
2.891
2.874
2.847
2.822
2.806
2.78
2.765
2.738
2.731
2.713
2.696
2.679
2.661
2.643
2.626
2.609
2.592
2.584
2.559
2.551
2.535
2.527
2.51
2.493
2.477
2.469
2.452
2.443
2.435
2.427
2.411
2.401
2.393
2.385
2.368
2.36
2.35
2.342
2.334
2.325
2.317
2.308
2.3
2.3
2.292
2.274
2.274
2.265
2.266
2.257
2.249
2.24
2.24
2.231
2.231
2.222
2.212
2.212
2.212
2.203
2.195
2.194
2.194
2.185
2.185
2.176
2.176
2.177
2.177
2.849
2.861
2.886
2.954
2.996
3.079
3.419
3.431
3.439
3.412
3.468
3.538
3.843
3.984
3.984
3.761
3.957
3.966
3.966
3.469
3.22
3.223
3.217
3.217
3.223
3.167
3.231
3.757
3.923
3.912
3.44
3.301
3.26
3.253
3.667
3.494
3.369
3.238
3.225
3.23
3.236
3.251
3.256
3.27
3.85
3.727
3.602
3.478
3.372
3.265
3.184
3.183
3.192
3.201
3.209
3.218
3.225
3.234
3.244
3.251
3.26
3.277
3.623
3.574
3.534
3.488
3.449
3.407
3.369
3.326
3.342
7.905
7.94
7.976
8.008
8.04
8.086
8.129
8.161
8.183
8.183
8.183
8.183
8.183
8.183
4.929
4.865
4.843
4.817
4.705
4.685
4.67
4.654
4.636
4.625
4.606
4.596
4.577
4.561
4.554
4.538
4.533
4.724
5.343
5.377
5.418
5.469
5.513
5.563
5.608
5.66
5.704
12.295 6.08102 0.938053
