1 361
2.236
2.265
2.275
2.274
2.283
2.291
2.299
2.307
2.314
2.315
2.323
2.34
2.34
2.357
2.366
2.374
2.391
2.398
2.406
2.414
2.422
2.437
2.446
2.455
2.47
2.487
2.495
2.512
2.519
2.537
2.535
2.536
2.551
2.559
8.183
8.183
8.183
8.183
8.183
8.183
8.183
8.183
8.183
8.183
4.204
4.162
4.139
4.106
4.08
4.051
4.025
3.999
3.974
3.952
3.933
3.91
3.883
3.854
3.847
3.812
3.804
3.778
3.76
3.742
3.726
3.701
3.724
3.767
3.724
3.648
3.635
3.598
3.587
3.599
3.667
3.713
3.771
3.816
3.868
3.912
3.967
4.016
4.077
4.136
4.202
4.258
4.33
4.392
4.46
4.527
4.612
4.68
4.763
4.836
4.927
5.013
5.117
5.202
5.319
5.413
5.53
5.636
5.775
5.892
6.038
6.168
6.335
6.478
6.656
6.809
7.024
7.177
7.42
7.616
8.183
8.183
8.183
8.183
8.183
8.183
8.187
8.183
8.187
8.187
8.183
8.183
8.187
8.183
8.187
8.187
8.183
8.187
8.183
8.187
8.187
8.187
8.183
8.183
8.183
8.183
8.183
8.187
8.183
8.183
8.183
8.183
8.183
8.183
8.187
8.183
8.187
8.187
8.189
8.183
8.187
8.183
8.183
8.183
7.71
7.195
6.623
6.234
5.848
5.846
5.864
4.878
4.683
4.48
4.257
4.092
3.907
3.779
3.62
3.511
3.364
3.265
3.157
3.041
2.962
2.961
2.979
2.979
2.989
2.988
2.943
2.872
2.8
2.738
2.684
2.62
2.57
2.496
2.074
2.04
2.035
1.994
1.96
1.925
1.886
1.859
1.826
1.798
1.767
1.74
1.716
1.682
1.665
1.632
1.607
1.589
1.565
1.55
1.527
1.5
1.483
1.466
1.45
1.433
1.409
1.4
1.383
1.361
1.349
1.332
1.326
1.306
1.3
1.282
1.274
1.258
1.248
1.231
1.221
1.216
1.206
1.187
1.179
1.169
1.161
1.151
1.143
1.135
1.126
1.118
1.109
1.099
1.083
1.083
1.076
1.059
1.059
1.05
1.043
1.034
1.033
1.027
1.018
1.009
1.009
1.002
0.993
0.984
0.984
0.976
0.976
0.967
0.961
0.961
0.96
0.95
0.942
0.942
0.942
0.934
0.934
0.925
0.916
0.916
0.916
0.907
0.907
0.907
0.907
0.897
0.898
0.89
0.89
0.89
0.89
0.881
0.874
0.876
0.872
0.872
0.872
0.864
0.864
0.864
0.855
0.864
0.863
0.864
0.855
0.855
0.855
0.847
0.855
0.847
0.847
0.847
0.847
0.847
0.847
0.847
0.838
0.839
0.843
0.84
0.835
0.839
0.838
0.835
0.833
0.825
0.816
0.808
0.816
0.816
0.825
0.833
0.842
0.835
0.837
0.839
0.836
0.832
0.841
0.84
0.84
0.839
0.83
0.822
0.827
0.817
0.825
0.826
0.826
0.827
0.834
0.826
0.833
0.834
0.991
0.99
0.999
1
0.999
0.999
1
1.009
1.008
8.41838 13.7041 0.241091
