1 361
1.261
1.293
1.31
1.353
1.371
1.403
1.426
1.478
1.494
1.541
1.566
1.623
1.656
1.724
1.756
1.826
1.858
1.944
1.986
2.083
2.135
2.24
2.308
2.432
2.507
2.65
2.753
2.913
3.029
3.243
3.404
3.664
3.866
4.197
4.486
4.939
4.952
4.952
4.952
4.94
4.94
4.933
4.933
4.931
4.931
4.93
4.925
4.924
4.934
4.934
4.933
4.933
4.943
4.941
4.942
4.95
4.952
4.951
4.96
4.97
4.945
4.191
4.181
4.075
3.747
3.468
3.306
3.101
2.717
2.709
2.702
2.688
2.606
2.42
2.339
2.26
2.217
2.125
2.094
1.999
2.012
5.182
5.192
5.202
5.227
5.243
5.26
5.276
5.295
5.31
5.328
5.345
5.363
5.379
5.404
5.428
5.446
5.47
4.741
4.671
5.539
5.566
5.591
5.602
5.566
5.591
5.617
5.642
5.631
5.685
5.713
5.716
5.733
5.756
5.802
5.846
5.883
5.919
6.001
6.045
6.078
3.365
3.361
5.871
5.817
5.995
6.238
6.189
6.175
6.211
6.257
6.306
6.33
6.311
6.376
6.439
6.427
6.44
7.086
5.125
5.123
5.097
5.086
7.409
7.489
7.553
7.643
7.717
7.799
7.89
7.975
8.061
8.149
8.183
7.275
7.019
6.974
6.929
6.891
6.846
6.805
6.393
6.354
6.3
6.252
6.266
6.328
6.538
6.512
5.538
5.518
5.586
6.378
6.194
5.834
5.775
5.76
5.724
5.707
5.628
5.607
5.576
5.645
5.75
5.908
6.093
6.179
8.009
7.428
7.402
7.29
8.183
8.183
8.183
8.183
8.183
8.183
8.183
8.183
8.183
8.183
8.183
8.183
8.183
8.183
8.183
8.183
8.157
8.134
8.102
8.096
8.012
8.183
1.401
1.342
1.306
1.281
1.246
1.231
1.149
1.1
1.091
1.09
1.091
1.093
1.085
1.093
1.085
1.097
1.095
1.112
1.111
1.114
1.109
1.106
1.103
1.109
1.099
1.108
1.098
1.108
1.108
1.115
1.114
1.121
1.111
1.118
1.118
1.126
1.117
1.126
1.117
1.125
1.126
1.134
1.133
1.134
1.134
1.143
1.142
1.142
1.143
1.15
1.15
1.159
1.158
1.168
1.159
1.167
1.167
1.177
1.176
1.184
1.184
1.194
1.192
1.201
1.2
1.21
1.21
1.227
1.227
1.235
1.235
1.244
1.245
1.253
1.263
1.265
1.246
1.236
1.226
1.218
1.2
1.189
1.18
1.17
1.152
1.141
1.132
1.111
1.099
1.081
1.07
1.05
1.033
1.018
1.008
0.991
0.995
1.27
1.26
1.251
1.233
1.223
1.215
1.205
1.188
1.179
1.17
1.162
1.153
1.145
1.136
1.127
1.118
1.11
1.101
0.75
0.732
0.707
0.701
0.693
0.695
0.685
0.676
0.678
0.678
0.67
0.67
0.661
0.662
0.653
0.654
0.653
0.644
0.645
0.645
0.638
0.637
0.636
0.637
0.636
0.629
0.629
0.63
0.62
0.629
0.621
0.621
0.613
3.99653 8.2244 3.26807
