1 361
6.068
6.092
6.126
6.151
6.168
6.184
6.211
6.246
6.263
6.291
6.314
5.572
5.428
5.367
5.279
5.184
5.097
4.966
4.878
4.634
4.545
4.48
4.435
4.393
4.352
4.573
4.722
4.755
4.689
4.484
4.102
3.988
3.934
3.892
3.858
3.827
3.84
4.027
3.444
3.394
3.36
3.327
3.294
3.269
3.236
3.203
3.177
3.151
3.127
3.101
3.066
3.047
3.02
2.999
2.981
2.954
2.939
2.912
2.893
2.869
2.851
2.828
2.812
2.795
2.779
2.762
2.744
2.727
2.71
2.702
2.684
2.667
2.656
2.648
2.621
2.613
2.597
2.588
2.579
2.565
2.559
2.539
2.536
2.516
2.512
2.504
2.495
2.479
2.476
2.457
2.452
2.446
2.444
2.435
2.424
2.418
2.417
2.404
2.39
2.39
2.38
2.38
2.365
2.363
2.354
2.346
2.345
2.343
2.332
2.33
2.327
2.319
2.31
2.318
2.318
2.309
2.303
2.303
2.292
2.292
2.287
2.29
2.278
2.284
2.281
2.277
2.271
2.269
2.27
2.268
2.267
2.268
2.268
2.261
2.261
2.261
2.261
2.262
2.261
2.261
2.336
3.409
3.407
3.409
3.418
3.416
3.424
3.424
3.424
3.432
3.432
3.432
3.432
3.443
3.441
3.458
3.458
3.466
3.466
3.474
3.483
3.491
3.491
3.5
3.509
3.517
3.526
3.526
3.543
3.552
3.561
3.579
3.578
3.587
3.596
3.613
3.622
3.64
3.647
3.665
3.674
3.681
3.698
3.715
3.732
3.741
3.758
3.775
3.792
3.81
3.828
3.845
3.862
3.88
3.898
3.916
3.934
3.952
3.969
3.996
4.013
4.03
4.056
4.082
4.108
4.125
4.149
4.182
4.198
4.231
4.255
4.28
4.31
4.345
4.368
4.404
4.429
4.464
4.5
4.533
4.566
4.6
4.644
4.639
4.592
4.552
4.504
4.472
4.437
4.392
4.357
4.316
4.282
4.262
4.221
4.187
4.156
4.131
4.096
4.074
4.048
4.023
3.999
3.972
3.945
3.92
3.894
3.87
3.852
3.827
3.81
3.785
3.766
3.75
3.724
3.706
3.691
3.67
1.554
1.507
1.499
1.49
1.49
1.481
1.473
1.465
1.464
1.457
1.456
1.448
1.439
1.439
1.431
1.422
1.422
1.422
1.413
1.413
1.405
1.405
1.396
1.396
1.387
1.387
1.387
1.379
1.379
1.379
1.37
1.37
1.37
1.361
1.361
1.361
1.352
1.363
1.354
1.354
1.352
1.354
1.345
1.347
1.348
1.349
1.344
1.345
1.347
1.35
1.344
1.347
1.35
1.343
1.343
1.343
1.342
1.34
1.347
1.343
1.341
1.348
1.345
1.344
1.34
1.346
1.345
1.354
1.345
1.354
1.352
1.352
1.352
1.361
1.361
1.361
1.361
1.361
1.37
1.37
1.37
1.37
1.379
1.386
1.387
1.387
1.396
1.396
1.396
1.405
1.405
1.413
1.413
1.422
1.422
1.431
1.431
1.439
1.439
1.448
1.448
1.457
1.465
13.5498 7.38154 0.520588
