1 361
1.993
1.992
1.999
2.008
2.007
2.016
2.013
1.786
1.719
1.682
1.693
1.686
1.691
1.687
1.687
1.69
1.688
1.693
1.693
1.705
1.703
1.709
1.72
1.723
1.72
1.736
1.744
1.765
1.764
1.782
1.802
1.824
1.841
2.177
2.199
2.193
2.212
2.267
2.265
2.256
2.264
2.264
2.272
2.279
2.291
2.302
2.32
2.333
2.357
1.083
1.054
1.066
1.074
1.073
1.082
1.091
1.1
1.108
1.116
1.124
1.133
1.142
1.151
1.157
1.167
1.166
1.183
1.192
1.2
1.208
1.216
1.232
1.242
1.25
1.267
1.276
1.284
1.301
1.309
1.326
1.334
1.353
1.36
1.369
1.395
1.403
1.421
1.437
1.453
1.47
1.495
1.504
1.529
1.545
1.57
1.585
1.61
1.627
1.661
1.677
1.711
1.729
1.762
1.788
1.823
1.848
1.881
1.905
1.957
1.99
2.032
2.068
2.112
2.156
2.209
2.252
2.31
2.36
2.433
2.484
2.549
2.617
2.692
2.749
2.848
2.913
3.026
3.103
3.218
3.308
3.449
3.552
3.724
3.877
4.083
4.216
4.438
4.612
4.882
5.079
5.441
5.679
6.075
6.382
8.045
8.027
8.018
8.01
8.01
8.001
8.002
7.993
7.992
7.983
7.983
7.967
7.948
7.974
7.964
6.963
6.958
6.96
6.957
6.958
6.974
6.967
6.982
6.975
6.99
6.991
7.009
7.008
7.017
7.014
7.033
7.033
7.047
7.048
7.073
7.075
7.095
7.096
7.123
7.125
7.147
7.147
7.173
7.189
7.498
8.183
8.183
8.183
8.183
8.183
8.183
8.183
8.183
8.183
8.183
8.183
8.183
8.183
8.183
8.183
8.183
8.183
8.183
8.183
8.183
8.183
8.183
8.183
8.183
8.183
8.183
8.183
8.183
8.183
8.183
8.183
8.183
8.183
8.183
8.183
8.183
8.183
8.183
8.183
8.183
8.183
8.183
8.183
8.183
8.183
8.183
8.183
8.183
8.183
8.183
8.183
8.183
8.183
8.183
8.183
8.183
8.183
8.183
8.183
8.183
8.183
8.183
8.183
8.183
8.183
8.183
8.183
7.39
7.335
7.275
7.226
7.157
7.122
7.061
7.019
6.971
6.933
6.873
6.841
6.791
6.757
6.717
6.683
6.64
6.609
6.567
6.545
6.497
6.474
6.444
6.419
6.387
6.353
6.312
6.287
6.26
6.239
6.205
6.19
6.152
6.133
6.101
6.084
2.441
2.464
2.564
2.588
2.69
2.724
2.825
2.868
2.988
3.031
3.159
3.212
3.368
3.426
3.586
3.664
3.856
3.934
4.148
6.914
0.471
0.478
0.48
0.476
0.477
0.479
0.453
0.477
0.448
0.447
0.447
0.447
0.446
0.447
0.437
0.438
0.433
0.434
0.435
0.434
0.435
0.433
0.434
0.433
0.443
0.433
0.434
0.443
0.443
0.434
0.443
0.442
0.444
0.443
0.443
0.442
0.443
0.443
0.453
0.452
0.453
0.453
0.452
0.453
0.452
0.461
0.453
0.461
0.462
11.0568 10.7298 4.76451
