1 361
1.051
1.051
1.05
1.051
1.043
1.043
1.043
1.044
1.043
1.045
1.036
1.038
1.039
1.045
1.039
1.042
1.039
1.038
1.029
1.021
1.021
1.038
1.044
1.041
1.044
1.039
1.044
1.046
1.044
1.05
1.042
1.049
1.048
1.049
1.048
1.048
1.048
1.056
1.057
1.056
1.056
1.065
1.064
1.067
1.066
1.073
1.072
1.073
1.072
1.082
1.081
1.09
1.089
1.09
1.089
1.097
1.106
1.106
1.106
1.114
1.115
1.123
1.122
1.125
1.125
1.132
1.141
1.15
1.149
1.149
1.157
1.166
1.165
1.175
1.173
1.183
1.183
1.192
1.2
1.21
1.208
1.223
1.223
1.226
1.235
1.243
1.243
1.261
1.261
1.268
1.278
1.347
1.484
1.916
2.002
4.271
4.296
4.338
4.364
4.406
4.423
4.468
4.484
4.535
4.561
4.611
4.639
4.689
4.717
4.77
4.796
4.858
4.884
4.902
4.882
4.83
4.816
4.744
4.744
2.74
2.818
2.665
2.656
2.622
2.621
2.587
2.588
2.612
2.631
2.701
2.715
2.77
2.794
2.843
2.868
2.92
2.94
3.001
3.035
3.097
3.124
3.191
3.225
3.292
3.33
3.404
3.421
3.392
3.382
3.36
3.359
3.335
3.334
3.312
3.312
3.287
3.287
3.272
3.262
3.245
3.245
3.221
3.22
3.275
3.326
3.443
3.51
3.647
3.722
3.886
3.988
4.175
4.268
6.767
6.778
6.751
6.751
6.724
6.723
6.7
6.708
6.682
6.694
7.203
7.497
8.183
8.183
8.183
8.183
8.183
8.183
8.183
8.191
8.189
8.183
8.183
8.187
8.191
8.191
8.187
8.187
8.191
6.413
6.394
6.393
6.386
6.387
6.376
6.377
6.369
6.368
6.36
6.368
6.36
6.36
6.359
6.36
6.36
6.368
6.36
6.366
6.375
6.378
6.376
6.385
6.384
6.392
6.394
6.401
6.409
6.417
6.426
6.433
6.443
6.452
6.438
6.335
6.127
6.015
5.821
5.74
5.549
5.465
5.308
5.222
5.079
5.008
4.879
4.82
4.698
4.636
4.526
4.472
4.368
4.325
4.225
4.175
4.092
4.046
3.96
3.928
3.855
3.82
3.748
3.714
3.637
3.603
3.535
3.509
3.401
3.369
3.376
3.393
3.417
3.458
3.513
3.55
5.18
5.214
5.258
5.292
5.332
5.362
5.28
5.299
5.359
5.344
5.268
5.299
5.383
5.423
5.476
5.513
5.574
5.623
5.672
5.725
8.183
8.183
8.183
8.183
8.183
8.183
8.183
8.183
8.183
8.183
8.183
8.183
8.183
8.183
8.183
8.183
8.183
8.021
7.958
7.962
8.097
8.183
8.183
8.183
8.183
8.183
8.183
8.183
8.183
8.183
2.147
2.139
2.129
2.121
2.112
2.129
2.111
2.11
2.102
2.103
2.092
2.084
2.075
2.067
2.067
2.058
2.049
2.049
2.041
2.041
2.026
2.033
2.023
2.025
2.008
2.016
2.008
2
2
1.991
1.991
1.985
1.984
1.984
1.52569 12.9212 2.49071
