1 361
1.584
1.586
1.59
1.6
1.591
1.6
1.6
1.608
1.608
1.624
1.616
1.632
1.632
1.64
1.64
1.65
1.648
1.656
1.656
1.672
1.672
1.68
1.688
1.697
1.697
1.706
1.713
1.725
1.725
1.74
1.739
1.757
1.757
1.775
1.774
1.791
1.79
1.808
1.808
1.82
1.826
1.842
1.85
1.866
1.865
1.882
1.891
1.907
1.917
1.935
1.937
1.955
1.966
1.993
1.991
2.018
2.026
2.042
2.052
2.071
2.079
2.106
2.115
2.141
2.151
2.184
2.185
2.218
2.228
2.262
2.263
2.272
2.274
2.324
2.359
2.599
2.6
2.651
2.659
2.71
2.718
2.77
2.786
2.846
2.902
3.804
3.805
3.77
3.761
3.727
3.735
3.701
3.692
3.667
3.666
3.641
3.633
3.616
3.65
3.684
3.636
3.58
3.579
3.545
3.546
3.562
3.592
3.74
3.777
3.768
3.767
3.759
3.758
3.781
3.82
3.99
4.043
4.359
4.705
4.907
4.975
5.167
5.251
5.478
5.565
5.816
5.915
6.216
6.315
6.644
6.786
7.176
7.343
7.82
7.971
8.183
8.183
8.183
8.183
8.183
8.183
8.183
8.183
8.183
8.183
8.183
8.183
8.183
8.183
8.183
8.183
8.183
8.183
8.183
8.183
8.183
8.183
8.183
8.183
8.183
8.183
8.183
8.183
8.183
8.183
8.183
8.183
8.183
8.183
8.183
8.183
8.183
8.183
8.183
8.183
8.183
8.183
7.82
7.612
7.126
6.97
6.57
6.347
6.334
6.35
6.252
6.114
5.34
5.245
1.577
1.574
1.606
1.629
1.677
1.701
1.751
1.777
1.828
1.859
1.929
1.962
2.032
2.078
2.139
2.147
2.142
2.151
2.15
2.151
2.15
2.16
2.158
2.158
2.166
2.175
2.164
2.174
2.178
2.185
2.184
2.193
2.191
2.201
2.202
2.211
2.211
2.219
2.221
2.228
2.23
2.239
2.246
2.255
2.255
2.27
2.246
2.245
2.2
2.191
2.16
2.15
2.113
2.113
2.087
2.078
2.043
2.032
2.018
2.009
1.975
1.965
1.939
1.941
1.916
1.906
1.883
1.883
1.858
1.857
1.832
1.832
1.806
1.807
1.79
1.781
1.766
1.757
1.738
1.738
1.721
1.72
1.704
1.694
1.678
1.688
1.67
1.661
1.648
1.646
1.628
1.629
1.614
1.613
1.604
1.605
1.588
1.588
1.572
1.579
1.563
1.565
1.556
1.555
1.539
1.548
1.531
1.531
1.523
1.523
1.514
1.513
1.505
1.505
1.497
1.5
1.497
1.498
1.48
1.488
1.48
1.481
1.472
1.472
1.463
1.471
1.465
1.441
1.437
1.436
1.429
1.438
1.427
1.436
1.583
1.589
1.577
1.584
1.576
1.578
1.577
1.578
1.571
1.582
1.57
1.579
1.546
1.575
1.554
1.578
1.572
1.576
1.573
1.581
1.571
1.579
1.578
1.58
1.58
1.588
1.587
1.587
1.588
1.587
1.586
1.597
1.591
1.596
1.605
1.605
1.604
1.614
1.33956 13.8119 0.125821
