1 361
0.404
0.404
0.403
0.402
0.393
0.393
0.394
0.393
0.393
0.384
0.383
0.38
0.383
0.381
0.381
0.376
0.38
0.381
0.379
0.373
0.369
0.372
0.372
0.369
0.37
0.363
0.369
0.366
0.367
0.366
0.356
0.363
0.365
0.358
0.356
0.358
0.359
0.359
0.351
0.393
0.391
0.396
0.382
0.387
0.394
0.388
0.398
0.392
0.393
0.453
0.452
0.456
0.456
0.452
0.443
0.417
0.417
0.414
0.412
0.397
0.394
0.395
0.395
0.388
0.396
0.39
0.39
0.394
0.386
0.385
0.389
0.368
0.368
0.369
0.365
0.367
0.374
0.367
0.369
0.367
0.371
0.373
0.375
0.371
0.367
0.371
0.369
0.362
0.367
0.373
0.378
0.377
0.377
0.375
0.374
0.375
0.376
0.376
0.383
0.377
0.376
0.376
0.375
0.385
0.384
0.386
0.377
0.386
0.387
0.385
0.384
0.384
0.386
0.385
0.386
0.388
0.387
0.394
0.392
0.688
0.701
0.721
0.72
0.731
7.809
7.622
7.5
7.336
7.235
7.056
7.081
7.117
7.047
6.9
6.807
6.681
6.602
6.179
6.131
6.023
5.956
5.859
5.796
5.694
5.631
5.544
5.494
5.408
5.355
5.285
5.232
5.149
5.109
5.038
4.997
4.93
4.887
4.818
4.782
4.721
4.684
4.632
4.562
4.544
4.574
4.617
4.626
4.573
4.541
4.502
4.467
4.413
4.399
4.353
4.331
4.288
4.264
4.219
4.2
4.157
4.137
3.912
3.886
3.872
3.861
3.826
3.808
3.774
3.765
3.73
3.713
3.687
3.672
3.638
3.629
3.605
3.595
3.571
3.555
3.535
3.519
3.501
3.484
3.467
3.459
3.443
3.426
3.409
3.403
3.378
3.368
3.359
3.343
3.328
3.32
3.303
3.304
3.288
3.28
3.27
3.262
3.245
3.247
3.228
3.222
3.212
3.203
3.196
3.196
3.179
3.179
3.169
3.169
3.152
3.15
3.143
3.144
3.137
3.136
3.126
3.127
3.119
3.119
3.096
3.086
3.087
3.153
3.236
3.233
3.233
3.234
3.226
3.228
3.218
3.217
3.22
3.213
3.218
3.222
3.218
3.222
3.214
3.22
3.217
3.224
3.224
3.233
3.233
3.232
3.24
3.241
3.249
3.248
3.256
3.256
3.257
3.273
3.275
3.281
3.132
3.129
3.13
3.151
3.159
3.169
3.177
3.176
3.188
3.195
3.194
3.211
3.211
3.228
3.227
3.241
3.247
2.672
2.634
2.626
2.617
2.608
2.6
2.6
2.582
2.583
2.574
2.566
2.558
2.558
2.542
2.542
2.533
2.534
2.525
2.526
2.517
2.509
2.509
2.502
2.501
2.492
2.493
2.485
3.645
3.674
3.697
3.722
3.739
3.764
3.783
3.807
3.834
3.86
3.886
3.915
3.94
3.966
3.998
4.003
4.035
4.272
4.311
4.349
4.382
4.405
4.448
4.483
4.514
4.566
4.609
4.641
4.695
4.734
4.777
4.751
4.719
4.684
4.734
4.81
4.863
4.907
3.38426 8.54429 0.153702
