1 361
6.227
6.254
6.289
6.314
6.349
6.373
6.406
6.431
5.467
5.405
5.331
5.241
5.184
5.122
4.994
4.934
4.744
4.661
4.6
4.547
4.503
4.466
4.497
4.6
4.566
4.547
4.506
4.429
4.152
4.095
4.045
4.005
3.97
3.949
3.955
4.171
3.865
3.55
3.515
3.487
3.454
3.429
3.396
3.37
3.339
3.315
3.298
3.266
3.241
3.224
3.198
3.174
3.151
3.135
3.111
3.1
3.084
3.055
3.041
3.021
3.006
2.987
2.971
2.953
2.944
2.926
2.909
2.892
2.882
2.857
2.85
2.842
2.829
2.813
2.806
2.788
2.779
2.765
2.759
2.748
2.739
2.731
2.718
2.71
2.7
2.689
2.687
2.681
2.676
2.668
2.657
2.654
2.645
2.637
2.632
2.616
2.617
2.606
2.6
2.596
2.595
2.582
2.58
2.578
2.578
2.558
2.571
2.563
2.563
2.553
2.561
2.548
2.548
2.539
2.539
2.53
2.538
2.53
2.531
2.523
2.531
2.524
2.524
2.516
2.524
2.516
2.516
2.517
2.517
2.508
2.517
2.507
2.517
2.525
3.666
3.666
3.666
3.675
3.683
3.683
3.683
3.683
3.692
3.692
3.7
3.7
3.709
3.709
3.726
3.726
3.734
3.735
3.751
3.752
3.769
3.769
3.786
3.787
3.803
3.803
3.82
3.829
3.838
3.847
3.864
3.874
3.883
3.892
3.909
3.918
3.936
3.945
3.963
3.972
3.998
3.998
4.026
4.034
4.051
4.068
4.093
4.101
4.127
4.137
4.159
4.176
4.202
4.219
4.243
4.26
4.291
4.3
4.332
4.357
4.383
4.401
4.433
4.453
4.485
4.512
4.545
4.561
4.603
4.621
4.664
4.689
4.723
4.75
4.794
4.82
4.865
4.869
4.812
4.759
4.718
4.672
4.631
4.587
4.547
4.512
4.471
4.437
4.407
4.371
4.339
4.311
4.271
4.248
4.206
4.184
4.151
4.127
4.093
4.07
4.035
4.017
1.701
1.683
1.674
1.666
1.659
1.65
1.642
1.634
1.617
1.608
1.608
1.6
1.592
1.583
1.575
1.567
1.558
1.55
1.542
1.541
1.533
1.534
1.526
1.517
1.517
1.509
1.509
1.5
1.492
1.492
1.483
1.483
1.475
1.466
1.466
1.466
1.458
1.458
1.449
1.449
1.45
1.44
1.44
1.433
1.432
1.432
1.433
1.423
1.423
1.423
1.424
1.424
1.415
1.415
1.415
1.416
1.416
1.41
1.412
1.412
1.406
1.408
1.411
1.406
1.408
1.401
1.404
1.404
1.404
1.404
1.41
1.407
1.405
1.411
1.408
1.406
1.403
1.41
1.409
1.408
1.415
1.415
1.415
1.414
1.415
1.414
1.423
1.423
1.423
1.423
1.432
1.432
1.432
1.44
1.439
1.449
1.449
1.449
1.458
1.458
1.465
1.465
1.466
1.475
1.483
1.483
1.492
1.492
1.5
1.5
1.509
1.509
1.517
1.517
1.526
1.534
1.534
1.542
1.551
1.551
1.559
1.568
1.576
1.576
1.593
13.3663 7.26922 0.582006
