1 361
0.869
0.891
0.906
0.939
0.941
1.029
1.035
1.077
1.095
1.127
1.144
1.178
1.195
1.24
1.255
1.308
1.331
1.384
1.415
1.475
1.506
1.574
1.614
1.699
1.751
1.835
1.894
2.006
2.076
2.201
2.294
2.453
2.567
2.757
2.907
3.151
3.352
3.702
4.011
4.481
4.953
4.978
4.978
4.976
4.977
4.968
4.968
4.968
4.968
4.969
4.968
4.968
4.969
4.978
4.979
4.977
4.978
4.986
4.987
4.995
4.996
5.004
5.011
5.014
5.017
4.995
4.238
4.247
4.176
3.836
3.677
3.49
3.362
3.212
3.1
2.763
2.766
2.761
2.713
2.561
2.498
2.409
2.365
2.273
2.217
2.158
2.111
2.076
2.069
5.316
5.331
5.348
5.365
5.389
5.406
5.423
5.45
5.465
5.491
5.509
5.541
5.56
5.16
4.723
5.628
5.654
5.69
5.671
5.655
5.691
5.717
5.731
5.756
5.783
5.808
5.812
5.834
5.884
5.924
5.962
6.004
6.042
6.13
6.17
6.15
3.464
3.456
3.474
5.887
6.254
6.296
6.315
6.343
6.422
6.469
6.451
6.42
6.478
6.546
6.543
6.497
7.198
7.264
5.232
5.214
5.177
5.293
7.619
7.692
7.776
7.856
7.942
8.022
8.115
8.183
8.183
8.183
7.255
7.133
7.075
7.039
6.992
6.955
6.911
6.495
6.465
6.428
6.396
6.43
6.653
6.657
5.829
5.663
5.677
5.843
6.495
6.141
5.921
5.893
5.864
5.832
5.783
5.735
5.713
5.763
5.846
5.986
6.219
6.272
8.173
7.575
7.603
7.423
7.516
8.183
8.183
8.183
8.183
8.183
8.183
8.183
8.183
8.183
8.183
8.183
8.183
8.183
8.183
8.183
8.183
8.183
8.183
8.183
1.527
1.476
1.428
1.402
1.363
1.359
1.238
1.224
1.216
1.214
1.214
1.213
1.209
1.219
1.213
1.224
1.23
1.252
1.259
1.264
1.234
1.226
1.225
1.237
1.228
1.246
1.238
1.253
1.248
1.246
1.244
1.252
1.252
1.253
1.25
1.257
1.257
1.256
1.255
1.263
1.265
1.265
1.273
1.272
1.272
1.278
1.28
1.278
1.278
1.287
1.286
1.284
1.295
1.293
1.293
1.289
1.289
1.304
1.304
1.314
1.314
1.323
1.322
1.33
1.339
1.339
1.34
1.349
1.349
1.36
1.333
1.32
1.304
1.292
1.276
1.257
1.247
1.225
1.215
1.193
1.18
1.153
1.143
1.122
1.095
1.068
1.067
1.314
1.333
1.347
1.335
1.322
1.312
1.295
1.286
1.269
1.251
1.242
1.225
1.189
0.86
0.765
0.758
0.75
0.751
0.741
0.734
0.724
0.725
0.72
0.71
0.709
0.703
0.703
0.695
0.685
0.685
0.685
0.677
0.669
0.669
0.661
0.661
0.654
0.654
0.646
0.646
0.638
0.638
0.636
0.636
0.638
0.629
0.629
0.621
0.621
0.621
0.622
0.61
0.612
0.614
0.606
0.605
0.604
0.605
0.596
0.597
0.596
4.15153 8.24275 3.24804
