1 361
4.726
4.763
4.788
4.815
4.851
4.865
4.909
4.934
4.96
4.994
5.027
5.06
5.092
5.134
5.168
5.201
5.242
5.276
4.162
4.127
8.189
5.333
4.16
4.069
4.033
3.987
3.931
3.888
3.843
3.817
3.778
3.749
3.609
3.558
3.523
3.487
3.447
3.433
3.415
3.4
3.38
3.356
3.343
3.415
3.719
3.699
3.686
3.68
3.744
3.733
3.463
3.427
3.433
3.409
3.392
3.373
3.329
3.313
3.265
3.233
3.224
3.239
3.229
3.255
3.297
3.548
3.709
3.836
3.758
3.942
3.313
3.307
3.29
2.843
2.693
2.675
2.675
2.668
2.659
2.65
2.64
2.632
2.632
2.615
2.615
2.597
2.598
2.59
2.581
2.581
2.582
2.573
2.573
2.558
2.564
2.549
2.548
2.541
2.548
2.535
2.535
2.528
2.528
2.52
2.528
2.52
2.52
2.512
2.52
2.512
2.512
2.512
2.512
2.512
2.512
2.503
2.513
2.513
2.512
2.512
2.513
2.512
2.52
2.52
2.52
2.52
2.525
2.538
2.539
2.539
2.544
2.544
2.556
2.55
2.558
2.558
2.573
2.573
2.581
2.58
2.589
2.589
2.606
2.606
2.614
2.621
2.63
2.634
2.641
2.644
2.654
2.666
2.669
2.67
2.686
2.694
2.702
2.706
2.726
2.728
2.739
2.745
2.762
2.763
2.781
2.784
2.816
2.812
2.83
2.837
2.852
2.86
2.878
2.887
2.911
2.912
2.937
2.947
2.963
2.972
2.998
3.006
3.033
3.033
3.098
4.483
4.516
4.534
4.576
4.601
4.636
4.66
4.703
4.721
4.765
4.793
4.836
4.862
4.905
4.941
4.982
5.016
5.065
5.099
5.155
5.19
5.247
5.273
5.342
5.377
5.443
5.477
5.545
5.588
5.66
5.704
5.773
5.818
5.901
5.943
6.034
6.049
5.999
5.961
5.918
5.885
5.843
5.81
5.777
5.751
5.717
5.689
5.654
5.627
5.592
5.564
5.547
5.521
5.489
5.465
5.432
5.406
5.39
5.364
5.347
5.321
5.305
5.288
5.263
5.272
5.256
5.239
5.223
5.207
5.181
5.173
5.146
5.139
3.13
3.12
3.113
3.103
3.095
3.094
3.085
3.077
3.066
3.067
3.058
3.051
3.051
3.041
3.041
3.034
3.034
3.024
3.024
3.016
3.016
3.008
3.009
2.999
3
3.001
3.002
2.995
2.998
2.994
2.996
2.987
3
2.99
2.989
2.987
2.995
2.994
2.997
2.996
2.994
3.001
3
2.999
3.009
3.008
3.016
3.016
3.024
3.025
3.035
3.034
3.034
3.042
3.052
3.051
3.06
3.06
3.069
3.078
3.079
3.087
3.095
3.094
3.112
3.114
3.132
3.157
4.396
4.315
4.284
4.29
4.295
4.309
4.303
4.432
4.342
4.341
4.352
4.362
4.525
4.478
4.412
4.423
4.439
4.455
4.513
4.74
4.651
4.591
4.518
4.466
4.455
4.473
4.49
4.506
4.532
4.548
4.583
4.612
4.834
4.807
4.754
0.651426 -0.637401 -1.08861
