1 361
1.518
1.526
1.523
1.506
1.506
1.489
1.48
1.472
1.463
1.454
1.446
1.429
1.43
1.411
1.411
1.403
1.402
1.386
1.385
1.367
1.367
1.358
1.358
1.341
1.341
1.332
1.323
1.315
1.314
1.305
1.306
1.298
1.298
1.288
1.281
1.272
1.272
1.263
1.263
1.254
1.263
1.245
1.254
1.236
1.245
1.236
1.236
1.227
1.218
1.219
1.218
1.218
1.218
1.21
1.21
1.201
1.21
1.201
1.201
1.193
1.193
1.185
1.184
1.184
1.184
1.184
1.184
1.175
1.175
1.175
1.176
1.176
1.176
1.168
1.177
1.163
1.167
1.164
1.17
1.169
1.174
1.163
1.163
1.154
1.163
1.163
1.171
1.168
1.171
1.172
1.178
1.172
1.168
1.168
1.177
1.176
1.176
1.175
1.176
1.176
1.184
1.177
1.184
1.184
1.193
1.184
1.193
1.193
1.202
1.202
1.202
1.202
1.211
1.211
1.22
1.22
1.219
1.22
1.229
1.222
1.23
1.237
1.247
1.247
1.247
1.256
1.256
1.256
1.265
1.265
1.274
1.274
1.283
1.282
1.299
1.3
1.309
1.309
1.318
1.318
1.327
1.336
1.345
1.345
1.353
1.362
1.371
1.371
1.389
1.388
1.397
1.407
1.414
1.422
1.43
1.439
1.447
1.464
1.473
1.481
1.498
1.502
1.503
1.501
1.51
1.518
1.526
1.719
1.764
1.782
1.79
1.806
1.823
1.832
1.848
1.874
1.889
1.906
1.924
1.941
1.965
1.983
2.008
2.026
2.044
2.071
2.087
2.113
2.131
2.165
2.184
2.217
2.243
2.269
2.302
2.326
2.314
2.299
2.29
2.272
2.274
2.257
2.256
2.288
2.364
2.398
2.433
2.477
2.521
2.553
2.604
2.65
2.697
2.747
2.798
2.854
2.906
2.968
3.031
3.098
3.156
3.236
3.301
3.393
3.46
3.559
3.646
3.751
3.845
3.973
4.1
4.217
4.87
5.086
5.1
5.082
5.08
5.144
5.392
5.549
5.527
5.495
5.478
5.434
5.417
5.383
5.369
5.341
5.325
5.289
5.27
5.29
5.326
5.377
5.419
5.47
5.52
5.572
5.626
5.672
8.191
8.191
8.191
8.183
8.183
8.183
8.183
8.183
8.183
8.183
8.183
8.183
8.183
8.183
8.183
8.183
8.183
8.183
8.187
8.183
8.183
8.183
8.183
8.183
8.183
8.183
8.183
8.183
8.183
7.986
7.733
7.429
7.234
6.958
6.759
6.52
6.364
6.157
6.012
5.756
5.737
5.747
5.781
5.671
5.55
5.402
5.295
5.3
7.913
7.898
3.877
3.783
3.766
3.715
3.718
3.694
3.682
3.681
3.685
3.695
3.699
3.727
3.676
3.617
3.574
3.506
3.463
3.413
3.371
3.322
3.284
3.241
3.198
3.157
3.116
3.079
3.041
2.998
2.964
2.93
2.892
2.859
2.815
2.779
2.737
2.71
2.664
2.639
2.592
2.566
2.529
2.497
2.452
2.429
2.404
2.38
2.358
2.333
2.312
2.296
2.272
7.48934 4.04861 1.12199
