1 361
1.007
1.016
1.007
1.015
1.016
1.019
1.01
1.022
1.022
1.022
1.022
1.03
1.022
1.03
1.029
1.03
1.029
1.039
1.038
1.046
1.046
1.046
1.046
1.054
1.054
1.062
1.062
1.07
1.061
1.079
1.08
1.087
1.087
1.088
1.088
1.097
1.106
1.114
1.113
1.122
1.122
1.131
1.131
1.139
1.139
1.143
1.152
1.155
1.156
1.164
1.174
1.183
1.183
1.191
1.191
1.209
1.21
1.217
1.218
1.236
1.235
1.252
1.253
1.261
1.27
1.279
1.286
1.305
1.302
1.313
1.32
1.339
1.339
1.355
1.355
1.375
1.386
1.397
1.405
1.424
1.43
1.447
1.456
1.472
1.481
1.507
1.505
1.53
1.537
1.561
1.57
1.595
1.602
1.636
1.64
1.649
1.648
1.685
1.685
1.978
2.008
2.032
2.058
2.083
2.101
2.145
2.163
2.207
2.222
2.27
2.299
2.34
2.366
2.42
2.444
2.511
2.542
2.55
2.55
2.523
2.525
2.508
2.508
2.506
2.536
2.663
2.697
2.771
2.813
2.904
2.951
2.936
2.926
2.9
2.892
2.858
2.85
2.824
2.816
2.784
2.784
2.758
2.748
2.724
2.723
2.698
2.689
2.672
2.672
2.637
2.637
2.609
2.623
2.65
2.668
2.685
2.711
2.728
2.753
2.778
2.796
2.827
2.852
2.886
2.905
2.931
2.956
2.991
3.018
3.032
8.191
8.183
8.183
8.183
8.183
8.183
8.183
8.183
8.183
8.183
8.183
8.183
8.183
8.183
8.183
8.183
8.183
8.183
8.183
8.183
8.183
8.183
8.183
8.183
8.183
8.183
8.183
8.183
8.183
8.183
7.56
7.307
7.148
6.89
6.758
6.512
6.394
6.168
6.062
5.875
5.778
5.601
5.514
5.345
5.272
5.121
5.047
4.913
4.857
4.732
4.672
4.563
4.504
4.404
4.354
4.261
4.208
4.122
4.071
3.994
3.954
3.873
3.838
3.767
3.734
3.656
3.623
3.566
3.53
3.43
3.412
3.427
3.452
3.479
3.498
3.451
3.418
3.371
3.347
3.299
3.274
3.232
3.211
3.167
3.151
3.112
3.097
3.067
8.183
8.183
6.629
8.183
8.183
8.183
8.183
8.183
8.183
8.183
8.183
8.183
8.183
8.183
8.183
8.183
8.183
8.183
8.183
8.183
8.183
8.183
2.365
2.37
2.354
2.337
2.347
2.326
2.326
2.307
2.299
2.283
2.262
2.186
2.164
1.969
1.957
1.93
1.934
1.923
1.923
1.916
1.912
1.915
1.91
1.914
1.906
1.947
1.972
1.995
2.027
2.049
2.037
2.002
1.927
1.944
1.979
2.018
2.056
2.06
2.058
2.048
2.048
2.04
2.04
2.032
2.031
2.013
2.021
2.012
2.009
2
2.001
1.991
1.989
1.98
1.98
1.968
1.966
1.946
1.947
1.931
1.938
1.928
1.928
1.92
1.914
1.917
1.918
1.932
1.919
1.926
1.921
1.914
1.904
1.883
1.88
1.878
1.879
1.879
1.873
1.876
1.883
7.23821 6.92765 2.06285
