1 361
8.183
8.183
8.183
8.183
8.183
8.183
8.183
8.183
8.183
8.183
8.183
8.187
8.187
8.183
8.183
8.183
8.183
8.183
8.183
8.183
8.183
8.183
8.183
8.183
8.183
8.183
8.183
8.183
8.183
8.183
8.183
8.183
8.183
8.183
8.183
8.026
7.937
7.561
7.47
7.131
7.066
6.795
6.796
6.823
6.823
6.555
6.505
5.855
5.831
5.634
5.584
5.403
5.371
5.2
5.163
5.002
4.963
4.816
4.789
4.658
4.625
4.507
4.484
4.364
4.348
4.239
4.211
4.074
4.066
4.069
4.077
4.118
4.126
4.037
4.012
3.932
3.916
3.839
3.831
3.752
3.743
3.666
3.655
3.597
3.584
3.281
3.272
3.248
3.245
3.183
3.173
3.125
3.115
3.071
3.064
3.018
3.01
2.965
2.956
2.912
2.912
2.87
2.862
2.829
2.818
2.786
2.779
2.745
2.737
2.713
2.703
2.679
2.671
2.644
2.635
2.611
2.613
2.576
2.577
2.552
2.551
2.527
2.519
2.497
2.495
2.472
2.471
2.447
2.448
2.421
2.421
2.407
2.397
2.39
2.389
2.364
2.364
2.347
2.347
2.33
2.33
2.314
2.314
2.297
2.297
2.28
2.289
2.271
2.271
2.255
2.256
2.246
2.246
2.237
2.237
2.229
2.228
2.211
2.22
2.189
2.189
2.181
2.181
2.306
2.328
2.32
2.32
2.312
2.32
2.305
2.312
2.306
2.305
2.297
2.299
2.289
2.298
2.291
2.288
2.292
2.292
2.285
2.288
2.283
2.291
2.287
2.293
2.284
2.293
2.289
2.291
2.289
2.298
2.288
2.298
2.298
2.304
2.297
2.305
2.304
2.312
2.32
2.318
2.32
2.328
2.329
2.336
2.337
2.349
2.273
2.237
2.189
2.199
2.206
2.207
2.229
2.238
2.246
2.255
2.254
2.262
2.263
2.273
2.28
2.289
2.289
2.297
2.306
2.314
2.322
2.331
2.34
2.348
2.357
2.31
1.993
1.936
1.746
1.748
1.733
1.74
1.732
1.731
1.723
1.724
1.713
1.722
1.714
1.714
1.704
1.713
1.706
1.712
1.697
1.696
1.696
1.698
1.697
1.696
1.696
1.698
1.687
1.698
1.689
1.697
1.696
1.698
1.696
1.698
1.695
1.696
1.688
1.696
1.695
1.704
1.697
1.697
1.696
1.718
3.157
3.172
3.223
3.247
3.264
3.287
3.558
3.598
3.656
3.672
3.732
3.758
3.819
3.848
3.912
3.941
4.009
4.042
4.119
4.135
4.09
4.082
4.048
4.09
4.202
4.245
4.331
4.375
4.467
4.511
4.615
4.656
4.765
4.825
4.939
4.994
5.134
5.192
5.338
5.397
5.562
5.624
5.779
7.332
7.568
7.65
7.921
8.052
8.082
8.082
8.039
8.031
8.01
7.997
7.961
8.007
8.183
8.183
8.183
8.183
8.183
8.183
8.183
8.183
8.183
8.183
8.183
8.183
8.183
8.183
8.187
8.191
8.183
8.191
8.183
8.191
8.183
8.183
8.183
8.183
8.183
8.183
4.22602 8.99032 0.897396
