1 361
1.851
1.851
1.862
1.868
1.867
1.875
1.875
1.882
1.882
1.891
1.9
1.899
1.916
1.916
1.923
1.923
1.94
1.94
1.947
1.956
1.964
1.973
1.981
1.988
2.001
2.005
2.021
2.022
2.039
2.047
2.052
2.033
2.051
2.061
2.097
2.255
2.271
2.279
2.297
2.305
2.322
2.338
2.363
2.364
2.388
2.395
2.412
2.43
2.454
2.461
2.487
2.503
2.566
3.687
3.648
3.627
3.59
3.567
3.541
3.515
3.49
3.462
3.438
3.405
3.388
3.364
3.347
3.323
3.299
3.274
3.258
3.241
3.216
3.2
3.229
3.24
3.217
3.163
3.137
3.112
3.096
3.073
3.118
3.156
3.22
3.253
3.305
3.325
3.293
3.271
3.267
3.261
3.276
3.269
3.288
3.287
3.308
3.329
3.394
3.651
4.134
4.173
4.291
4.334
4.455
4.513
4.642
4.711
4.842
4.914
5.069
5.142
5.315
5.394
5.583
5.674
5.876
5.987
6.227
6.342
6.606
6.734
7.03
7.208
8.183
8.183
8.183
8.183
8.183
8.183
8.183
8.183
8.183
8.183
8.183
8.183
8.183
8.183
8.183
8.183
8.183
8.183
8.183
8.183
8.183
8.183
8.183
8.183
8.183
8.183
8.183
8.183
8.183
8.183
8.183
8.183
8.183
8.183
8.183
8.183
8.183
8.183
8.183
8.183
8.183
8.183
8.183
8.183
8.183
8.183
7.416
7.154
6.684
6.481
6.075
5.913
5.616
5.618
5.651
5.643
0.867
0.855
0.891
0.889
0.924
0.923
0.956
0.957
0.999
0.998
1.047
1.047
1.099
1.097
1.149
1.148
1.212
1.212
1.283
1.283
1.359
1.36
1.438
1.428
1.443
1.443
1.443
1.443
1.449
1.441
1.45
1.45
1.458
1.45
1.467
1.459
1.467
1.465
1.473
1.474
1.481
1.472
1.481
1.481
1.498
1.489
1.506
1.498
1.513
1.501
1.522
1.514
1.531
1.521
1.537
1.537
1.554
1.547
1.561
1.562
1.571
1.571
1.586
1.577
1.596
1.595
1.618
1.613
1.593
1.585
1.568
1.568
1.555
1.545
1.532
1.524
1.507
1.508
1.489
1.484
1.466
1.464
1.449
1.442
1.432
1.433
1.416
1.416
1.407
1.398
1.391
1.391
1.374
1.372
1.365
1.365
1.357
1.348
1.339
1.339
1.33
1.321
1.315
1.314
1.305
1.305
1.295
1.295
1.285
1.286
1.278
1.278
1.269
1.269
1.261
1.261
1.261
1.251
1.252
1.243
1.243
1.244
1.235
1.236
1.236
1.226
1.226
1.226
1.226
1.226
1.226
1.218
1.218
1.218
1.208
1.208
1.209
1.209
1.209
1.2
1.202
1.203
1.197
1.199
1.205
1.199
1.198
1.204
1.196
1.196
1.187
1.178
1.178
1.178
1.187
1.187
1.196
1.203
1.203
1.205
1.198
1.197
1.195
1.201
1.21
1.2
1.209
1.209
1.209
1.209
1.219
1.219
1.218
1.218
1.219
1.219
1.227
1.226
1.226
1.227
1.237
2.13156 13.9383 0.063067
