1 361
0.709
0.71
0.711
0.711
0.711
0.712
0.718
0.719
0.718
0.718
0.716
0.717
0.717
0.724
0.725
0.724
0.724
0.733
0.733
0.732
0.731
0.741
0.739
0.74
0.747
0.748
0.748
0.757
0.756
0.763
0.764
0.764
0.764
0.773
0.773
0.78
0.78
0.788
0.788
0.797
0.795
0.805
0.803
0.812
0.812
0.82
0.82
0.827
0.828
0.836
0.838
0.846
0.846
0.855
0.855
0.864
0.863
0.88
0.879
0.888
0.887
0.898
0.897
0.915
0.914
0.923
0.93
0.939
0.937
0.956
0.955
0.964
0.971
0.98
0.989
0.997
1.005
1.021
1.029
1.039
1.046
1.055
1.063
1.081
1.098
1.107
1.124
1.133
1.141
1.158
1.166
1.185
1.193
1.211
1.22
1.238
1.256
1.273
1.29
1.308
1.326
1.352
1.369
1.385
1.403
1.428
1.453
1.472
1.497
1.52
1.543
1.578
1.603
1.627
1.652
1.694
1.726
1.762
1.795
1.83
1.871
1.913
1.957
2.017
2.049
2.101
2.156
2.225
2.268
2.335
2.399
2.483
2.55
2.642
2.72
2.818
2.914
3.03
3.143
3.27
3.397
3.553
3.716
3.738
3.737
3.728
3.72
3.711
3.711
3.702
3.702
3.694
3.694
3.695
3.694
3.678
3.685
3.678
3.685
3.678
3.677
3.669
3.677
3.677
3.677
3.669
3.678
3.677
3.678
3.678
3.686
3.686
3.695
3.686
3.694
3.695
2.963
2.915
2.924
2.853
2.746
2.409
2.276
2.144
2.039
1.919
1.878
1.848
1.795
1.444
1.427
1.437
1.452
1.444
1.511
1.462
1.429
1.377
3.866
3.875
3.884
3.893
3.911
3.921
3.939
3.939
3.966
3.975
3.992
4.001
4.017
4.035
4.042
4.06
4.085
4.093
4.11
4.128
4.152
4.168
4.186
4.211
4.226
4.241
4.267
4.293
4.315
4.331
3.437
3.464
4.41
4.435
4.373
4.397
4.431
4.448
4.478
4.468
4.522
4.546
4.563
4.576
4.599
4.626
4.683
4.709
4.749
4.788
4.819
4.905
4.949
4.988
4.94
4.89
4.855
4.809
4.772
4.728
5.021
5.153
5.112
5.125
5.185
5.234
5.324
5.296
5.331
5.397
2.329
2.308
2.329
6.22
6.288
6.288
6.256
5.822
6.607
4.185
4.197
6.877
4.17
4.089
4.253
7.28
7.395
7.496
6.997
6.969
6.97
7.045
7.602
6.655
5.706
5.65
5.624
5.6
5.599
5.731
5.59
5.566
5.528
5.527
5.606
5.548
5.49
8.187
6.422
5.98
5.72
4.939
4.868
4.847
4.914
5.112
4.951
4.916
5.012
5.163
5.148
5.149
5.18
5.18
5.261
5.564
5.083
4.977
4.955
4.825
4.799
4.828
6.251
6.294
5.191
5.286
8.172
5.874
5.99
8.156
8.146
8.147
8.148
7.263
7.194
7.131
7.126
7.13
7.192
7.236
7.68
7.684
7.439
7.255
7.155
7.119
7.132
7.157
7.2
7.755
7.767
7.755
8.183
2.86349 8.71738 2.20838
