1 361
1.734
1.681
1.656
1.615
1.598
1.548
1.531
1.49
1.474
1.441
1.423
1.389
1.38
1.346
1.337
1.302
1.293
1.268
1.257
1.231
1.224
1.222
1.222
1.155
1.141
1.118
1.11
1.093
1.084
1.059
1.059
1.035
1.027
1.01
1.01
0.984
0.984
0.967
0.967
0.951
0.951
0.934
0.933
0.917
0.916
0.898
0.899
0.881
0.881
0.899
0.899
0.908
0.916
0.924
0.933
0.942
0.951
0.966
0.966
0.985
0.993
1.01
1.018
1.035
1.043
1.051
1.059
0.686
0.685
0.69
0.701
0.703
0.702
0.697
0.705
0.708
0.714
0.711
0.713
0.719
0.726
0.757
0.765
0.797
0.814
0.857
0.865
0.912
0.923
0.976
0.999
1.046
1.079
1.145
1.176
1.255
1.296
1.394
1.462
1.68
1.718
1.778
1.801
4.891
4.882
4.869
4.857
4.84
4.84
4.831
4.815
4.805
4.797
4.787
4.779
4.761
4.761
4.752
4.753
4.739
4.734
4.717
4.726
4.688
4.7
4.842
4.841
4.831
4.832
4.826
4.834
4.829
4.832
4.82
4.823
4.812
4.819
4.801
4.797
4.826
4.823
4.823
4.826
4.82
4.829
4.831
4.839
4.685
4.681
4.698
4.708
4.709
4.717
4.723
4.734
4.735
4.751
4.752
4.756
4.761
4.769
4.778
4.796
4.797
4.813
4.822
4.831
4.841
4.848
4.858
4.874
4.883
4.895
4.909
4.927
4.937
4.952
4.96
4.987
4.995
5.02
5.03
5.044
5.062
5.087
5.096
5.12
5.135
5.169
5.177
5.21
5.227
1.941
1.92
1.895
1.853
1.822
1.814
1.819
1.788
1.794
1.695
1.688
1.673
1.671
1.663
1.654
1.647
1.646
1.639
1.63
1.621
1.622
1.614
1.613
1.605
1.595
1.587
1.587
1.579
1.58
1.571
1.58
1.563
1.562
1.555
1.563
1.546
1.555
1.547
1.547
1.539
1.546
1.529
1.539
1.531
1.539
1.529
1.529
1.522
1.53
1.743
2.49
2.514
2.547
2.572
2.605
2.63
2.672
2.699
2.74
2.765
2.809
2.84
2.892
2.925
2.971
3.004
3.056
3.093
3.153
3.195
3.254
3.304
3.36
3.409
3.485
3.537
3.613
3.672
2.758
2.571
2.671
3.985
4.083
4.158
4.265
4.356
2.653
2.565
2.562
2.556
2.548
2.577
2.573
2.589
2.753
2.92
2.935
2.945
2.973
2.991
3.217
3.194
3.187
3.18
2.913
2.87
2.818
2.817
2.811
2.758
2.584
2.427
1.701
1.694
1.69
1.69
1.686
1.679
1.665
1.656
0.933
0.931
0.927
0.93
0.922
0.926
0.922
0.924
0.925
0.926
0.925
0.925
0.924
0.922
0.926
0.925
0.93
0.929
0.925
0.924
0.929
0.929
0.928
0.928
0.927
0.926
0.925
0.925
0.934
0.935
0.935
0.935
0.943
0.935
0.943
0.944
0.943
0.943
0.952
0.952
0.961
0.961
0.961
0.961
0.961
0.962
0.968
0.968
0.977
3.67107 2.06924 0.480664
