1 361
1.126
1.122
1.126
1.117
1.126
1.118
1.117
1.116
1.109
1.109
1.109
1.099
1.099
1.1
1.099
1.09
1.09
1.09
1.091
1.09
1.091
1.081
1.082
1.085
1.086
1.079
1.084
1.079
1.081
1.079
1.079
1.072
1.072
1.063
1.063
1.063
1.072
1.081
1.083
1.087
1.083
1.087
1.081
1.084
1.081
1.083
1.091
1.09
1.09
1.09
1.099
1.098
1.098
1.098
1.098
1.107
1.107
1.108
1.115
1.115
1.114
1.115
1.124
1.115
1.119
1.124
1.132
1.132
1.132
1.141
1.141
1.15
1.149
1.15
1.157
1.157
1.166
1.166
1.166
1.175
1.175
1.175
1.183
1.188
1.201
1.201
1.21
1.21
1.219
1.218
1.227
1.236
1.245
1.244
1.253
1.264
1.271
1.271
1.28
1.282
1.295
1.293
1.302
1.313
1.323
1.331
1.338
1.349
1.354
1.356
1.373
1.382
1.389
1.401
1.416
1.416
1.432
1.442
1.457
1.466
1.483
1.492
1.501
1.515
1.533
1.535
1.547
1.563
1.58
1.59
1.614
1.626
5.23
5.278
5.352
5.407
5.477
5.525
5.591
5.646
5.714
5.758
5.86
5.922
3.133
3.083
3.059
3.041
3.024
3.006
2.996
3.033
3.115
3.149
3.202
3.251
3.299
3.349
3.415
3.463
3.534
3.585
3.661
3.72
3.797
3.855
3.847
3.829
3.82
3.803
3.796
3.778
3.777
3.759
3.744
3.727
3.726
3.711
3.7
3.691
3.681
3.763
3.946
4.104
4.295
4.336
4.439
4.595
4.771
4.879
7.226
7.226
7.206
7.189
7.181
7.172
7.162
7.318
7.783
8.183
8.183
8.183
8.183
8.183
8.183
8.183
8.191
8.183
8.183
8.189
8.191
8.191
8.191
8.191
8.191
8.191
6.869
6.861
6.853
6.853
6.844
6.836
6.837
6.828
6.828
6.83
6.829
6.82
6.819
6.82
6.828
6.82
6.828
6.828
6.836
6.827
6.835
6.836
6.843
6.844
6.853
6.86
6.866
6.869
6.885
6.882
6.935
6.774
6.573
6.407
6.219
6.082
5.894
5.77
5.595
5.483
5.354
5.248
5.123
5.02
4.912
4.825
4.72
4.639
4.545
4.477
4.385
4.315
4.238
4.175
4.096
4.035
3.962
3.908
3.788
3.739
3.755
3.772
3.794
3.847
3.881
3.927
5.402
5.439
5.523
5.548
5.591
5.62
5.662
5.697
5.634
5.64
5.683
5.665
5.606
5.627
5.703
5.737
5.784
5.833
5.883
5.918
5.975
6.017
8.183
8.183
8.183
8.183
8.183
8.183
8.183
8.183
8.183
8.183
8.183
8.183
8.183
8.183
8.183
8.183
2.357
2.342
2.318
2.318
2.314
2.306
2.289
2.281
2.263
2.254
2.237
2.228
2.217
2.211
2.193
2.195
2.176
2.166
2.153
2.151
2.136
2.137
2.12
2.119
2.11
2.102
2.096
2.084
2.076
2.067
2.058
2.057
2.05
2.041
2.041
2.034
2.023
2.015
2.008
2.009
1.999
1.93098 12.5225 2.28999
