1 361
2.638
2.633
2.63
2.604
2.61
2.664
2.644
2.643
2.644
2.652
2.652
2.656
2.659
2.654
2.69
2.736
2.891
3.059
2.821
2.622
2.615
2.611
2.614
2.612
2.615
2.619
2.624
2.697
3.018
2.999
3.089
3.269
3.163
2.679
2.5
2.491
2.499
2.5
2.5
2.5
2.508
2.507
2.507
2.516
2.515
2.515
2.523
2.523
2.531
2.542
3.013
2.96
2.89
2.846
2.779
2.73
2.682
2.631
2.579
2.535
2.554
2.58
6.843
6.854
6.882
6.895
6.925
6.938
6.966
6.982
7.014
7.025
7.062
7.072
7.116
7.125
7.158
7.178
7.214
7.242
7.272
7.299
7.334
7.367
7.402
7.413
4.042
3.996
3.977
3.946
3.84
3.823
3.798
3.788
3.773
3.754
3.747
3.725
3.71
3.694
3.683
3.677
3.66
3.652
3.643
3.616
4.377
4.403
4.446
4.463
4.505
4.531
4.575
4.598
4.649
4.677
4.729
4.755
4.807
4.844
2.769
2.753
2.729
2.705
2.678
2.661
2.636
2.618
2.601
2.576
2.561
2.537
2.519
2.503
2.487
2.463
2.455
2.429
2.421
2.404
2.388
2.371
2.363
2.346
2.33
2.312
2.305
2.287
2.287
2.261
2.261
2.244
2.236
2.218
2.218
2.2
2.192
2.182
2.173
2.166
2.155
2.149
2.139
2.13
2.121
2.113
2.113
2.104
2.101
2.085
2.087
2.069
2.07
2.06
2.06
2.052
2.051
2.044
2.043
2.035
2.035
2.026
2.025
2.016
2.016
2.009
2.008
2.008
2.009
2.001
2.001
1.993
1.991
1.993
1.993
1.986
1.986
1.978
1.98
1.981
1.983
1.976
1.979
1.971
1.983
1.968
1.979
1.971
1.98
1.971
1.976
1.969
1.982
1.97
1.985
1.975
1.982
1.971
1.978
1.976
1.984
1.982
1.99
1.991
2
1.99
2.007
1.999
2.007
1.997
2.016
2.006
2.023
2.014
2.023
2.023
2.041
2.039
2.039
2.039
2.056
2.056
2.065
2.065
2.075
2.075
2.083
2.083
2.102
2.101
2.11
2.109
2.127
2.127
2.146
2.146
2.154
2.163
2.172
2.18
2.199
2.198
2.216
2.216
2.234
2.234
2.259
2.267
2.285
2.294
2.31
2.318
2.336
2.344
2.361
2.36
2.395
2.394
2.41
2.419
2.451
2.452
2.474
2.482
2.516
2.522
2.549
2.556
2.581
2.588
2.612
2.631
2.657
2.664
2.7
2.707
2.74
2.749
2.792
2.8
2.842
2.848
2.892
2.91
2.945
2.962
3.007
3.016
3.068
3.086
3.137
3.155
3.205
3.221
3.272
3.298
3.353
3.378
3.436
3.459
3.528
3.554
3.621
3.647
3.723
3.749
3.827
3.858
3.94
3.964
4.057
4.091
4.182
4.223
4.319
4.369
4.476
4.582
6.016
5.991
5.966
5.948
5.917
5.9
5.874
5.857
5.833
5.823
5.798
5.789
5.763
5.754
5.727
5.719
5.694
5.684
4.727
4.718
4.701
4.702
4.683
2.24643 0.293259 1.43131
