1 361
5.558
5.513
5.467
5.408
5.329
5.296
5.241
5.252
5.037
4.981
4.94
4.917
4.888
4.862
4.832
4.848
5.201
5.167
5.155
5.179
4.926
4.892
4.864
4.797
4.698
4.663
4.636
4.638
4.6
4.683
4.829
5.034
5.178
5.211
4.751
4.124
4.1
4.081
4.073
4.049
4.029
4.02
4.003
3.988
3.977
3.962
3.952
3.934
3.926
3.907
3.9
3.893
3.877
3.867
3.851
3.841
3.834
3.832
3.815
3.817
3.808
3.8
3.791
3.783
3.774
3.765
3.758
3.757
3.755
3.747
3.741
3.733
3.73
3.731
3.722
3.725
3.716
3.715
3.718
3.71
3.711
3.71
3.711
3.709
3.705
3.705
3.702
3.707
3.71
3.706
3.702
3.712
3.703
3.709
3.711
3.712
3.717
3.719
3.721
3.729
3.729
3.729
3.737
3.738
3.745
3.745
3.754
3.761
3.762
3.769
3.777
3.774
3.784
3.822
4.985
4.994
5.001
5.017
5.019
5.035
5.05
5.067
5.077
5.092
5.101
5.117
5.133
5.15
5.166
5.184
5.199
5.225
5.241
5.257
5.282
5.291
5.318
5.335
5.361
5.386
5.404
5.419
5.445
5.471
5.496
5.522
5.556
5.573
5.608
5.634
5.662
5.697
5.722
5.759
5.786
5.82
5.855
5.889
5.921
5.964
5.996
6.038
6.079
6.119
6.154
6.198
6.242
6.18
6.108
6.05
5.977
5.931
5.869
5.821
5.761
3.006
2.991
2.964
2.939
2.912
2.887
2.871
2.844
2.819
2.803
2.778
2.761
2.746
2.728
2.711
2.693
2.667
2.658
2.641
2.624
2.607
2.589
2.573
2.557
2.549
2.532
2.516
2.507
2.49
2.475
2.466
2.45
2.441
2.433
2.415
2.408
2.399
2.391
2.374
2.365
2.357
2.348
2.339
2.331
2.323
2.314
2.306
2.297
2.289
2.281
2.281
2.272
2.263
2.263
2.254
2.246
2.237
2.237
2.228
2.219
2.219
2.219
2.21
2.21
2.201
2.192
2.192
2.192
2.183
2.183
2.183
2.174
2.174
2.175
2.829
2.859
2.883
2.955
2.994
3.094
3.417
3.421
3.434
3.423
3.45
3.55
3.789
3.981
3.981
3.768
3.954
3.963
3.964
3.464
3.22
3.22
3.214
3.214
3.222
3.165
3.224
3.745
3.92
3.909
3.434
3.289
3.255
3.258
3.663
3.504
3.37
3.236
3.214
3.227
3.233
3.24
3.255
3.26
3.848
3.734
3.599
3.484
3.37
3.263
3.179
3.18
3.189
3.199
3.206
3.206
3.223
3.232
3.241
3.249
3.258
3.275
3.613
3.58
3.534
3.476
3.446
3.407
3.368
3.328
3.344
7.904
7.936
7.974
8.009
8.043
8.079
8.118
8.16
8.183
8.183
8.183
8.183
8.183
8.183
4.928
4.874
4.84
4.814
4.704
4.686
4.669
4.653
4.64
4.621
4.614
4.595
4.578
4.57
4.555
4.546
4.53
4.704
5.339
5.373
5.415
5.468
5.51
5.561
5.605
5.658
5.711
12.2949 6.08091 0.937608
