1 361
0.836
0.852
0.844
0.852
0.859
0.868
0.867
0.877
0.877
0.885
0.885
0.892
0.901
0.9
0.909
0.917
0.916
0.925
0.924
0.939
0.942
0.955
0.956
0.972
0.972
1.036
1.055
1.058
1.068
1.073
1.067
1.06
1.067
1.075
1.076
1.092
1.091
1.101
1.11
1.118
1.126
1.125
1.144
1.146
1.17
5.666
5.617
5.564
5.503
5.449
5.395
5.332
5.283
5.32
5.37
5.374
5.322
5.265
5.226
5.167
5.132
5.092
5.053
5.019
4.987
4.944
4.909
4.875
4.659
4.637
4.618
4.585
4.561
4.525
4.501
4.467
4.45
4.425
4.397
4.372
4.348
4.323
4.298
4.274
4.25
4.234
4.209
4.193
4.168
4.152
4.136
4.119
4.101
4.074
4.066
4.044
4.032
4.015
4.006
3.989
3.972
3.965
3.946
3.936
3.918
3.911
3.897
3.884
3.876
3.867
3.859
3.841
3.832
3.832
3.823
3.806
3.787
3.774
3.769
3.908
3.915
3.909
3.899
3.891
3.882
3.873
3.874
3.874
3.864
3.856
3.856
3.857
3.847
3.847
3.848
3.838
3.839
3.831
3.832
3.833
3.829
3.828
3.828
3.831
3.823
3.819
3.754
3.668
3.666
3.69
3.695
3.693
3.691
3.699
3.697
3.706
3.706
3.705
3.713
3.721
3.722
3.728
3.738
3.737
3.746
3.746
3.756
3.763
3.772
3.78
3.78
3.789
3.799
3.807
3.817
3.825
3.825
3.833
3.853
3.859
3.867
3.885
3.894
3.903
3.915
3.929
3.937
3.955
3.963
3.982
3.989
4.006
4.025
4.041
4.05
4.067
4.085
4.101
4.119
4.135
4.159
4.176
4.193
4.218
4.22
4.245
4.413
4.466
4.49
4.512
4.539
4.563
4.59
4.613
4.641
4.665
4.7
4.724
4.757
0.932
0.926
0.91
0.909
0.891
0.892
0.876
0.868
0.859
0.859
0.85
0.834
0.822
0.82
0.818
0.825
0.831
0.826
0.817
0.817
0.804
0.809
0.814
0.82
0.811
0.812
0.764
0.773
0.743
0.717
0.72
0.721
0.727
0.717
0.723
0.726
0.72
0.725
0.714
0.717
0.721
0.72
0.712
0.712
0.712
0.72
0.72
0.719
0.718
0.719
0.712
0.724
0.722
0.717
0.724
0.722
0.727
0.726
0.716
0.725
0.724
0.723
0.731
0.73
0.731
0.73
0.732
0.729
0.731
0.739
0.739
0.738
0.738
0.739
0.745
0.745
0.746
0.745
0.755
0.755
0.755
0.762
0.762
0.77
0.771
0.77
0.769
0.778
0.777
0.778
0.784
0.783
0.793
0.795
0.793
0.803
0.801
0.81
0.81
0.819
0.819
0.827
0.827
0.836
0.836
0.844
0.843
0.853
0.852
0.86
0.869
0.961
2.144
2.112
2.12
2.107
2.11
2.111
2.151
2.181
2.303
2.819
2.833
2.864
2.869
2.785
2.531
2.541
2.513
2.49
2.408
2.296
2.194
2.103
2.029
1.949
1.892
1.834
1.779
1.78
1.779
1.781
4.63831 2.54578 0.441053
