1 361
6.538
5.635
5.51
5.453
5.373
5.31
5.241
5.147
5.073
5.02
4.845
4.779
4.707
4.678
4.633
4.598
4.575
4.685
4.67
4.641
4.613
4.537
4.324
4.255
4.198
4.158
4.125
4.093
4.071
4.111
4.356
4.182
3.691
3.665
3.638
3.614
3.586
3.551
3.534
3.509
3.483
3.457
3.433
3.406
3.392
3.366
3.351
3.329
3.317
3.29
3.274
3.249
3.24
3.224
3.208
3.183
3.174
3.158
3.142
3.132
3.116
3.098
3.088
3.07
3.062
3.043
3.04
3.025
3.015
3.006
3.001
2.982
2.976
2.958
2.956
2.943
2.942
2.933
2.925
2.906
2.905
2.897
2.9
2.881
2.879
2.868
2.867
2.854
2.858
2.842
2.841
2.834
2.83
2.819
2.823
2.811
2.808
2.806
2.806
2.795
2.804
2.791
2.795
2.787
2.789
2.78
2.79
2.772
2.781
2.772
2.772
2.764
2.772
2.764
2.765
2.764
2.772
2.764
2.765
2.765
2.765
2.765
2.765
2.763
3.928
3.918
3.937
3.928
3.937
3.927
3.945
3.945
3.954
3.955
3.964
3.963
3.982
3.982
3.99
3.99
4.008
4.008
4.026
4.026
4.043
4.043
4.06
4.061
4.078
4.078
4.104
4.103
4.122
4.122
4.155
4.146
4.18
4.178
4.205
4.204
4.23
4.237
4.26
4.261
4.294
4.294
4.328
4.334
4.367
4.369
4.403
4.411
4.446
4.455
4.479
4.488
4.521
4.53
4.571
4.581
4.623
4.631
4.675
4.683
4.726
4.735
4.788
4.796
4.842
4.849
4.901
4.919
4.97
4.979
5.037
5.055
5.105
5.07
5.001
4.968
4.903
4.866
4.815
4.78
4.729
4.703
4.644
4.615
4.564
4.541
4.49
4.468
4.428
4.407
1.89
1.882
1.864
1.857
1.839
1.831
1.822
1.813
1.796
1.788
1.77
1.762
1.754
1.744
1.736
1.727
1.719
1.71
1.702
1.693
1.684
1.676
1.668
1.66
1.651
1.642
1.635
1.626
1.618
1.618
1.609
1.601
1.601
1.593
1.584
1.575
1.568
1.568
1.559
1.559
1.551
1.551
1.543
1.542
1.534
1.535
1.527
1.526
1.517
1.518
1.518
1.51
1.51
1.51
1.501
1.501
1.501
1.501
1.493
1.493
1.484
1.484
1.484
1.484
1.485
1.478
1.486
1.47
1.471
1.472
1.475
1.468
1.472
1.474
1.468
1.47
1.473
1.464
1.475
1.466
1.473
1.471
1.477
1.475
1.471
1.469
1.475
1.473
1.479
1.47
1.477
1.477
1.484
1.476
1.484
1.484
1.483
1.492
1.492
1.493
1.5
1.5
1.5
1.509
1.509
1.509
1.517
1.517
1.526
1.526
1.526
1.534
1.534
1.542
1.542
1.541
1.55
1.558
1.558
1.567
1.575
1.575
1.583
1.583
2.746
2.749
2.771
2.769
2.789
2.79
2.777
2.791
2.8
2.804
2.818
2.825
2.829
2.839
2.849
2.85
2.847
2.838
2.863
2.863
2.87
2.875
2.884
13.1702 7.12939 0.663007
