1 361
5.031
5.072
5.097
5.13
5.146
4.074
4.051
3.986
3.965
3.89
3.86
3.815
3.797
3.739
3.707
3.655
3.632
3.569
3.479
3.409
3.385
3.337
3.315
3.275
3.258
3.232
3.214
3.194
3.198
3.37
3.4
3.386
3.455
3.428
3.294
3.231
3.221
3.179
3.005
2.922
2.912
2.87
2.869
2.839
2.829
2.805
2.795
2.784
2.785
2.9
3.151
3.029
2.998
3.08
3.212
3.074
3.047
2.443
2.436
2.42
2.42
2.404
2.396
2.388
2.38
2.363
2.354
2.346
2.346
2.33
2.321
2.312
2.305
2.305
2.296
2.287
2.279
2.271
2.262
2.253
2.253
2.245
2.245
2.237
2.231
2.214
2.214
2.214
2.215
2.207
2.205
2.188
2.199
2.187
2.188
2.18
2.179
2.17
2.17
2.172
2.171
2.162
2.161
2.162
2.163
2.163
2.162
2.154
2.163
2.154
2.162
2.155
2.155
2.155
2.155
2.162
2.172
2.166
2.165
2.165
2.165
2.164
2.165
2.169
2.168
2.168
2.177
2.175
2.184
2.184
2.194
2.193
2.202
2.201
2.21
2.201
2.21
2.218
2.227
2.227
2.235
2.237
2.246
2.238
2.251
2.254
2.263
2.264
2.274
2.281
2.289
2.303
2.304
2.306
2.313
2.322
2.33
2.336
2.344
2.36
2.369
2.373
2.385
2.394
2.408
2.416
2.423
2.433
2.441
2.449
2.466
2.473
2.488
2.497
2.513
2.521
2.536
2.553
2.561
2.577
2.592
2.602
2.617
2.711
4.064
4.089
4.114
4.147
4.172
4.195
4.222
4.252
4.278
4.309
4.344
4.386
4.411
4.455
4.481
4.524
4.547
4.59
4.632
4.677
4.71
4.754
4.799
4.843
4.886
4.928
4.97
5.029
5.071
5.129
5.178
5.244
5.288
5.357
5.407
5.475
5.534
5.605
5.657
5.629
5.602
5.557
5.539
5.495
5.481
5.428
5.412
5.372
5.362
5.319
5.302
5.27
5.25
5.224
5.206
5.175
5.155
5.128
5.109
5.086
5.069
5.044
5.031
5.006
4.999
4.971
4.964
4.941
4.931
4.932
4.925
4.913
4.905
4.88
4.88
4.853
4.844
4.826
4.827
4.809
4.801
4.784
4.783
2.886
2.822
2.807
2.807
2.799
2.799
2.791
2.8
2.783
2.791
2.783
2.784
2.775
2.776
2.767
2.768
2.761
2.762
2.759
2.77
2.764
2.767
2.759
2.759
2.759
2.766
2.762
2.76
2.764
2.762
2.761
2.768
2.767
2.775
2.775
2.783
2.783
2.791
2.791
2.791
2.8
2.807
2.807
2.807
2.807
2.816
2.823
2.832
2.832
2.84
2.849
2.849
2.858
2.867
2.875
2.884
2.883
2.9
2.901
2.91
2.919
2.927
2.936
2.945
2.954
2.97
2.981
2.989
2.997
3.015
3.015
3.033
4.205
4.222
4.211
4.257
4.308
4.289
4.292
4.31
4.484
4.435
4.374
4.372
4.396
4.421
4.453
4.711
4.635
4.574
4.506
4.456
4.439
4.466
0.881515 -1.06265 -1.00272
