1 361
0.61
0.619
0.618
0.619
0.626
0.626
0.625
0.636
0.635
0.637
0.636
0.635
0.643
0.641
0.651
0.651
0.641
0.652
0.659
0.663
0.65
0.688
0.691
0.7
0.701
0.716
0.724
2.903
2.914
2.927
2.95
0.744
0.735
0.739
0.749
0.752
0.753
0.75
0.749
0.74
0.743
0.752
0.768
0.789
0.802
0.829
0.838
0.871
0.888
0.928
0.95
0.979
1.008
1.058
1.08
1.129
1.175
1.233
1.451
2.561
2.538
2.53
2.528
2.535
2.2
2.175
2.192
2.205
2.216
2.231
2.238
2.253
2.277
2.299
2.347
2.382
2.444
2.963
3.038
3.079
3.127
3.161
3.232
3.265
3.34
3.354
3.394
3.443
3.551
3.636
3.663
3.664
3.26
3.224
3.239
3.263
3.314
3.354
8.187
3.583
5.086
5.07
5.155
5.956
5.971
5.953
5.936
1.949
1.955
1.996
2.055
2.09
2.161
2.211
2.284
2.333
2.417
2.473
2.576
2.644
2.757
2.84
2.979
3.075
3.279
3.404
3.644
3.811
4.087
4.294
4.662
4.966
5.5
5.855
6.56
7.055
7.83
8.183
8.183
8.183
8.183
8.183
8.183
8.183
8.183
8.183
8.183
8.183
8.183
8.183
8.183
8.183
8.183
8.183
8.183
8.183
8.183
8.183
8.183
8.183
8.183
8.183
8.183
8.183
8.183
8.183
8.183
8.183
8.183
8.183
8.183
8.183
8.183
8.183
8.183
8.183
8.183
8.183
8.183
8.183
8.183
8.183
8.183
8.183
8.183
8.183
8.183
8.183
8.183
8.183
8.183
8.183
8.183
8.183
8.183
8.183
8.183
8.183
8.183
1.439
1.42
1.412
1.394
1.386
1.37
1.351
1.344
1.326
1.318
1.301
1.291
1.275
1.265
1.258
1.248
1.24
1.22
1.213
1.203
1.195
1.187
1.177
1.169
1.159
1.151
1.142
1.144
1.134
1.126
1.117
1.108
1.1
1.1
1.091
1.082
1.074
1.066
1.065
1.056
1.056
1.048
1.04
1.031
1.03
1.023
1.013
1.014
1.015
1.007
0.997
0.997
0.998
0.989
0.981
0.981
0.981
0.972
0.972
0.973
0.965
0.964
0.957
0.956
0.955
0.957
0.94
0.949
0.939
0.939
0.939
0.94
0.93
0.932
0.932
0.974
0.964
0.97
0.963
1.029
1.029
0.987
0.987
0.961
0.952
0.943
0.943
0.928
0.928
0.927
0.92
0.919
0.92
0.91
0.911
0.911
0.902
0.902
0.901
0.902
0.892
0.901
0.892
0.894
0.893
0.928
0.917
1.091
1.091
1.227
1.242
1.373
1.411
1.598
1.633
1.917
1.957
2.305
2.454
3.011
3.205
4.351
4.791
6.907
6.971
7.006
7.009
6.992
6.991
6.994
7.001
7.004
7.002
7.015
7.014
7.02
7.022
7.03
7.04
7.044
7.043
7.055
7.068
7.077
7.085
7.091
7.225
7.096
7.108
7.272
7.155
7.168
7.168
7.194
7.203
7.224
7.237
7.254
7.271
7.297
7.314
7.33
10.8865 12.1107 4.86643
