1 361
0.966
0.927
0.919
1.063
1.061
1.071
1.061
1.067
1.066
1.079
1.079
1.083
1.079
1.077
1.071
1.07
1.073
1.076
1.071
1.086
1.085
1.084
1.083
1.092
1.082
1.085
1.095
1.093
1.093
1.103
1.107
1.105
1.107
1.11
1.114
1.123
1.121
1.142
1.131
1.138
1.142
1.145
1.147
1.157
1.156
1.169
1.162
1.176
1.178
1.182
1.149
1.15
1.169
1.123
1.123
1.14
1.14
1.152
1.151
1.178
1.178
1.198
1.198
1.227
1.228
1.248
1.248
1.277
1.278
1.306
1.298
1.328
1.329
1.346
1.347
1.373
1.374
1.401
1.393
1.412
1.412
1.439
1.439
1.456
1.456
1.481
1.489
1.507
1.507
1.53
1.53
1.546
1.556
1.581
1.588
1.607
1.615
1.644
1.645
1.679
1.678
1.712
1.72
1.746
1.755
1.789
1.791
1.832
1.831
1.874
1.874
1.92
1.92
1.967
1.975
2.027
2.036
2.079
2.091
2.142
2.151
2.203
2.22
2.265
2.288
2.347
2.363
2.422
2.441
2.511
2.537
2.604
2.632
2.715
2.731
2.823
2.856
2.952
2.989
3.074
3.108
3.229
3.262
3.377
3.429
3.564
3.623
3.769
3.836
4.01
4.089
4.292
4.337
5.823
5.825
5.909
5.875
5.822
5.821
5.807
5.938
6.423
6.618
7.186
7.404
8.084
8.183
8.183
8.183
8.183
8.183
8.183
8.187
8.187
8.187
8.187
8.187
8.187
8.183
8.183
8.183
8.183
8.183
8.183
8.183
8.183
8.183
8.183
8.187
8.187
8.187
8.191
8.187
8.191
8.187
8.187
8.191
8.187
8.191
8.183
8.183
8.183
8.183
8.183
8.183
8.183
8.183
8.183
8.174
7.654
7.499
7.158
7.037
6.73
6.609
6.36
6.262
5.99
5.996
6.014
6.035
5.855
5.777
5.603
5.142
4.997
4.947
4.802
4.751
4.617
4.563
4.443
4.401
4.283
4.244
4.139
4.1
4.001
3.968
3.884
3.855
3.766
3.732
3.657
3.63
3.553
3.527
3.46
3.433
3.364
3.308
3.281
3.296
3.322
3.337
3.357
3.337
3.278
3.259
3.205
3.19
3.138
3.125
3.082
3.065
3.022
3.012
2.971
2.95
2.917
2.909
2.866
2.858
2.816
2.663
2.56
2.55
2.542
2.536
2.5
2.492
2.468
2.459
2.429
2.428
2.394
2.393
2.362
2.361
2.335
2.328
2.304
2.301
2.277
2.269
2.253
2.243
2.236
2.217
2.2
2.203
2.184
2.175
2.167
2.157
2.14
2.14
2.122
2.122
2.104
2.104
2.087
2.087
2.069
2.069
2.052
2.052
2.043
2.035
2.028
2.026
2.017
2.017
2.008
2
1.992
1.991
1.983
1.983
1.966
1.968
1.957
1.957
1.949
1.949
1.94
1.94
1.931
1.931
1.924
1.924
1.924
1.923
1.915
1.915
1.908
1.915
1.908
1.908
1.899
1.91
1.902
1.902
1.891
1.897
1.896
1.903
1.889
1.88
1.871
1.871
5.13889 12.8768 6.23187
