1 361
1.972
2.006
2.039
2.084
2.118
2.144
2.187
2.231
2.272
2.313
2.359
2.403
2.459
2.499
2.563
2.615
2.681
2.739
2.816
2.87
2.957
3.016
3.115
3.203
3.302
3.39
3.513
3.61
3.757
3.86
4.025
4.142
4.343
4.472
4.715
4.875
5.155
5.192
6.695
6.654
6.654
6.649
6.911
7.036
8.187
8.187
8.191
8.191
8.183
8.183
8.191
8.183
8.183
8.183
8.183
8.183
8.183
8.183
8.183
8.183
8.183
8.183
8.183
8.183
8.183
8.183
8.183
8.183
8.183
8.183
8.183
8.183
8.183
8.183
8.187
8.183
8.183
8.183
8.183
8.183
8.183
8.183
5.074
5.13
5.248
5.315
5.443
5.512
5.573
5.561
5.564
5.557
5.553
5.554
5.552
5.552
5.552
5.544
5.553
5.544
5.554
5.455
5.31
5.225
5.102
5.02
4.903
4.836
4.732
4.672
4.559
4.498
4.418
4.358
4.274
4.194
4.144
4.142
4.181
4.181
4.17
4.114
4.049
4.009
3.948
3.903
3.843
3.808
3.758
3.718
3.655
3.439
3.329
3.314
3.279
3.254
3.213
3.187
3.144
3.119
3.085
3.059
3.032
2.997
2.97
2.944
2.919
2.893
2.868
2.843
2.817
2.804
2.778
2.752
2.736
2.717
2.693
2.675
2.651
2.634
2.616
2.598
2.583
2.566
2.551
2.529
2.519
2.502
2.487
2.47
2.454
2.438
2.43
2.413
2.404
2.397
2.38
2.362
2.354
2.346
2.337
2.322
2.311
2.304
2.296
2.278
2.27
2.261
2.252
2.243
2.235
2.226
2.217
2.209
2.209
2.191
2.187
2.197
2.299
2.326
2.431
2.454
2.57
2.603
2.681
2.677
2.675
2.667
2.657
2.65
2.65
2.634
2.632
2.633
2.623
2.614
2.614
2.606
2.602
2.572
2.573
2.564
2.63
2.802
2.853
2.832
4.338
4.331
6.865
7.399
7.41
7.408
7.419
7.403
7.414
7.407
7.408
7.4
7.412
7.41
7.409
7.406
7.413
7.413
7.331
6.64
5.67
5.396
5.288
4.562
4.399
4.403
4.412
4.411
4.428
4.422
4.437
4.437
4.445
4.454
4.462
2.741
2.602
2.604
2.614
2.613
2.647
2.646
2.661
2.663
2.681
2.671
2.689
2.689
2.698
2.707
2.725
2.715
2.732
2.741
2.757
2.756
2.772
2.773
2.791
2.789
2.806
2.815
2.831
2.83
2.856
2.866
2.89
2.888
2.908
2.917
2.934
2.94
2.969
2.976
2.952
2.921
2.87
2.845
2.793
2.777
2.717
2.711
2.658
2.642
2.589
2.581
2.552
2.554
2.583
2.592
2.628
2.635
2.662
2.67
2.705
2.714
2.746
2.756
2.79
2.799
2.839
2.848
2.889
2.898
2.933
2.952
2.985
3.003
3.048
3.064
3.112
3.127
3.17
3.187
3.245
3.257
3.32
3.327
3.393
3.41
4.37
4.403
4.468
4.474
4.858
4.905
4.999
5.041
5.136
5.172
5.286
5.329
5.353
5.342
5.307
-2.28181 13.2609 0.905119
