1 361
5.561
5.522
5.466
5.404
5.337
5.293
5.246
5.253
5.034
4.989
4.944
4.912
4.896
4.862
4.83
4.859
5.197
5.166
5.164
5.185
4.933
4.89
4.874
4.834
4.736
4.691
4.663
4.658
4.634
4.71
4.829
5.032
5.143
5.208
4.748
4.126
4.098
4.082
4.065
4.048
4.038
4.021
4.004
3.987
3.979
3.961
3.953
3.935
3.927
3.908
3.9
3.896
3.876
3.868
3.86
3.851
3.834
3.826
3.817
3.809
3.801
3.802
3.792
3.784
3.776
3.767
3.759
3.757
3.755
3.749
3.74
3.736
3.732
3.724
3.724
3.724
3.716
3.718
3.709
3.708
3.71
3.711
3.711
3.709
3.707
3.707
3.702
3.706
3.706
3.707
3.704
3.713
3.712
3.709
3.713
3.712
3.716
3.721
3.722
3.722
3.729
3.739
3.729
3.738
3.745
3.746
3.754
3.761
3.762
3.77
3.78
3.775
3.794
3.822
4.976
4.985
5.002
5.011
5.029
5.043
5.053
5.069
5.075
5.093
5.11
5.118
5.133
5.149
5.165
5.182
5.2
5.225
5.241
5.258
5.284
5.3
5.309
5.334
5.351
5.388
5.404
5.421
5.454
5.471
5.496
5.532
5.548
5.583
5.609
5.635
5.662
5.699
5.723
5.76
5.785
5.821
5.855
5.89
5.931
5.956
5.997
6.037
6.078
6.12
6.156
6.198
6.24
6.182
6.12
6.048
5.985
5.919
5.869
5.811
5.758
3.007
2.991
2.955
2.94
2.914
2.89
2.87
2.847
2.821
2.805
2.78
2.762
2.746
2.729
2.713
2.686
2.676
2.66
2.642
2.625
2.607
2.591
2.582
2.567
2.55
2.534
2.517
2.509
2.499
2.475
2.467
2.45
2.442
2.433
2.425
2.408
2.4
2.392
2.384
2.366
2.358
2.35
2.341
2.324
2.324
2.315
2.307
2.299
2.29
2.282
2.282
2.264
2.265
2.255
2.255
2.247
2.238
2.238
2.23
2.22
2.221
2.22
2.211
2.211
2.202
2.202
2.193
2.193
2.184
2.184
2.175
2.175
2.175
2.176
2.848
2.86
2.885
2.962
2.996
3.103
3.417
3.43
3.435
3.419
3.48
3.549
3.902
3.983
3.974
3.769
3.965
3.974
3.965
3.457
3.219
3.221
3.214
3.215
3.219
3.165
3.223
3.747
3.922
3.911
3.439
3.301
3.258
3.26
3.663
3.501
3.369
3.237
3.224
3.228
3.234
3.249
3.256
3.27
3.849
3.726
3.592
3.477
3.369
3.263
3.181
3.182
3.19
3.189
3.207
3.207
3.215
3.233
3.241
3.25
3.258
3.275
3.622
3.579
3.53
3.48
3.444
3.405
3.364
3.319
3.339
7.901
7.934
7.971
8.006
8.042
8.083
8.115
8.158
8.183
8.183
8.183
8.183
8.183
8.183
4.926
4.862
4.841
4.799
4.709
4.682
4.669
4.65
4.635
4.618
4.604
4.596
4.574
4.559
4.553
4.544
4.529
4.739
5.341
5.374
5.416
5.469
5.509
5.562
5.606
5.66
5.712
12.295 6.08113 0.937608
