1 361
1.14
1.134
1.134
1.114
1.105
1.2
1.281
1.361
1.381
1.46
1.475
1.57
1.581
1.703
1.722
1.877
1.936
2.126
2.194
2.418
2.465
2.677
2.68
3.246
3.402
4.243
4.463
4.854
6.357
6.348
6.377
8.183
8.187
8.183
8.183
8.183
8.183
8.183
8.183
8.183
8.183
8.183
8.183
8.183
8.187
8.187
8.187
8.183
8.187
8.187
8.187
8.187
8.187
8.187
8.187
8.187
8.187
8.187
8.187
8.187
8.183
8.183
8.183
8.183
8.183
8.183
8.183
8.183
8.183
8.183
8.183
8.183
8.183
8.168
8.041
7.751
7.643
7.385
7.276
7.05
6.973
6.803
6.814
6.837
6.765
6.574
6.485
5.99
5.893
5.78
5.722
5.579
5.528
5.39
5.34
5.218
5.171
5.055
5.014
4.908
4.873
4.769
4.733
4.643
4.609
4.518
4.49
4.403
4.379
4.295
4.271
4.161
4.144
4.174
4.193
4.219
4.202
4.139
4.113
4.05
4.031
3.983
3.957
3.906
3.888
3.834
3.807
3.768
3.749
3.7
3.583
3.425
3.414
3.394
3.377
3.335
3.336
3.289
3.28
3.247
3.231
3.196
3.189
3.155
3.147
3.111
3.103
3.078
3.07
3.035
3.035
3.008
3
2.975
2.964
2.939
2.929
2.914
2.905
2.878
2.879
2.855
2.855
2.827
2.829
2.803
2.796
2.78
2.779
2.755
2.754
2.738
2.731
2.722
2.722
2.704
2.695
2.678
2.678
2.669
2.669
2.651
2.651
2.633
2.633
2.617
2.617
2.606
2.607
2.6
2.6
2.582
2.582
2.574
2.576
2.566
2.566
2.559
2.559
2.551
2.551
2.531
2.528
2.52
2.519
2.671
2.67
2.663
2.674
2.657
2.666
2.658
2.658
2.658
2.657
2.651
2.66
2.655
2.657
2.65
2.657
2.652
2.659
2.649
2.656
2.657
2.656
2.655
2.662
2.664
2.67
2.672
2.671
2.671
2.679
2.68
2.688
2.689
2.697
2.697
2.705
2.713
2.72
2.723
2.728
2.588
2.574
2.582
2.591
2.612
2.622
2.622
2.63
2.639
2.647
2.658
2.665
2.674
2.682
2.689
2.7
2.7
2.716
2.719
2.734
2.736
2.591
2.268
2.136
2.123
2.123
2.112
2.112
2.105
2.104
2.096
2.104
2.095
2.086
2.086
2.085
2.078
2.078
2.068
2.078
2.069
2.069
2.069
2.068
2.058
2.058
2.059
2.059
2.051
2.059
2.051
2.051
2.051
2.059
2.051
2.059
2.06
2.33
3.407
3.432
3.467
3.492
3.527
3.552
3.586
3.611
3.628
3.691
3.935
3.96
4.01
4.048
4.086
4.119
4.178
4.208
4.265
4.317
4.374
4.412
4.444
4.417
4.384
4.371
4.444
4.499
4.574
4.624
4.706
4.746
4.835
4.875
4.968
5.029
5.123
5.179
5.279
5.35
5.465
5.526
5.659
5.728
5.857
5.943
7.485
7.469
7.669
7.767
7.969
8.083
8.183
8.183
8.183
8.183
8.183
8.183
3.94826 8.75088 0.557371
