1 361
1.553
1.527
1.519
1.502
1.484
1.461
1.451
1.424
1.417
1.398
1.391
1.372
1.356
1.348
1.339
1.312
1.315
1.295
1.284
1.269
1.258
1.25
1.242
1.224
1.224
1.207
1.206
1.188
1.18
1.174
1.167
1.147
1.148
1.139
1.13
1.121
1.114
1.104
1.104
1.088
1.089
1.079
1.071
1.064
1.064
1.045
1.026
1.009
1.01
1.003
1.003
0.994
0.985
0.978
0.985
0.995
1.02
1.028
1.051
1.069
1.092
1.102
1.212
1.211
1.235
1.234
1.239
1.234
4.227
4.244
4.266
3.975
3.821
3.834
3.895
8.187
5.79
6.57
6.57
6.561
6.544
6.527
6.737
7.006
7.889
7.938
8.183
8.183
8.183
2.59
2.648
2.715
2.875
2.956
3.139
3.236
3.482
3.612
3.961
4.196
4.698
4.97
5.829
6.236
7.355
7.919
8.183
8.183
8.183
8.183
8.183
8.183
8.183
8.183
8.183
8.183
8.183
8.183
8.183
8.183
8.183
8.183
8.183
8.183
8.183
8.183
8.183
8.183
8.183
8.183
8.183
8.183
8.183
8.183
8.183
8.183
8.183
8.183
8.183
8.183
8.183
8.183
8.183
8.183
8.183
8.183
8.183
8.183
8.183
8.183
8.183
8.183
8.183
8.183
2.099
2.098
2.066
2.048
2.014
1.988
1.962
1.938
1.912
1.896
1.862
1.845
1.828
1.812
1.787
1.77
1.753
1.734
1.719
1.7
1.684
1.677
1.651
1.643
1.626
1.609
1.595
1.585
1.569
1.552
1.543
1.536
1.52
1.51
1.494
1.494
1.478
1.469
1.461
1.445
1.462
1.463
1.468
1.461
1.541
1.533
1.412
1.397
1.379
1.371
1.362
1.353
1.336
1.328
1.318
1.309
1.317
1.307
1.344
1.343
1.385
1.379
1.412
1.413
1.445
1.445
1.486
1.478
1.521
1.521
1.561
1.561
1.601
1.601
1.642
1.641
1.692
1.693
1.741
1.741
1.794
1.792
1.851
1.852
1.919
1.919
1.986
1.986
2.063
2.06
2.139
2.148
2.228
2.229
2.317
2.327
2.423
2.432
2.537
2.556
2.665
2.687
2.793
2.812
2.951
2.979
3.125
3.16
3.332
3.359
3.557
3.601
3.821
3.868
4.116
4.193
4.504
4.59
4.932
5.055
5.509
5.538
7.053
7.034
7.047
7.12
7.223
8.187
8.183
7.232
7.147
7.159
7.124
7.121
7.118
7.116
7.112
7.11
7.123
7.114
7.113
7.115
7.121
7.118
7.127
7.136
7.126
7.134
7.11
7.104
8.183
7.166
7.153
7.176
7.179
7.184
7.197
7.188
7.21
7.214
7.225
7.24
7.251
7.271
7.287
7.296
7.31
7.324
7.354
7.359
7.54
7.365
7.142
7.142
7.175
7.191
7.188
7.179
6.183
6.106
5.88
5.835
5.642
5.589
5.402
5.36
5.187
5.137
4.979
4.94
4.809
4.774
4.632
4.613
4.455
4.432
4.451
4.467
4.497
4.489
4.36
4.324
4.228
4.193
4.107
4.081
3.997
10.6844 12.8369 5.13391
