1 361
2.639
2.638
2.649
2.601
2.626
2.638
2.648
2.639
2.605
2.596
2.597
2.587
2.592
2.581
2.584
2.653
2.696
2.842
3.024
2.561
2.541
2.536
2.532
2.538
2.532
2.536
2.539
2.545
2.93
2.94
2.934
2.925
3.101
3.174
2.458
2.401
2.4
2.399
2.399
2.4
2.399
2.399
2.399
2.398
2.408
2.399
2.408
2.408
2.408
2.408
2.424
3.004
2.94
2.868
2.8
2.733
2.666
2.605
2.554
2.506
2.449
2.396
2.421
2.45
6.661
6.66
6.681
6.694
6.712
6.728
6.755
6.765
6.787
6.798
6.828
6.845
6.865
6.877
6.909
6.929
6.96
6.977
7.014
7.026
7.062
7.08
7.123
7.129
7.176
7.198
7.234
3.911
3.837
3.814
3.777
3.669
3.658
3.639
3.625
3.607
3.598
3.581
3.565
3.547
3.539
3.523
3.514
3.497
3.488
3.471
3.462
3.452
4.204
4.22
4.26
4.276
4.326
4.341
4.393
4.411
4.454
4.48
4.521
4.548
4.598
4.622
2.685
2.572
2.55
2.524
2.508
2.484
2.468
2.442
2.425
2.402
2.385
2.369
2.353
2.336
2.319
2.303
2.286
2.269
2.251
2.234
2.225
2.207
2.198
2.18
2.172
2.154
2.154
2.128
2.119
2.11
2.102
2.083
2.075
2.065
2.056
2.047
2.041
2.03
2.023
2.005
2.005
1.989
1.979
1.973
1.973
1.955
1.956
1.947
1.939
1.931
1.921
1.921
1.908
1.905
1.905
1.895
1.897
1.888
1.878
1.871
1.879
1.87
1.864
1.862
1.853
1.855
1.846
1.846
1.846
1.836
1.838
1.838
1.838
1.83
1.83
1.83
1.831
1.822
1.824
1.816
1.817
1.818
1.82
1.812
1.815
1.809
1.82
1.812
1.815
1.815
1.815
1.806
1.814
1.812
1.819
1.815
1.821
1.811
1.816
1.82
1.823
1.822
1.828
1.82
1.828
1.828
1.828
1.827
1.835
1.835
1.842
1.833
1.851
1.842
1.859
1.851
1.857
1.857
1.865
1.865
1.874
1.876
1.883
1.883
1.9
1.891
1.908
1.908
1.917
1.917
1.926
1.926
1.943
1.943
1.96
1.96
1.968
1.968
1.985
1.985
2.002
2.002
2.02
2.02
2.037
2.045
2.054
2.054
2.073
2.081
2.099
2.099
2.115
2.116
2.143
2.144
2.16
2.167
2.196
2.205
2.231
2.232
2.255
2.257
2.281
2.289
2.306
2.323
2.339
2.347
2.373
2.381
2.416
2.414
2.447
2.456
2.486
2.495
2.528
2.534
2.567
2.585
2.609
2.626
2.662
2.679
2.713
2.729
2.772
2.782
2.821
2.839
2.881
2.898
2.951
2.96
3.013
3.032
3.092
3.11
3.161
3.187
3.246
3.271
3.327
3.35
3.425
3.45
3.534
3.56
3.627
3.661
3.746
3.772
3.86
3.894
3.988
4.022
4.124
4.161
4.269
4.318
4.437
4.482
6.017
6.001
5.975
5.959
5.935
5.918
5.892
5.885
5.859
5.85
5.826
2.28078 0.486726 1.35832
