1 361
1.142
1.148
1.14
1.151
1.142
1.153
1.143
1.151
1.14
1.147
1.143
1.147
1.146
1.142
1.141
1.146
1.146
1.144
1.142
1.151
1.151
1.15
1.15
1.159
1.159
1.159
1.159
1.168
1.159
1.167
1.168
1.168
1.176
1.176
1.176
1.186
1.186
1.186
1.186
1.195
1.195
1.202
1.202
1.212
1.212
1.221
1.221
1.229
1.229
1.238
1.229
1.247
1.247
1.257
1.256
1.266
1.266
1.273
1.273
1.284
1.283
1.299
1.299
1.309
1.309
1.326
1.326
1.335
1.344
1.343
1.353
1.362
1.37
1.378
1.378
1.396
1.395
1.413
1.421
1.43
1.431
1.447
1.455
1.471
1.48
1.489
1.498
1.514
1.514
1.539
1.547
1.556
1.565
1.59
1.596
1.614
1.621
1.646
1.654
1.68
1.686
1.702
1.713
1.739
1.746
1.771
1.791
1.813
1.821
1.856
1.864
1.9
1.906
1.941
1.957
1.993
2.001
2.036
2.055
2.098
2.114
2.151
2.168
2.211
2.237
2.281
2.297
2.346
2.372
2.419
2.443
2.501
2.527
2.593
2.619
2.689
2.707
2.784
2.816
2.892
2.937
3.149
4.482
4.454
4.446
4.421
4.421
4.397
4.396
4.372
4.372
4.355
4.346
4.321
4.32
4.306
4.305
4.28
4.281
4.264
4.265
4.248
4.248
4.231
4.231
4.223
4.224
4.206
4.206
4.198
4.199
3.83
3.794
3.876
3.841
3.958
3.316
3.129
3.137
3.129
3.129
3.121
3.13
3.123
3.13
3.123
3.124
3.122
3.131
3.121
3.129
3.129
3.138
3.137
3.146
3.136
3.145
3.145
3.153
3.154
3.154
3.153
3.161
3.161
3.17
3.17
3.187
3.187
3.195
3.195
3.204
3.204
3.22
3.22
3.237
3.229
3.245
3.252
3.262
3.27
3.286
3.286
3.304
3.303
3.319
3.327
3.342
3.343
3.368
3.368
3.382
3.392
3.407
3.423
3.438
3.449
3.462
3.47
3.496
4.65
4.685
4.692
4.718
4.735
4.762
4.789
4.806
4.832
4.859
4.884
4.902
4.935
4.962
4.995
5.013
5.053
5.08
5.113
5.144
5.178
5.203
5.244
5.278
5.321
5.356
5.39
5.423
5.465
5.506
5.559
5.593
5.646
5.683
5.745
5.779
5.84
5.883
5.94
5.99
6.058
6.107
6.167
6.218
6.286
6.345
6.422
6.473
6.554
6.615
6.69
6.76
6.849
6.912
7.016
7.081
7.184
7.253
7.358
7.434
7.54
7.626
7.584
7.556
7.505
7.476
7.432
7.407
7.363
6.661
6.538
6.511
6.451
6.438
6.432
6.579
6.593
6.598
6.341
6.336
6.264
6.47
6.255
6.25
6.224
6.226
6.454
6.512
6.777
6.751
6.427
6.353
6.18
6.128
6.085
6.062
6.171
6.291
6.623
6.032
5.976
5.97
5.551
5.397
5.382
5.372
5.354
5.355
5.337
5.337
5.33
5.32
5.313
5.313
5.303
5.304
5.29
5.29
5.289
5.282
5.28
5.28
11.15 6.43731 4.64969
