1 361
0.735
0.783
0.808
0.77
0.768
0.771
0.744
0.753
0.756
0.754
0.761
0.76
0.752
0.728
0.742
0.733
0.741
0.741
0.74
0.741
0.741
0.741
0.747
0.748
0.749
0.757
0.755
0.756
0.757
0.764
0.763
0.762
0.771
0.772
0.771
0.773
0.785
7.222
7.26
7.267
7.302
7.318
7.343
7.36
7.395
7.416
7.457
7.467
7.716
7.522
7.47
7.307
7.334
7.355
7.454
7.387
7.398
7.416
6.555
6.434
6.329
6.253
6.141
6.069
5.963
5.904
5.807
5.745
5.659
5.605
5.519
5.467
5.383
5.333
5.259
5.218
5.148
5.096
5.031
4.996
4.936
4.865
4.839
4.865
4.93
4.924
4.844
4.812
4.757
4.722
4.67
4.645
4.595
4.562
4.519
4.485
4.451
4.427
4.199
4.161
4.151
4.129
4.088
4.065
4.036
4.012
3.985
3.958
3.931
3.914
3.881
3.862
3.837
3.818
3.793
3.775
3.759
3.733
3.706
3.69
3.675
3.658
3.638
3.616
3.606
3.59
3.57
3.553
3.546
3.529
3.511
3.503
3.486
3.477
3.461
3.454
3.436
3.428
3.412
3.404
3.394
3.381
3.372
3.364
3.346
3.338
3.332
3.324
3.316
3.307
3.307
3.299
3.289
3.26
3.251
3.252
3.385
3.397
3.384
3.384
3.377
3.369
3.368
3.362
3.361
3.353
3.354
3.344
3.344
3.344
3.345
3.338
3.337
3.338
3.338
3.324
3.326
3.327
3.329
3.326
3.33
3.327
3.336
3.328
3.33
3.33
3.338
3.327
3.185
3.178
3.195
3.209
3.219
3.21
3.226
3.218
3.226
3.233
3.243
3.234
3.251
3.25
3.259
3.258
3.268
3.276
3.282
3.282
3.293
3.29
3.306
3.311
3.322
3.323
3.338
3.347
3.353
3.363
3.37
3.379
3.394
3.403
3.42
3.42
3.444
3.445
3.459
3.469
3.486
3.496
3.521
3.518
3.546
3.553
3.58
3.581
3.606
3.615
3.639
3.647
3.679
3.681
3.715
3.722
3.757
3.766
3.799
3.808
3.843
3.853
3.891
3.889
3.913
3.959
4.154
4.163
4.21
4.217
4.263
4.28
4.334
4.352
4.389
4.407
4.457
4.472
4.523
4.549
4.627
4.618
4.549
4.522
4.545
4.596
4.668
4.694
4.757
4.783
4.854
4.869
4.94
4.966
5.039
5.071
5.153
5.187
5.269
5.306
5.391
5.426
5.528
5.571
5.659
5.703
5.818
5.86
5.98
6.029
6.128
6.21
6.647
6.706
6.821
6.896
7.055
7.031
6.993
7.031
7.239
7.315
7.402
7.362
7.271
7.237
7.146
7.12
7.048
7.009
7.057
7.076
7.13
7.144
7.185
7.211
0.768
0.772
0.764
0.764
0.756
0.756
0.755
0.757
0.757
0.748
0.747
0.747
0.74
0.739
0.741
0.74
0.741
0.742
0.732
0.733
0.74
0.736
0.74
0.732
0.752
0.756
0.751
0.751
0.756
0.749
0.773
0.774
0.77
0.762
0.785
0.779
0.749
5.20988 2.68857 0.07744
