1 361
0.87
0.869
0.87
0.878
0.877
0.896
0.895
0.895
0.903
0.91
0.919
0.918
0.927
0.927
0.935
0.943
0.949
0.95
0.955
0.966
0.986
1.056
1.051
1.059
1.061
1.073
1.058
1.051
1.066
1.066
1.075
1.083
1.092
1.092
1.101
1.11
1.117
1.126
1.134
1.142
1.146
5.802
5.745
5.684
5.631
5.573
5.518
5.469
5.412
5.361
5.285
5.302
5.341
5.378
5.322
5.278
5.229
5.18
5.132
5.092
5.058
5.018
4.984
4.952
4.908
4.876
4.666
4.624
4.613
4.583
4.551
4.525
4.492
4.466
4.441
4.415
4.389
4.362
4.337
4.315
4.288
4.273
4.248
4.224
4.198
4.182
4.158
4.151
4.124
4.107
4.091
4.075
4.057
4.041
4.022
4.006
3.997
3.981
3.963
3.946
3.936
3.928
3.91
3.901
3.887
3.875
3.857
3.849
3.839
3.831
3.819
3.814
3.805
3.795
3.783
3.755
3.747
3.846
3.898
3.89
3.882
3.873
3.864
3.855
3.855
3.846
3.847
3.839
3.827
3.828
3.828
3.821
3.819
3.811
3.821
3.812
3.813
3.805
3.807
3.804
3.808
3.795
3.803
3.798
3.804
3.64
3.642
3.65
3.664
3.671
3.668
3.673
3.682
3.674
3.681
3.68
3.688
3.687
3.695
3.695
3.703
3.711
3.711
3.712
3.729
3.733
3.738
3.736
3.755
3.755
3.763
3.776
3.781
3.789
3.798
3.807
3.815
3.829
3.832
3.84
3.858
3.869
3.877
3.885
3.903
3.911
3.92
3.937
3.957
3.964
3.981
3.998
4.016
4.024
4.041
4.059
4.075
4.092
4.11
4.126
4.151
4.166
4.193
4.193
4.211
4.404
4.441
4.457
4.487
4.506
4.541
4.564
4.588
4.614
4.647
4.671
4.698
4.723
4.764
0.897
0.892
0.885
0.876
0.865
0.858
0.849
0.84
0.824
0.823
0.815
0.815
0.798
0.8
0.794
0.799
0.803
0.801
0.792
0.783
0.779
0.78
0.794
0.795
0.785
0.79
0.745
0.749
0.744
0.706
0.696
0.698
0.698
0.7
0.7
0.7
0.694
0.697
0.686
0.691
0.696
0.703
0.686
0.695
0.686
0.694
0.696
0.688
0.69
0.695
0.696
0.699
0.696
0.695
0.693
0.693
0.7
0.7
0.698
0.698
0.697
0.698
0.705
0.706
0.705
0.704
0.705
0.704
0.712
0.712
0.712
0.714
0.714
0.721
0.72
0.72
0.722
0.73
0.728
0.736
0.727
0.737
0.736
0.745
0.745
0.745
0.752
0.753
0.754
0.761
0.759
0.768
0.769
0.776
0.775
0.775
0.775
0.784
0.793
0.792
0.792
0.8
0.8
0.808
0.818
0.817
0.826
0.826
0.835
0.843
0.843
0.851
0.85
0.932
2.099
2.093
2.099
2.103
2.121
2.144
2.23
2.811
2.824
2.851
2.869
2.775
2.524
2.529
2.511
2.49
2.456
2.364
2.256
2.167
2.079
2
1.927
1.864
1.808
1.763
1.768
1.776
4.66061 2.55642 0.448619
