1 361
3.353
3.272
3.263
3.189
3.179
3.111
3.103
3.033
3.024
2.963
2.954
2.901
2.891
2.834
2.834
2.781
2.772
2.722
2.714
2.67
2.661
2.617
2.617
2.576
2.567
2.527
2.518
2.485
2.477
2.445
2.444
2.404
2.404
2.369
2.371
2.337
2.336
2.303
2.305
2.273
2.274
2.245
2.243
2.219
2.208
2.192
2.192
2.169
2.161
2.14
2.143
2.114
2.115
2.097
2.1
2.057
2.056
2.04
2.03
2.044
2.043
2.102
2.104
2.157
2.157
2.14
2.13
2.115
2.114
2.105
2.097
2.086
2.087
2.07
2.069
2.053
2.061
2.043
2.044
2.035
2.034
2.028
2.017
2.018
2.01
2.001
2.001
1.992
1.992
1.992
1.984
1.983
1.975
1.976
1.975
1.966
1.976
1.958
1.967
1.967
1.959
1.958
1.96
1.951
1.951
1.953
1.954
1.947
1.957
1.95
1.952
1.944
1.953
1.79
1.791
1.799
1.796
1.805
1.814
1.813
1.81
1.808
1.814
1.807
1.813
1.81
1.818
1.817
1.817
1.817
1.817
1.825
1.825
1.825
1.833
1.833
1.833
1.266
1.278
1.232
1.24
1.222
1.222
1.215
1.215
1.205
1.204
1.196
1.196
1.177
1.188
1.179
1.181
1.171
1.172
1.163
1.164
1.154
1.163
1.144
1.154
1.148
1.147
1.137
1.137
1.129
1.136
1.129
1.13
1.122
1.13
1.115
1.122
1.112
1.119
1.114
1.115
1.106
1.106
1.105
1.104
1.096
1.106
1.096
1.104
1.097
1.097
1.089
1.097
1.096
1.095
1.089
1.096
1.089
1.097
1.089
1.097
1.254
1.263
2.425
2.432
2.467
2.474
2.514
2.522
2.555
2.562
2.603
2.613
2.646
2.653
2.677
2.686
2.972
2.98
3.042
3.05
3.093
3.112
3.162
3.179
3.237
3.254
3.31
3.324
3.397
3.41
3.487
3.506
3.476
3.476
3.437
3.437
3.484
3.53
3.609
3.645
3.729
3.754
3.849
3.877
3.98
4.011
4.126
4.147
4.276
4.307
4.444
4.475
4.626
4.663
4.827
4.862
5.041
5.089
6.833
6.9
7.164
7.241
7.5
7.498
7.461
7.454
7.422
7.422
7.388
7.388
7.427
7.575
8.017
8.128
8.183
8.183
8.183
8.183
8.183
8.183
8.183
8.183
8.183
8.183
8.183
8.183
8.183
8.183
8.183
8.191
8.183
8.191
8.183
8.183
8.183
8.183
8.183
8.183
8.183
8.183
8.183
8.183
8.183
8.183
8.183
8.183
8.183
8.183
8.183
8.183
8.183
8.183
8.183
8.183
8.183
8.183
7.532
7.381
6.948
6.957
7.118
7.071
7.855
8.1
5.097
5.077
4.799
4.74
4.501
4.437
4.231
4.177
3.985
3.942
3.771
3.737
3.584
3.541
3.398
3.369
3.252
3.225
3.111
3.085
2.985
2.956
2.874
2.846
2.763
2.742
2.663
2.646
2.576
2.554
2.487
2.471
2.406
2.392
2.342
2.326
2.275
2.259
2.209
2.194
4.39889 9.49703 1.56899
