1 361
2.913
2.913
2.906
2.905
2.897
2.897
2.897
2.888
2.887
2.888
2.879
2.88
2.88
2.881
2.873
2.876
2.876
2.876
2.867
2.876
2.876
2.88
2.872
2.879
2.879
2.887
2.888
2.895
2.886
2.903
2.894
2.904
2.904
2.91
2.911
2.919
2.919
3.972
3.963
3.979
3.981
3.997
3.997
4.015
4.005
4.032
4.023
4.041
4.041
4.066
4.058
4.085
4.076
4.102
4.103
4.127
4.128
4.153
4.152
4.183
4.176
4.21
4.201
4.234
4.225
4.266
4.267
4.3
4.291
4.331
4.332
4.364
4.364
4.408
4.407
4.451
4.451
4.493
4.495
4.535
4.537
4.579
4.578
4.629
4.629
4.68
4.681
4.742
4.732
4.796
4.796
4.857
4.858
4.917
4.917
4.985
4.986
5.061
5.059
5.125
5.126
5.207
5.208
5.292
5.293
5.38
5.38
5.464
5.465
5.567
5.559
5.663
5.663
5.768
5.769
5.881
5.888
5.997
6.005
6.13
6.121
6.26
6.258
6.387
6.397
6.535
6.543
6.545
6.544
6.473
6.474
6.396
6.396
6.321
6.32
5.514
5.513
5.419
5.421
5.35
5.352
5.449
5.454
5.606
5.613
5.959
5.959
5.908
5.899
5.255
5.224
5.134
5.133
5.119
5.124
5.306
5.306
5.686
5.684
5.648
5.648
5.088
5.087
5.046
5.047
5.025
5.03
5.002
5.009
5.191
5.25
4.864
4.865
4.833
4.833
4.283
4.283
4.25
4.241
4.233
4.242
4.216
4.226
4.208
4.208
4.201
4.202
4.193
4.195
4.185
4.184
4.177
4.179
4.178
4.177
4.169
4.169
4.169
4.169
4.169
4.169
4.169
4.177
4.175
4.176
4.176
4.175
4.184
4.183
4.195
4.195
4.197
4.197
4.206
4.206
4.212
4.22
4.224
4.231
4.247
4.247
4.261
4.264
4.274
4.282
4.294
4.3
4.315
4.314
4.341
4.339
4.36
4.367
4.388
4.391
4.407
4.416
4.426
4.435
4.46
4.46
4.485
4.486
4.514
4.523
4.552
4.576
5.84
5.839
5.882
5.89
5.932
5.941
5.982
5.99
6.04
6.049
6.098
6.106
6.157
6.174
6.226
6.234
6.287
6.294
6.362
6.371
6.437
6.447
6.509
6.526
6.597
6.605
6.685
6.694
6.77
6.788
6.863
6.879
6.968
6.978
7.072
7.088
7.176
7.192
7.148
7.147
7.018
7.018
6.892
6.889
6.773
6.784
6.676
6.664
6.577
6.567
4.011
4.012
3.96
3.96
3.897
3.907
3.855
3.855
3.803
3.803
3.759
3.76
3.718
3.717
3.675
3.675
3.633
3.632
3.6
3.6
3.557
3.566
3.532
3.532
3.497
3.499
3.472
3.472
3.44
3.441
3.416
3.417
3.384
3.383
3.36
3.368
3.336
3.342
3.32
3.32
3.304
3.304
3.287
3.288
3.263
3.271
3.246
3.246
3.237
3.237
3.211
3.221
3.759
3.774
3.766
3.784
3.782
3.791
3.792
3.891
4.153
4.154
4.128
4.133
11.6255 5.61674 0.0061
