1 361
2.912
2.861
2.843
2.793
2.785
2.736
2.729
2.683
2.674
2.629
2.62
2.582
2.571
2.538
2.529
2.496
2.487
2.455
2.446
2.413
2.404
2.371
2.37
2.337
2.328
2.306
2.297
2.271
2.272
2.245
2.237
2.211
2.21
2.185
2.185
2.158
2.16
2.142
2.133
2.115
2.115
2.073
2.065
2.043
2.041
2.102
2.1
2.171
2.172
2.165
2.166
2.14
2.138
2.121
2.121
2.113
2.113
2.086
2.085
2.078
2.068
2.06
2.051
2.043
2.043
2.025
2.035
2.018
2.017
2.008
2.01
1.999
1.999
1.991
1.991
1.983
1.975
1.974
1.975
1.967
1.966
1.958
1.957
1.949
1.95
1.949
1.94
1.941
1.942
1.94
1.942
1.935
1.934
1.925
1.934
1.928
1.929
1.77
1.771
1.766
1.767
1.783
1.785
1.779
1.779
1.762
1.771
1.771
1.771
1.787
1.792
1.789
1.79
1.782
1.79
1.785
1.794
1.791
1.791
1.213
1.232
1.194
1.203
1.185
1.185
1.167
1.167
1.159
1.159
1.151
1.151
1.133
1.142
1.124
1.133
1.115
1.124
1.107
1.116
1.098
1.108
1.089
1.098
1.083
1.09
1.073
1.082
1.073
1.072
1.058
1.066
1.059
1.059
1.051
1.059
1.046
1.047
1.043
1.05
1.033
1.042
1.036
1.034
1.032
1.033
1.027
1.035
1.029
1.029
1.027
1.028
1.021
1.029
1.021
1.028
1.021
1.02
1.012
1.021
1.012
1.012
1.218
1.156
2.293
2.3
2.327
2.336
2.359
2.367
2.401
2.4
2.432
2.44
2.482
2.489
2.522
2.53
2.57
2.576
2.592
2.6
2.876
2.893
2.929
2.945
2.989
3.007
3.061
3.078
3.129
3.147
3.197
3.213
3.277
3.293
3.36
3.377
3.403
3.411
3.37
3.37
3.337
3.354
3.466
3.483
3.569
3.595
3.681
3.704
3.805
3.834
3.937
3.963
4.07
4.099
4.223
4.249
4.384
4.418
4.56
4.603
4.758
4.802
4.992
5.031
6.763
6.825
7.09
7.163
7.409
7.402
7.365
7.365
7.328
7.338
7.299
7.295
7.342
7.488
7.92
8.011
8.183
8.183
8.183
8.183
8.183
8.183
8.183
8.183
8.183
8.183
8.183
8.183
8.183
8.183
8.183
8.187
8.183
8.187
8.183
8.183
8.183
8.183
8.183
8.183
8.183
8.183
8.183
8.183
8.183
8.183
8.183
8.183
8.183
8.183
8.183
8.183
8.183
8.183
8.183
8.183
8.183
8.183
7.671
7.503
6.85
6.866
6.899
6.966
6.988
7.158
8.033
5.071
4.882
4.815
4.582
4.528
4.327
4.261
4.072
4.019
3.845
3.802
3.645
3.61
3.477
3.439
3.312
3.283
3.178
3.145
3.044
3.022
2.931
2.905
2.813
2.795
2.72
2.696
2.628
2.611
2.544
2.519
2.462
2.446
2.388
2.371
2.313
2.302
2.256
2.239
2.197
2.179
2.137
2.129
2.085
2.075
2.041
2.024
1.991
1.975
4.39479 9.58034 1.66557
