1 361
0.509
0.498
0.498
0.489
0.489
0.489
0.489
0.481
0.482
0.48
0.472
0.472
0.463
0.463
0.461
0.452
0.461
0.453
0.452
0.452
0.443
0.442
0.443
0.442
0.443
0.432
0.433
0.433
0.433
0.432
0.424
0.432
0.434
0.423
0.423
0.423
0.415
0.416
0.415
0.415
0.416
0.415
0.414
0.414
0.408
0.405
0.406
0.406
0.397
0.405
0.405
0.405
0.404
0.397
0.397
0.397
0.396
0.395
0.405
0.397
0.397
0.395
0.396
0.387
0.388
0.388
0.395
0.387
0.388
0.387
0.388
0.387
0.389
0.388
0.39
0.39
0.389
0.391
0.392
0.383
0.384
0.388
0.384
0.385
0.391
0.391
0.386
0.385
0.385
0.384
0.385
0.392
0.391
0.391
0.391
0.39
0.389
0.388
0.389
0.388
0.388
0.388
0.388
0.388
0.387
0.389
0.388
0.39
0.397
0.398
0.388
0.398
0.397
0.398
0.398
0.399
0.408
0.399
0.399
0.399
0.409
0.407
0.408
0.416
0.409
0.41
0.409
0.419
0.423
0.471
0.474
0.489
0.496
0.489
0.489
0.486
0.484
0.478
0.477
0.478
0.488
0.487
0.485
0.49
0.49
0.491
0.486
0.469
0.469
0.477
0.477
0.477
0.478
0.486
0.487
0.487
0.494
0.486
0.495
0.493
0.504
0.503
0.512
0.514
0.505
0.513
0.52
0.515
0.52
0.52
0.529
0.537
0.539
0.537
0.545
0.546
0.556
0.522
5.03
4.968
4.938
4.871
4.847
4.763
4.745
4.783
4.816
4.809
4.785
4.73
4.704
4.653
4.636
4.589
4.558
4.519
4.491
4.452
4.429
4.393
4.38
4.261
4.121
4.093
4.091
4.056
4.038
4.002
3.994
3.959
3.941
3.907
3.896
3.862
3.854
3.826
3.818
3.793
3.784
3.757
3.749
3.724
3.714
3.684
3.673
3.656
3.648
3.621
3.623
3.597
3.587
3.57
3.563
3.545
3.545
3.519
3.519
3.502
3.493
3.484
3.475
3.46
3.458
3.441
3.443
3.425
3.427
3.411
3.408
3.394
3.395
3.384
3.375
3.368
3.365
3.361
3.361
3.346
3.345
3.346
3.326
3.316
3.315
3.465
3.465
3.466
3.457
3.458
3.457
3.448
3.449
3.442
3.443
3.436
3.44
3.435
3.438
3.439
3.445
3.442
3.442
3.441
3.449
3.448
3.457
3.456
3.465
3.464
3.473
3.473
3.472
3.482
3.484
3.455
3.333
3.339
3.34
3.369
3.37
3.377
3.385
3.389
3.394
3.401
3.41
3.42
3.426
3.428
3.43
2.823
2.824
2.808
2.799
2.79
2.781
2.773
2.765
2.757
2.748
2.74
2.732
2.723
2.713
2.705
2.705
2.697
2.688
2.68
2.68
2.671
2.671
2.653
2.653
2.713
3.785
3.801
3.819
3.84
3.863
3.881
3.899
3.925
3.945
3.97
3.988
4.013
4.039
4.064
4.09
4.115
4.136
4.159
4.199
4.421
4.439
4.47
4.497
4.539
4.572
4.617
4.641
3.16103 8.52879 6.26687
