1 361
4.078
4.113
4.113
4.156
4.147
4.19
4.188
4.229
4.229
4.269
4.268
4.311
4.311
4.36
4.36
4.401
4.411
4.453
4.46
4.504
4.513
4.561
4.57
4.62
4.627
4.68
4.688
4.75
4.748
4.81
4.818
4.878
4.887
4.955
4.963
5.033
5.007
4.927
4.909
4.833
4.824
4.755
4.737
4.673
4.668
4.596
4.593
4.531
4.523
4.465
4.457
4.406
4.396
4.353
4.34
4.29
4.274
4.234
4.219
4.177
4.17
4.122
4.122
1.865
1.856
1.84
1.84
1.823
1.824
1.806
1.806
1.789
1.789
1.771
1.771
1.763
1.754
1.745
1.745
1.729
1.729
1.72
1.72
1.703
1.703
1.694
1.694
1.686
1.685
1.669
1.669
1.66
1.669
1.653
1.661
1.644
1.644
1.636
1.636
1.628
1.636
1.628
1.629
1.62
1.619
1.612
1.611
1.604
1.612
1.604
1.604
1.605
1.596
1.596
1.596
1.598
1.591
1.594
1.594
1.589
1.59
1.587
1.589
1.585
1.594
1.587
1.587
1.587
1.594
1.59
1.591
1.593
1.592
1.597
1.596
1.593
1.593
1.598
1.598
1.598
1.607
1.607
1.605
1.605
1.605
1.613
1.613
1.613
1.613
1.621
1.621
1.63
1.63
1.638
1.638
1.646
1.646
1.655
1.655
1.663
1.663
1.672
1.672
1.68
1.68
1.688
1.697
1.697
1.706
1.714
1.714
1.723
1.732
1.74
1.739
1.748
1.748
1.766
1.774
1.783
1.783
1.81
2.955
2.913
2.921
3.488
3.458
3.373
3.367
3.284
3.277
3.202
3.202
3.145
3.145
3.161
3.168
3.201
3.215
3.486
3.478
3.404
3.397
3.323
3.324
3.257
3.249
3.256
3.264
3.307
3.315
3.347
3.355
3.403
3.411
3.624
3.682
3.649
3.639
3.607
3.597
3.565
3.563
5.257
5.249
5.181
5.189
5.121
5.099
5.067
5.071
5.053
5.063
5.048
5.048
5.041
5.046
5.029
5.044
5.029
5.041
6.105
6.14
6.262
6.304
6.44
6.471
6.613
6.654
6.806
6.845
7.019
7.06
6.065
6.296
6.001
4.362
4.298
4.298
4.268
4.261
4.227
4.227
4.187
4.185
4.163
4.162
4.129
4.129
4.096
4.095
4.07
4.07
4.044
4.043
4.018
4.018
4.001
4
3.975
3.975
3.957
3.958
3.942
3.939
3.923
3.925
3.913
3.914
3.896
3.898
3.88
3.89
3.87
3.882
3.864
3.872
3.856
3.867
3.851
3.862
3.846
3.847
3.84
3.85
3.843
3.844
3.838
3.84
3.829
3.839
3.837
3.846
3.843
3.842
3.841
3.849
3.847
3.855
3.853
3.862
3.86
3.868
3.866
3.875
3.875
3.885
3.884
3.893
3.893
3.901
3.91
3.918
3.927
3.928
3.935
3.945
3.954
3.962
3.971
3.981
4.007
4.007
4.024
4.025
4.039
4.051
4.067
4.076
4.091
4.101
4.118
4.128
4.145
4.151
4.169
4.187
4.204
4.21
4.235
4.252
1.91804 -1.49504 0.595934
