1 361
1.365
1.382
1.373
1.381
1.382
1.39
1.39
1.399
1.399
1.408
1.399
1.415
1.415
1.425
1.425
1.433
1.433
1.449
1.44
1.457
1.449
1.466
1.466
1.473
1.473
1.499
1.491
1.508
1.499
1.516
1.516
1.533
1.525
1.55
1.541
1.566
1.558
1.574
1.574
1.599
1.591
1.616
1.606
1.631
1.631
1.656
1.648
1.682
1.673
1.698
1.699
1.723
1.722
1.749
1.749
1.775
1.766
1.801
1.801
1.827
1.826
1.862
1.862
1.888
1.888
1.922
1.923
1.954
1.955
1.997
1.997
2.031
2.032
2.065
2.074
2.111
2.119
2.167
2.168
2.205
2.206
2.257
2.258
2.308
2.317
2.366
2.374
2.426
2.424
2.49
2.49
2.563
2.563
2.639
2.64
2.709
2.726
4.324
4.317
4.283
4.273
4.242
4.243
4.211
4.201
4.178
4.169
4.136
4.144
4.111
4.111
4.086
4.086
4.059
4.059
4.033
4.034
4.008
4.008
3.981
3.99
3.963
3.963
3.946
3.945
3.928
3.928
3.909
3.909
3.901
3.901
3.874
3.724
3.856
3.849
2.885
2.829
2.792
2.801
2.784
2.792
2.785
2.785
2.776
2.785
2.768
2.777
2.768
2.777
2.769
2.77
2.765
2.773
2.765
2.766
2.764
2.772
2.762
2.77
2.769
2.769
2.768
2.777
2.777
2.777
2.786
2.785
2.785
2.793
2.793
2.802
2.802
2.81
2.81
2.817
2.818
2.827
2.826
2.835
2.834
2.843
2.852
2.86
2.869
2.869
2.876
2.885
2.894
2.902
2.91
2.92
2.928
2.936
2.946
2.953
2.962
2.972
2.979
2.989
3.006
3.005
3.032
3.031
3.05
3.059
3.074
3.084
4.235
4.252
4.276
4.293
4.318
4.335
4.357
4.365
4.399
4.417
4.451
4.46
4.495
4.504
4.544
4.554
4.596
4.613
4.654
4.671
4.715
4.723
4.768
4.785
4.83
4.857
4.899
4.915
4.967
4.993
5.044
5.06
5.116
5.141
5.206
5.233
5.291
5.318
5.386
5.412
5.48
5.512
5.59
5.617
5.698
5.725
5.811
5.845
5.931
5.963
6.063
6.088
6.197
6.233
6.343
6.376
6.495
6.53
6.652
6.694
6.826
6.871
7.01
7.044
7.199
7.243
7.223
7.215
7.155
7.147
7.086
7.077
7.017
7.008
6.24
6.251
6.173
6.168
6.117
6.085
6.226
6.281
6.733
6.734
6.182
6.23
6.58
6.52
5.935
5.932
5.906
5.916
6.161
6.112
6.449
6.474
6.451
5.968
5.878
5.871
5.846
5.844
5.829
5.825
5.84
6.093
5.72
5.711
5.689
5.7
5.275
5.149
5.108
5.117
5.101
5.102
5.084
5.092
5.085
5.085
5.079
5.076
5.069
5.068
5.061
5.071
5.062
5.07
5.061
5.063
5.061
5.072
5.072
5.07
5.072
5.071
5.078
5.079
5.09
5.097
5.097
5.103
5.106
5.118
5.121
5.128
5.14
5.148
5.166
5.171
5.178
5.187
5.193
5.202
11.1884 6.03227 4.98793
