1 361
2.311
2.351
2.351
2.386
2.386
2.419
2.425
2.465
2.45
2.497
2.496
2.545
2.536
2.593
2.583
2.634
2.635
2.694
2.685
2.745
2.736
2.795
2.803
2.945
2.961
4.534
4.535
4.484
4.475
4.431
4.422
4.379
4.362
4.32
4.313
4.271
4.27
4.23
4.221
4.179
4.179
4.146
4.139
4.103
4.095
4.063
4.063
4.038
4.027
4.003
3.993
3.97
3.97
3.944
3.934
3.908
3.898
3.837
3.846
3.198
3.195
2.791
2.772
2.722
2.722
2.704
2.705
2.695
2.687
2.678
2.678
2.669
2.669
2.652
2.652
2.643
2.644
2.635
2.635
2.627
2.627
2.618
2.619
2.61
2.61
2.61
2.602
2.602
2.602
2.593
2.593
2.594
2.594
2.595
2.586
2.586
2.586
2.587
2.586
2.589
2.59
2.588
2.588
2.586
2.586
2.594
2.594
2.594
2.594
2.602
2.602
2.602
2.602
2.61
2.609
2.618
2.618
2.628
2.618
2.635
2.635
2.644
2.644
2.653
2.653
2.662
2.662
2.67
2.67
2.688
2.688
2.697
2.697
2.715
2.714
2.73
2.73
2.74
2.749
3.847
3.846
3.873
3.873
3.9
3.9
3.927
3.927
3.954
3.954
3.99
3.99
4.016
4.015
4.05
4.049
4.085
4.084
4.116
4.128
4.169
4.167
4.208
4.207
4.25
4.249
4.3
4.299
4.347
4.356
4.398
4.407
4.449
4.46
4.502
4.511
4.561
4.56
4.62
4.627
4.687
4.696
4.758
4.766
4.828
4.837
4.907
4.912
4.992
5
5.076
5.084
5.157
5.173
5.266
5.265
5.362
5.371
5.463
5.47
5.573
5.582
5.689
5.697
5.811
5.82
5.938
5.954
6.087
6.104
6.232
6.24
6.386
6.409
6.55
6.574
6.722
6.739
6.766
6.766
6.697
6.698
6.636
6.635
6.573
6.574
6.02
5.884
5.739
5.732
5.668
5.674
5.605
5.608
5.807
5.841
6.255
6.254
6.21
6.212
6.112
6.12
5.464
5.466
5.438
5.44
5.666
5.706
6.023
6.018
5.993
5.994
5.452
5.457
5.412
5.421
5.398
5.397
5.376
5.381
5.699
5.876
5.247
5.258
5.223
5.234
4.833
4.832
4.666
4.665
4.648
4.658
4.64
4.648
4.64
4.641
4.632
4.632
4.624
4.632
4.625
4.634
4.625
4.634
4.624
4.633
4.633
4.633
4.637
4.638
4.642
4.65
4.652
4.66
4.661
4.661
4.668
4.681
4.684
4.692
4.701
4.7
4.716
4.717
4.733
4.732
4.75
4.759
4.775
4.778
4.794
4.804
4.814
4.823
4.84
4.85
4.866
4.879
4.901
4.908
4.923
4.931
4.956
4.964
4.981
4.999
5.023
5.032
5.056
5.065
6.357
6.367
6.407
6.425
6.468
6.477
6.52
6.538
6.583
6.6
6.645
6.663
6.715
6.732
6.791
6.808
6.858
6.875
6.942
6.958
7.025
7.041
7.11
7.129
7.196
7.223
7.3
7.317
7.403
7.414
7.5
7.528
11.3635 5.71398 5.53625
