1 361
2.091
2.106
2.107
2.113
2.122
2.128
2.137
2.141
2.151
2.159
2.168
2.179
2.193
2.322
2.331
2.349
2.354
2.372
2.38
2.396
2.404
2.419
2.429
2.446
2.452
2.468
2.484
2.499
2.508
2.531
2.54
2.566
2.573
2.59
2.614
2.622
2.647
2.665
2.688
2.673
2.693
2.702
8.183
8.183
8.183
8.183
4.398
4.346
4.332
4.288
4.275
4.242
4.226
4.195
4.178
4.157
4.135
4.116
4.092
4.067
4.06
4.043
4.026
4
3.991
3.963
3.957
3.937
3.956
4.002
3.946
3.886
3.879
3.841
3.832
3.874
3.945
3.997
4.067
4.131
4.189
4.258
4.33
4.396
4.472
4.548
4.63
4.698
4.795
4.872
4.967
5.065
5.165
5.265
5.381
5.495
5.622
5.738
5.883
6.019
6.168
6.311
6.496
6.654
6.847
7.018
7.27
7.449
7.701
7.944
8.183
8.183
8.183
8.183
8.183
8.183
8.183
8.187
8.187
8.183
8.183
8.183
8.183
8.187
8.183
8.183
8.187
8.183
8.183
8.187
8.187
8.183
8.183
8.183
8.183
8.183
8.183
8.183
8.183
8.183
8.183
8.183
8.187
8.183
8.187
8.187
8.187
8.183
8.187
8.183
8.183
8.183
8.105
7.565
7.01
6.594
6.217
6.216
6.233
5.246
4.998
4.775
4.566
4.382
4.21
4.06
3.914
3.768
3.647
3.526
3.334
3.324
3.34
3.341
3.356
3.356
3.324
3.237
3.155
3.085
3.016
2.943
2.46
2.407
2.396
2.352
2.301
2.257
2.216
2.179
2.136
2.102
2.059
2.031
1.988
1.953
1.929
1.895
1.862
1.836
1.812
1.787
1.76
1.736
1.707
1.685
1.669
1.643
1.618
1.604
1.579
1.562
1.542
1.529
1.514
1.496
1.48
1.462
1.445
1.431
1.412
1.405
1.389
1.37
1.364
1.355
1.338
1.32
1.313
1.295
1.294
1.279
1.268
1.261
1.245
1.243
1.225
1.226
1.216
1.198
1.199
1.182
1.181
1.172
1.164
1.155
1.146
1.137
1.138
1.12
1.122
1.112
1.112
1.095
1.096
1.087
1.078
1.077
1.07
1.061
1.052
1.052
1.044
1.035
1.035
1.035
1.029
1.028
1.02
1.011
1.011
1.003
1.003
0.994
0.994
0.993
0.994
0.985
0.985
0.977
0.977
0.968
0.977
0.968
0.969
0.96
0.966
0.955
0.94
0.929
0.931
0.93
0.931
0.922
0.923
0.923
0.921
0.918
1.052
1.053
1.06
1.063
1.067
1.059
1.067
1.058
1.058
1.057
1.06
1.059
1.051
1.05
1.051
1.054
1.055
1.048
1.062
1.053
1.049
1.032
1.049
1.045
1.055
1.051
1.055
1.054
1.053
1.052
1.059
1.05
1.058
1.057
1.059
1.057
1.067
1.058
1.066
1.057
1.066
1.067
1.067
1.066
1.076
1.076
1.075
1.075
1.083
1.083
1.092
1.083
1.092
1.101
1.101
1.101
1.109
1.101
1.11
1.11
1.118
1.109
1.127
8.01495 13.5884 0.31052
