1 361
5.648
5.549
5.503
5.461
5.385
5.321
5.278
5.236
5.116
5.024
4.973
4.931
4.909
4.893
4.86
4.835
4.914
5.187
5.161
5.17
5.079
4.938
4.884
4.886
4.796
4.764
4.692
4.694
4.663
4.678
4.736
4.979
5.106
5.239
4.866
4.745
4.117
4.093
4.083
4.064
4.048
4.031
4.021
4.004
3.989
3.97
3.963
3.944
3.935
3.927
3.911
3.898
3.896
3.879
3.87
3.86
3.843
3.845
3.825
3.818
3.82
3.81
3.802
3.791
3.784
3.777
3.768
3.767
3.75
3.757
3.748
3.74
3.737
3.742
3.733
3.733
3.725
3.726
3.719
3.72
3.721
3.712
3.711
3.721
3.713
3.716
3.712
3.712
3.698
3.716
3.715
3.716
3.715
3.718
3.719
3.716
3.72
3.725
3.732
3.741
3.74
3.739
3.737
3.747
3.748
3.755
3.754
3.764
3.769
3.77
3.778
3.787
3.791
3.794
3.987
4.993
5.003
5.019
5.027
5.044
5.051
5.069
5.076
5.093
5.109
5.118
5.134
5.149
5.166
5.184
5.199
5.216
5.243
5.249
5.275
5.3
5.318
5.336
5.362
5.38
5.404
5.42
5.446
5.472
5.496
5.522
5.547
5.575
5.609
5.637
5.663
5.689
5.716
5.752
5.787
5.812
5.847
5.88
5.924
5.957
5.988
6.031
6.072
6.105
6.147
6.189
6.233
6.227
6.16
6.08
6.021
5.958
5.91
5.851
5.8
5.747
3.009
2.983
2.957
2.941
2.913
2.897
2.871
2.846
2.821
2.803
2.788
2.763
2.747
2.729
2.713
2.694
2.677
2.66
2.643
2.626
2.617
2.591
2.582
2.567
2.551
2.541
2.526
2.509
2.492
2.484
2.475
2.459
2.451
2.433
2.426
2.418
2.409
2.401
2.393
2.376
2.367
2.358
2.35
2.341
2.333
2.324
2.315
2.307
2.299
2.299
2.29
2.273
2.274
2.264
2.265
2.256
2.248
2.248
2.238
2.229
2.229
2.22
2.22
2.211
2.212
2.211
2.202
2.202
2.193
2.193
2.193
2.185
2.192
2.813
2.852
2.873
2.927
2.964
3.056
3.363
3.43
3.421
3.434
3.432
3.533
3.553
3.992
3.992
3.806
3.896
3.974
3.957
3.878
3.229
3.232
3.232
3.224
3.227
3.184
3.237
3.769
3.922
3.894
3.408
3.291
3.261
3.251
3.702
3.527
3.398
3.259
3.233
3.237
3.245
3.249
3.255
3.278
3.485
3.751
3.624
3.504
3.395
3.288
3.19
3.189
3.199
3.208
3.207
3.216
3.225
3.241
3.25
3.258
3.275
3.284
3.623
3.589
3.539
3.495
3.453
3.412
3.373
3.326
3.342
7.901
7.937
7.974
8.006
8.04
8.077
8.118
8.152
8.183
8.183
8.183
8.183
8.183
8.183
4.937
4.879
4.841
4.816
4.704
4.685
4.675
4.661
4.643
4.637
4.619
4.604
4.582
4.57
4.552
4.544
4.536
4.603
5.332
5.376
5.417
5.459
5.511
5.554
5.607
5.65
5.703
12.2939 6.07949 0.945174
