1 361
6.91
6.916
6.925
6.941
6.94
6.963
6.964
6.977
6.98
6.995
7.004
7.027
7.029
7.054
7.054
7.079
7.089
7.116
7.116
7.161
7.135
6.909
6.91
6.944
6.969
6.951
6.945
5.97
5.917
5.703
5.639
5.47
5.409
5.247
5.195
5.038
4.993
4.844
4.808
4.667
4.633
4.513
4.472
4.362
4.334
4.196
4.209
4.236
4.245
4.273
4.24
4.128
4.104
4.01
3.988
3.909
3.893
3.814
3.799
3.726
3.713
3.389
3.381
3.349
3.333
3.278
3.261
3.211
3.194
3.144
3.136
3.084
3.075
3.032
3.02
2.971
2.972
2.926
2.918
2.876
2.868
2.826
2.816
2.786
2.777
2.744
2.735
2.702
2.693
2.666
2.658
2.633
2.624
2.598
2.592
2.565
2.566
2.533
2.534
2.501
2.492
2.476
2.468
2.442
2.443
2.419
2.419
2.395
2.394
2.373
2.371
2.354
2.353
2.336
2.33
2.312
2.311
2.295
2.295
2.279
2.279
2.26
2.261
2.244
2.252
2.21
2.21
2.194
2.192
2.217
2.234
2.328
2.329
2.325
2.324
2.308
2.307
2.291
2.299
2.283
2.284
2.274
2.283
2.276
2.276
2.268
2.268
2.259
2.26
2.25
2.249
2.251
2.25
2.243
2.243
2.233
2.243
2.233
2.235
2.226
2.236
2.227
2.239
2.223
2.235
2.225
2.229
2.223
2.234
2.229
2.234
2.23
2.238
2.23
2.238
2.237
2.235
2.227
2.117
2.083
2.092
2.092
2.091
2.112
2.121
2.112
2.13
2.13
2.129
2.13
2.138
2.139
2.15
2.148
2.156
2.156
2.165
2.165
2.174
2.183
2.193
2.193
2.195
2.21
2.21
2.218
2.228
2.227
2.236
2.245
2.252
2.262
2.264
2.27
2.287
2.296
2.305
2.312
2.321
2.329
2.337
2.346
2.354
2.371
2.38
2.396
2.405
2.412
2.429
2.431
2.445
2.46
2.476
2.493
2.501
2.526
2.535
2.555
2.574
2.579
2.598
2.615
2.633
2.649
2.666
2.683
2.708
2.726
2.742
2.758
2.783
2.808
2.825
2.85
2.876
2.9
2.917
2.943
2.977
3.004
3.022
3.043
3.063
3.125
3.347
3.385
3.417
3.459
3.487
3.528
3.561
3.605
3.636
3.687
3.727
3.789
3.824
3.893
3.899
3.865
3.857
3.821
3.837
3.948
3.99
4.051
4.109
4.173
4.217
4.309
4.357
4.449
4.499
4.599
4.651
4.766
4.826
4.931
5.002
5.136
5.213
5.356
5.435
5.607
5.641
6.257
6.353
6.577
6.592
6.56
6.554
6.817
6.942
6.994
6.966
6.9
6.874
6.821
6.795
6.744
6.718
6.681
6.717
6.778
6.813
6.871
6.902
6.966
7.001
8.183
8.187
8.183
8.183
8.187
8.187
8.183
8.183
8.187
8.183
8.191
8.191
8.183
8.183
8.183
8.183
8.183
8.183
8.183
8.183
8.183
8.183
8.183
8.183
8.183
8.183
8.183
8.183
8.187
8.183
8.183
7.837
6.44907 2.78896 0.33691
