1 361
3.783
3.721
3.696
3.644
3.618
3.477
3.445
3.38
3.356
3.31
3.296
3.261
3.25
3.225
3.214
3.274
3.258
3.219
3.214
3.194
3.17
3.157
3.14
2.991
2.954
2.919
2.893
2.868
2.851
2.827
2.812
2.789
2.788
2.766
2.755
3.065
3.151
2.867
2.856
2.851
2.824
2.421
2.424
2.398
2.391
2.375
2.373
2.349
2.35
2.335
2.327
2.309
2.301
2.293
2.284
2.269
2.269
2.251
2.251
2.235
2.235
2.225
2.217
2.208
2.2
2.192
2.191
2.174
2.167
2.159
2.159
2.151
2.151
2.133
2.132
2.123
2.124
2.115
2.115
2.108
2.107
2.097
2.097
2.09
2.09
2.082
2.082
2.082
2.082
2.072
2.073
2.072
2.073
2.064
2.064
2.064
2.064
2.055
2.063
2.063
2.069
2.066
2.067
2.067
2.067
2.058
2.067
2.06
2.061
2.063
2.062
2.062
2.061
2.069
2.075
2.069
2.069
2.078
2.079
2.084
2.086
2.085
2.093
2.094
2.103
2.103
2.109
2.111
2.111
2.123
2.128
2.129
2.13
2.139
2.14
2.149
2.148
2.157
2.156
2.165
2.174
2.178
2.19
2.192
2.209
2.212
2.214
2.224
2.226
2.238
2.245
2.259
2.256
2.266
2.275
2.282
2.3
2.306
2.314
2.326
2.331
2.339
2.355
2.365
2.38
2.39
2.397
2.412
2.42
2.43
2.446
2.461
2.468
3.88
3.888
3.926
3.943
3.969
3.994
4.019
4.044
4.071
4.095
4.137
4.153
4.195
4.212
4.251
4.278
4.319
4.352
4.394
4.419
4.462
4.489
4.531
4.573
4.615
4.657
4.71
4.736
4.79
4.833
4.885
4.919
4.979
5.03
5.086
5.128
5.201
5.245
5.313
5.365
5.44
5.5
5.47
5.442
5.401
5.377
5.336
5.318
5.276
5.258
5.224
5.2
5.165
5.152
5.116
5.098
5.068
5.053
5.025
5.016
4.987
4.971
4.94
4.93
4.895
4.889
4.862
4.854
4.835
4.829
4.804
4.796
4.767
4.78
4.775
4.765
4.747
4.739
4.722
4.72
4.697
4.695
4.668
4.669
4.654
4.642
4.627
4.627
4.607
2.74
2.67
2.67
2.661
2.661
2.653
2.653
2.644
2.644
2.636
2.645
2.636
2.637
2.632
2.633
2.628
2.631
2.627
2.636
2.63
2.63
2.628
2.636
2.623
2.63
2.626
2.632
2.63
2.638
2.636
2.636
2.644
2.644
2.653
2.652
2.652
2.661
2.661
2.67
2.669
2.678
2.677
2.686
2.686
2.695
2.696
2.705
2.704
2.721
2.713
2.73
2.73
2.739
2.738
2.756
2.764
2.773
2.782
2.79
2.799
2.806
2.816
2.823
2.831
2.841
2.848
2.865
2.874
2.892
2.898
2.908
2.925
2.934
2.943
3.022
4.087
4.169
4.2
4.202
4.216
4.236
4.401
4.358
4.304
4.302
4.334
4.359
4.424
4.633
4.558
4.507
4.44
4.397
4.384
4.412
4.437
4.465
4.498
4.523
0.977273 -1.19994 -0.918157
