1 361
1.75
1.795
1.828
1.868
1.903
1.951
1.992
2.045
2.089
2.151
2.191
2.262
2.312
2.385
2.444
2.526
2.599
2.694
2.772
2.872
2.976
3.1
3.209
3.35
3.49
3.652
3.825
4.024
4.212
4.449
4.725
4.895
4.902
4.89
4.883
4.873
4.873
4.873
4.864
4.863
4.856
4.856
4.855
4.856
4.855
4.856
4.855
4.847
4.855
4.856
4.856
4.855
4.865
4.858
4.874
4.867
4.084
4.122
3.957
3.407
3.104
2.587
2.583
2.581
2.497
2.275
2.13
2.031
1.946
1.876
1.874
1.869
4.976
4.983
5.003
5.009
5.027
5.036
5.052
5.061
5.078
5.084
5.101
5.111
5.136
5.152
5.169
5.177
5.202
5.219
5.235
5.251
5.268
5.285
5.31
4.477
4.578
5.372
5.396
5.411
5.446
5.389
5.413
5.437
5.461
5.464
5.507
5.524
5.541
5.55
5.561
5.578
5.623
5.657
5.702
5.737
5.815
3.174
3.165
3.173
5.769
5.706
5.64
5.622
5.934
5.955
6.025
6.068
6.123
6.162
6.186
6.111
6.146
6.189
6.249
6.221
6.312
6.875
4.999
6.987
4.848
4.942
7.193
7.254
7.341
7.4
7.487
7.548
7.64
7.707
7.808
7.873
7.987
7.989
6.864
6.802
6.742
6.695
6.666
6.62
6.587
6.153
6.128
6.093
6.065
6.142
6.261
6.327
5.594
5.323
5.316
5.366
6.166
6.148
5.613
5.572
5.549
5.526
5.494
5.432
5.392
5.375
5.42
5.484
5.615
5.855
5.899
6.01
7.843
7.14
7.21
7.214
8.183
8.183
8.183
8.183
8.183
8.183
8.183
8.183
8.183
8.183
8.183
8.183
8.183
8.183
8.183
8.183
7.959
7.927
7.909
7.887
7.918
7.829
8.114
8.094
8.094
8.086
1.24
1.213
1.156
1.129
1.102
1.085
1.058
1.04
1.029
1.027
0.931
0.892
0.901
0.89
0.898
0.903
0.898
0.895
0.899
0.897
0.904
0.894
0.903
0.902
0.901
0.901
0.909
0.899
0.908
0.908
0.916
0.907
0.914
0.916
0.922
0.915
0.923
0.921
0.92
0.92
0.93
0.929
0.938
0.938
0.938
0.937
0.947
0.937
0.947
0.945
0.954
0.953
0.959
0.959
0.968
0.969
0.969
0.967
0.977
0.977
0.992
0.993
0.993
0.991
1.009
1.008
1.016
1.018
1.025
1.025
1.033
1.033
1.04
1.04
1.058
1.058
1.066
1.065
1.081
1.082
1.089
1.089
1.106
1.106
1.124
1.123
1.134
1.142
1.146
1.14
1.125
1.125
1.116
1.108
1.097
1.089
1.081
1.081
1.062
1.063
1.046
1.045
1.037
1.029
1.019
1.011
1.002
0.993
0.976
0.973
0.958
0.959
0.94
0.937
0.932
0.923
0.941
0.971
1.138
1.13
1.131
1.121
1.113
1.116
1.098
1.098
1.09
1.08
1.08
1.072
1.064
1.064
1.055
1.055
1.041
1.042
1.033
1.033
1.025
1.025
1.02
1.02
1.008
3.75594 8.19547 3.24359
