1 361
1.697
1.688
1.689
1.688
1.577
1.57
1.57
1.57
1.57
1.57
1.569
1.561
1.565
1.434
1.436
1.435
1.438
1.438
1.416
1.45
1.458
1.456
1.456
1.453
1.456
1.452
1.457
1.455
1.46
1.468
1.466
1.465
1.472
1.47
1.471
1.471
1.47
1.47
1.479
1.479
1.486
1.486
1.495
1.487
1.493
1.494
1.501
1.503
1.509
1.512
1.511
1.511
1.52
1.52
1.528
1.528
1.536
1.536
1.546
1.545
1.553
1.554
1.565
4.5
4.526
4.535
4.56
4.568
4.593
4.6
4.635
4.645
4.677
4.678
4.715
4.732
4.757
4.774
4.812
4.828
4.854
4.868
4.903
4.929
4.955
4.973
5.014
5.028
5.07
5.084
5.136
5.16
5.199
5.216
5.267
5.294
5.335
5.357
5.402
5.399
5.491
5.431
5.568
5.6
5.664
5.693
5.752
5.785
5.846
5.89
5.955
5.987
6.07
6.101
6.172
6.214
6.291
6.336
6.429
6.475
6.573
6.607
6.711
6.753
6.861
6.903
7.012
7.067
7.178
7.24
7.369
7.427
3.616
3.599
3.582
3.564
3.549
3.554
3.627
3.662
3.746
3.78
3.868
3.899
3.981
4.014
4.122
4.163
4.27
4.314
4.432
4.474
4.595
4.648
4.782
4.841
4.987
5.062
5.227
5.307
5.476
5.564
5.752
5.852
5.986
5.967
5.952
5.945
5.923
5.906
5.892
5.889
5.873
5.856
5.848
5.834
5.823
5.815
5.806
5.795
5.795
5.771
5.772
5.771
5.755
5.755
5.75
5.736
5.738
5.733
5.728
5.724
5.721
5.718
5.715
5.719
5.722
5.712
5.719
5.709
5.713
5.707
5.714
5.716
5.71
5.711
5.707
5.348
4.512
4.263
3.735
3.538
3.147
3.026
2.772
2.763
2.771
2.771
2.78
2.781
2.788
2.788
2.795
2.792
2.806
2.803
2.817
2.817
2.828
2.826
2.843
2.843
2.852
2.852
2.869
2.869
2.887
2.886
2.902
2.902
2.92
2.921
2.938
2.937
2.956
2.956
2.973
2.982
3
3
3.016
3.025
3.043
3.052
3.07
3.07
3.096
3.096
3.12
3.126
3.072
3.046
2.978
2.958
2.896
2.878
2.821
2.794
2.744
2.726
2.673
2.659
2.615
2.587
2.556
2.531
2.493
2.484
2.441
2.424
2.392
2.376
2.344
2.336
2.292
2.292
2.258
2.251
2.216
2.207
2.181
2.163
2.137
2.127
2.102
2.102
2.075
2.067
2.04
2.032
2.008
2.006
1.979
1.972
1.956
1.947
1.922
1.913
1.906
1.897
1.881
1.871
1.855
1.847
1.831
1.831
1.815
1.814
1.795
1.796
1.781
1.78
1.753
1.753
1.745
1.737
1.728
1.728
1.711
1.71
1.694
1.703
1.686
1.686
1.669
1.669
1.66
1.652
1.645
1.645
1.633
1.63
1.629
1.629
1.621
1.614
1.605
1.605
1.605
1.598
1.589
1.598
1.582
1.59
1.578
1.58
1.575
1.566
1.566
1.566
1.558
-2.69147 11.355 4.12051
