1 361
4.303
4.466
4.465
4.619
4.619
4.669
4.659
4.713
4.722
4.795
4.804
4.803
4.794
4.783
4.774
4.759
4.751
4.729
4.721
4.704
4.694
4.675
4.676
4.661
4.652
4.638
4.64
4.627
4.617
4.599
4.599
4.582
4.58
4.573
4.564
4.557
4.556
4.547
4.547
4.539
4.538
4.532
4.53
4.523
4.52
4.521
4.514
4.515
4.508
4.506
4.505
4.505
4.507
4.508
4.498
4.506
4.505
4.508
4.509
4.127
4.176
3.254
3.277
2.691
2.728
2.294
2.316
1.988
2.02
1.862
1.862
1.871
1.863
1.87
1.871
1.88
1.869
1.888
1.879
1.896
1.888
1.904
1.9
1.908
1.908
1.918
1.909
1.926
1.924
1.942
1.933
1.951
1.942
1.96
1.951
1.977
1.976
1.994
1.983
2.01
2.002
2.018
2.018
2.036
2.027
2.054
2.045
2.073
2.063
2.091
2.081
2.107
2.098
2.125
2.126
2.143
2.143
2.178
2.162
2.187
2.188
2.222
2.213
2.24
2.24
2.274
2.275
2.299
2.291
2.332
2.322
2.296
2.306
2.254
2.254
2.209
2.208
2.168
2.177
2.124
2.133
2.089
2.098
2.055
2.056
2.021
2.03
1.985
1.996
1.953
1.962
1.922
1.93
1.896
1.904
1.87
1.871
1.846
1.854
1.828
1.829
1.802
1.802
1.777
1.786
1.759
1.76
1.742
1.743
1.725
1.725
1.699
1.708
1.682
1.691
1.666
1.674
1.658
1.658
1.632
1.641
1.625
1.625
1.608
1.616
1.6
1.6
1.583
1.591
1.575
1.575
1.567
1.566
1.55
1.558
1.542
1.55
1.534
1.542
1.525
1.533
1.517
1.516
1.516
1.517
1.508
1.508
1.5
1.5
1.491
1.5
1.491
1.491
1.484
1.484
1.474
1.482
1.474
1.474
1.466
1.474
1.466
1.466
1.468
1.468
1.464
1.464
1.456
1.465
1.456
1.461
1.459
1.459
1.457
1.458
1.461
1.462
1.462
1.463
1.464
1.463
1.463
1.463
1.467
1.466
1.467
1.467
1.473
1.473
1.472
1.482
1.472
1.481
1.481
1.481
1.489
1.489
1.489
1.498
1.498
1.498
1.506
1.506
1.515
1.515
1.515
1.524
1.524
1.531
1.531
1.539
1.539
1.548
1.556
1.556
1.556
1.565
1.572
1.58
1.58
1.588
1.597
1.597
1.605
1.614
1.622
1.629
1.637
1.637
1.654
1.654
1.662
1.67
1.687
1.687
1.695
1.704
1.718
1.72
1.737
1.746
1.753
1.761
1.779
1.786
1.796
1.803
1.821
1.829
1.847
1.853
1.862
1.88
1.895
1.896
1.921
1.931
1.947
1.964
1.982
1.991
2.015
2.023
2.048
2.058
2.094
2.095
2.123
2.131
2.164
2.171
2.208
2.217
2.039
2.039
2.056
2.057
2.066
2.07
2.145
2.161
2.451
2.455
2.511
2.513
2.577
2.584
2.632
2.649
2.704
2.726
2.801
2.801
2.736
2.738
2.727
2.731
2.915
2.924
3.004
3.017
-3.87385 10.3577 5.68846
