1 361
5.499
5.459
5.413
5.338
5.294
5.257
5.226
5.058
5.005
4.952
4.922
4.884
4.863
4.836
4.816
5.202
5.171
5.154
5.193
4.914
4.879
4.854
4.715
4.633
4.578
4.566
4.532
4.524
4.534
4.747
5.002
5.107
5.156
4.752
4.142
4.1
4.082
4.065
4.048
4.029
4.02
4.004
3.986
3.977
3.96
3.95
3.933
3.925
3.907
3.899
3.884
3.876
3.867
3.858
3.84
3.832
3.824
3.817
3.808
3.799
3.791
3.791
3.783
3.766
3.764
3.757
3.748
3.739
3.746
3.739
3.731
3.726
3.716
3.717
3.715
3.708
3.706
3.708
3.7
3.701
3.7
3.701
3.708
3.697
3.696
3.693
3.699
3.698
3.697
3.703
3.699
3.706
3.704
3.707
3.704
3.709
3.706
3.715
3.722
3.722
3.719
3.728
3.728
3.736
3.736
3.745
3.753
3.752
3.761
3.761
3.768
3.777
3.784
4.967
4.974
4.994
5
5.01
5.017
5.035
5.05
5.06
5.076
5.085
5.1
5.117
5.132
5.15
5.167
5.183
5.197
5.216
5.24
5.256
5.274
5.301
5.318
5.343
5.361
5.387
5.404
5.428
5.453
5.48
5.505
5.531
5.555
5.582
5.607
5.643
5.67
5.698
5.731
5.758
5.794
5.829
5.855
5.898
5.939
5.964
6.006
6.037
6.086
6.127
6.171
6.216
6.198
6.123
6.067
6
5.937
5.874
5.828
5.77
3.014
2.981
2.956
2.931
2.912
2.886
2.862
2.836
2.82
2.796
2.777
2.753
2.736
2.719
2.702
2.684
2.667
2.65
2.632
2.614
2.606
2.581
2.572
2.556
2.54
2.524
2.516
2.499
2.482
2.475
2.457
2.449
2.433
2.424
2.416
2.399
2.391
2.382
2.374
2.357
2.348
2.348
2.331
2.322
2.314
2.306
2.298
2.297
2.281
2.272
2.272
2.263
2.254
2.246
2.246
2.237
2.228
2.219
2.219
2.219
2.21
2.21
2.201
2.192
2.192
2.183
2.183
2.174
2.174
2.173
2.174
2.165
2.165
2.156
2.16
2.784
2.722
2.783
2.803
2.884
2.955
3.373
3.372
3.394
3.351
3.382
3.401
3.699
3.928
3.936
3.733
3.895
3.868
3.867
3.324
3.199
3.201
3.198
3.203
3.22
3.145
3.228
3.75
3.622
3.366
3.289
3.229
3.207
3.225
3.601
3.458
3.334
3.227
3.213
3.217
3.224
3.23
3.247
3.256
3.823
3.693
3.575
3.461
3.345
3.246
3.167
3.171
3.18
3.189
3.198
3.206
3.206
3.223
3.231
3.24
3.258
3.265
3.605
3.565
3.514
3.472
3.431
3.397
3.351
3.313
3.345
7.9
7.939
7.974
8.007
8.05
8.084
8.127
8.16
8.183
8.183
8.183
8.183
8.183
8.183
4.911
4.857
4.833
4.771
4.692
4.676
4.66
4.645
4.637
4.622
4.605
4.588
4.571
4.561
4.545
4.537
4.521
5.294
5.34
5.383
5.425
5.467
5.518
5.561
5.614
5.657
5.711
12.3164 6.11114 0.957191
