1 361
1.255
1.229
1.211
1.184
1.17
1.14
1.132
1.105
1.097
1.073
1.064
1.036
1.029
1.014
1.005
0.984
0.979
0.963
0.955
0.938
0.929
0.913
0.904
0.887
0.886
0.87
0.871
0.852
0.852
0.802
0.802
0.786
0.785
0.769
0.768
0.761
0.761
0.756
0.769
0.769
0.777
0.786
0.792
0.801
0.802
0.811
0.818
0.827
0.836
0.845
0.859
0.869
0.897
2.836
2.799
0.958
0.95
0.944
0.965
0.967
0.97
0.964
0.966
1.147
2.434
2.462
2.49
2.509
2.527
2.562
2.618
8.187
3.312
3.381
3.461
3.497
3.582
3.62
3.676
3.741
3.889
3.945
3.969
3.967
3.538
3.517
3.565
3.597
3.655
8.187
5.382
5.406
6.278
6.278
6.258
6.242
6.225
6.208
6.458
7.428
2.276
2.259
2.335
2.381
2.483
2.541
2.654
2.721
2.87
2.942
3.122
3.21
3.425
3.56
3.865
4.049
4.437
4.673
5.216
5.585
6.305
6.741
7.806
8.183
8.183
8.183
8.183
8.183
8.183
8.183
8.183
8.183
8.183
8.183
8.183
8.183
8.183
8.183
8.183
8.183
8.183
8.183
8.183
8.183
8.183
8.183
8.183
8.183
8.183
8.183
8.183
8.183
8.183
8.183
8.183
8.183
8.183
8.183
8.183
8.183
8.183
8.183
8.183
8.183
8.183
8.183
8.183
8.183
8.183
8.183
8.183
8.183
8.183
8.183
8.183
8.183
8.183
1.735
1.747
1.723
1.696
1.68
1.663
1.638
1.622
1.605
1.581
1.573
1.548
1.541
1.525
1.507
1.491
1.483
1.466
1.449
1.431
1.424
1.415
1.399
1.39
1.383
1.364
1.356
1.347
1.339
1.321
1.322
1.304
1.304
1.286
1.287
1.269
1.262
1.251
1.244
1.242
1.233
1.223
1.216
1.206
1.207
1.198
1.19
1.19
1.18
1.171
1.163
1.163
1.153
1.185
1.177
1.191
1.179
1.253
1.246
1.184
1.165
1.145
1.129
1.123
1.114
1.104
1.105
1.098
1.087
1.079
1.08
1.071
1.062
1.053
1.053
1.051
1.044
1.087
1.09
1.147
1.138
1.193
1.184
1.227
1.227
1.28
1.28
1.329
1.33
1.389
1.389
1.456
1.448
1.521
1.521
1.594
1.603
1.68
1.679
1.765
1.772
1.861
1.871
1.986
1.993
2.122
2.142
2.266
2.294
2.46
2.489
2.661
2.699
2.937
2.98
3.228
3.263
3.592
3.673
4.084
4.211
4.744
4.918
5.48
6.933
6.95
7.025
7.074
7.073
7.063
7.041
7.041
7.04
7.043
7.037
7.037
7.026
7.036
7.029
7.04
7.04
7.04
7.047
7.055
7.089
7.065
7.069
7.077
7.086
7.071
7.084
8.183
8.183
7.132
7.136
7.152
7.164
7.18
7.184
7.215
7.219
7.241
7.251
7.277
7.285
7.309
7.317
7.346
7.354
7.384
7.392
7.508
7.417
7.199
7.191
7.226
7.251
7.239
7.237
6.297
6.28
6.09
6.035
5.861
10.8115 12.4782 4.97681
