1 361
0.889
0.897
0.904
0.903
0.904
0.912
0.921
0.92
0.93
0.938
0.936
0.947
0.954
0.959
0.961
0.97
0.975
1.003
1.053
1.055
1.07
1.07
1.08
1.064
1.06
1.068
1.077
1.084
1.093
1.094
1.102
1.11
1.118
1.129
1.135
1.145
1.151
5.91
5.85
5.781
5.72
5.659
5.606
5.544
5.501
5.439
5.397
5.317
5.276
5.324
5.37
5.346
5.304
5.251
5.219
5.157
5.118
5.077
5.043
5.004
4.971
4.936
4.895
4.794
4.643
4.624
4.603
4.567
4.544
4.509
4.486
4.46
4.435
4.408
4.381
4.346
4.331
4.306
4.281
4.257
4.233
4.209
4.191
4.168
4.151
4.127
4.118
4.092
4.076
4.067
4.052
4.027
4.017
3.999
3.982
3.964
3.958
3.936
3.929
3.911
3.902
3.885
3.877
3.869
3.849
3.841
3.831
3.818
3.814
3.807
3.799
3.789
3.756
3.749
3.754
3.894
3.883
3.882
3.874
3.866
3.857
3.857
3.857
3.848
3.84
3.838
3.83
3.83
3.822
3.821
3.812
3.812
3.813
3.804
3.806
3.799
3.802
3.8
3.792
3.803
3.8
3.797
3.701
3.644
3.643
3.659
3.665
3.663
3.671
3.667
3.675
3.682
3.682
3.681
3.689
3.688
3.688
3.697
3.696
3.705
3.703
3.714
3.722
3.728
3.729
3.737
3.746
3.754
3.763
3.772
3.78
3.789
3.799
3.807
3.815
3.824
3.832
3.841
3.851
3.868
3.878
3.885
3.902
3.921
3.92
3.947
3.957
3.973
3.981
3.998
4.009
4.026
4.042
4.068
4.076
4.103
4.111
4.136
4.152
4.177
4.187
4.204
4.219
4.422
4.439
4.466
4.483
4.515
4.541
4.565
4.584
4.623
4.65
4.674
4.706
4.738
0.885
0.884
0.875
0.868
0.858
0.85
0.839
0.833
0.823
0.815
0.807
0.799
0.795
0.781
0.781
0.792
0.79
0.792
0.783
0.775
0.774
0.774
0.781
0.778
0.776
0.772
0.763
0.732
0.735
0.701
0.692
0.684
0.689
0.691
0.691
0.684
0.69
0.693
0.68
0.677
0.687
0.688
0.686
0.686
0.686
0.686
0.686
0.687
0.687
0.681
0.691
0.686
0.69
0.687
0.685
0.685
0.684
0.69
0.681
0.69
0.689
0.688
0.689
0.69
0.687
0.697
0.696
0.698
0.698
0.697
0.703
0.697
0.705
0.706
0.713
0.714
0.714
0.714
0.715
0.722
0.722
0.729
0.72
0.727
0.728
0.738
0.738
0.739
0.737
0.744
0.753
0.743
0.753
0.76
0.76
0.768
0.77
0.776
0.776
0.783
0.784
0.784
0.792
0.801
0.801
0.8
0.809
0.807
0.817
0.816
0.826
0.827
0.836
0.843
0.851
1.003
2.084
2.093
2.093
2.136
2.137
2.247
2.803
2.824
2.84
2.85
2.767
2.515
2.52
2.496
2.487
2.492
2.502
2.453
2.36
2.205
2.146
2.035
1.987
1.891
1.844
1.83
1.806
1.809
1.818
4.65334 2.55274 0.465087
