1 361
0.832
0.823
0.823
0.807
0.807
0.807
0.798
0.789
0.79
0.782
0.782
0.773
0.765
0.758
0.758
0.756
0.757
0.748
0.748
0.74
0.741
0.732
0.731
0.722
0.724
0.715
0.715
0.715
0.716
0.706
0.707
0.699
0.707
0.699
0.699
0.69
0.69
0.682
0.682
0.674
0.681
0.672
0.671
0.696
0.708
0.741
0.756
0.789
0.796
0.835
0.861
0.911
0.923
0.996
1.011
1.072
1.099
1.184
1.219
1.296
1.35
1.464
1.531
1.654
1.739
2.066
2.127
2.363
2.56
2.904
3.106
3.356
3.357
3.357
3.357
3.355
3.356
3.349
3.356
3.357
3.356
3.357
3.358
3.357
3.358
3.358
3.366
3.358
3.365
3.366
3.374
3.374
3.382
3.381
3.388
3.389
3.397
3.404
3.406
3.415
3.421
3.42
3.438
3.438
3.446
3.445
3.464
3.463
3.471
3.479
3.489
3.496
3.506
3.514
3.532
3.532
3.549
3.548
3.566
3.575
3.59
3.6
3.617
3.624
3.642
3.65
3.668
3.675
3.701
3.709
3.733
3.751
3.767
3.785
3.803
3.82
3.838
3.857
3.875
3.89
3.91
3.936
3.954
3.98
3.998
4.024
4.048
4.066
4.091
4.116
4.15
4.166
4.191
4.225
4.248
4.269
4.31
4.335
4.374
4.369
4.307
4.459
4.503
4.537
4.578
4.61
4.655
4.687
4.731
4.774
4.818
4.854
4.894
4.935
4.987
5.03
5.075
5.124
5.184
5.23
5.293
5.344
5.419
5.472
5.54
5.591
5.664
5.725
5.803
5.862
5.944
6.011
6.104
6.179
6.267
6.35
6.455
6.533
6.64
6.728
6.833
6.934
7.055
7.164
2.538
2.521
2.513
2.495
2.487
2.471
2.477
2.521
2.578
2.629
2.689
2.731
2.805
2.856
2.926
2.986
3.068
3.135
3.234
3.298
3.407
3.493
3.607
3.717
3.83
3.945
4.1
4.206
4.383
4.523
4.727
4.733
4.729
4.713
4.712
4.695
4.695
4.687
4.686
4.678
4.672
4.663
4.662
4.655
4.653
4.646
4.646
4.638
4.644
4.637
4.637
4.637
4.638
4.63
4.63
4.631
4.631
4.629
4.635
4.628
4.636
4.636
4.644
4.637
4.652
4.652
4.651
4.66
4.661
4.668
4.673
4.675
4.694
4.694
4.702
4.703
4.713
4.721
4.731
4.741
4.747
4.751
4.768
4.775
4.635
4.477
4.338
4.203
4.061
3.973
3.842
3.755
3.646
3.567
3.474
3.406
3.313
3.244
3.163
3.113
3.049
2.987
2.915
2.874
2.811
2.769
2.71
2.668
2.616
2.572
2.532
2.49
2.441
2.408
2.368
2.344
2.304
2.292
2.306
2.316
2.334
2.341
2.359
2.375
2.384
2.39
2.414
2.421
2.439
2.455
2.472
2.489
2.504
2.521
2.545
2.562
2.578
2.597
2.622
2.63
2.658
2.676
2.702
2.719
2.743
2.761
2.788
2.812
2.837
2.864
2.89
2.914
2.942
2.969
3.005
3.024
3.062
-3.63043 10.6438 3.63451
