1 361
1.048
1.057
1.057
1.065
1.057
1.065
1.064
1.073
1.064
1.07
1.068
1.081
1.072
1.081
1.081
1.089
1.089
1.089
1.089
1.098
1.097
1.114
1.106
1.114
1.114
1.122
1.122
1.131
1.123
1.134
1.132
1.149
1.149
1.157
1.157
1.166
1.166
1.175
1.175
1.184
1.183
1.192
1.192
1.2
1.209
1.219
1.218
1.227
1.227
1.245
1.244
1.253
1.263
1.271
1.27
1.287
1.288
1.305
1.305
1.313
1.323
1.335
1.344
1.357
1.356
1.375
1.383
1.39
1.4
1.416
1.415
1.433
1.442
1.468
1.474
1.489
1.489
1.514
1.522
1.538
1.547
1.572
1.582
1.579
1.58
1.61
1.62
1.81
1.886
1.929
1.936
1.971
1.98
2.014
2.032
2.067
2.085
2.12
2.137
2.181
2.198
2.239
2.263
2.308
2.324
2.381
2.4
2.464
2.485
2.458
2.457
2.434
2.434
2.417
2.417
2.438
2.473
2.586
2.612
2.689
2.714
2.793
2.828
2.849
2.848
2.805
2.805
2.773
2.764
2.731
2.731
2.695
2.697
2.661
2.662
2.635
2.636
2.61
2.6
2.576
2.576
2.543
2.543
2.519
2.519
2.523
2.54
2.564
2.579
2.606
2.624
2.641
2.668
2.694
2.703
2.736
2.753
2.779
2.803
2.836
2.851
2.887
2.912
8.187
8.187
8.191
8.191
8.183
8.183
8.183
8.183
8.183
8.183
8.183
8.183
8.183
8.183
8.183
8.183
8.183
8.183
8.183
8.183
8.183
8.183
8.183
8.183
8.183
8.183
8.183
8.183
8.183
8.183
8.183
8.183
7.431
7.328
7.04
6.904
6.635
6.517
6.268
6.173
5.96
5.867
5.672
5.585
5.402
5.334
5.18
5.105
4.954
4.9
4.76
4.71
4.585
4.53
4.42
4.378
4.268
4.22
4.125
4.082
3.993
3.962
3.883
3.847
3.759
3.733
3.657
3.625
3.555
3.53
3.462
3.443
3.339
3.308
3.303
3.321
3.343
3.369
3.365
3.336
3.289
3.264
3.225
3.203
3.151
3.135
3.093
3.077
3.042
3.025
2.981
2.963
8.183
6.505
6.528
8.183
8.183
8.183
8.183
8.183
8.183
8.183
8.183
8.183
8.183
8.183
8.183
8.183
8.183
8.183
8.183
8.183
8.183
8.183
8.183
8.183
2.271
2.278
2.253
2.244
2.25
2.247
2.23
2.224
2.205
2.205
2.188
2.152
1.967
1.949
1.873
1.861
1.84
1.835
1.814
1.821
1.812
1.809
1.795
1.798
1.792
1.792
1.804
1.819
1.836
1.866
1.895
1.908
1.916
1.907
1.845
1.88
1.898
1.955
1.983
1.99
1.979
1.996
1.979
1.979
1.971
1.965
1.962
1.962
1.953
1.962
1.953
1.954
1.945
1.945
1.946
1.946
1.936
1.933
1.923
1.931
1.926
1.923
1.922
1.927
1.922
1.926
1.917
1.917
1.912
1.909
1.894
1.893
1.877
1.867
1.863
1.861
1.859
1.849
1.849
1.848
1.851
1.85
7.17578 7.03712 2.11269
