1 361
2.066
2.048
2.041
2.022
2.013
1.996
1.987
1.97
1.961
1.944
1.934
1.918
1.918
1.9
1.9
1.884
1.874
1.866
1.857
1.849
1.84
1.831
1.823
1.814
1.805
1.796
1.797
1.779
1.77
1.771
1.754
1.754
1.754
1.745
1.745
1.729
1.728
1.719
1.719
1.71
1.71
1.702
1.693
1.693
1.684
1.684
1.676
1.677
1.669
1.669
1.66
1.66
1.66
1.652
1.652
1.643
1.643
1.644
1.635
1.636
1.636
1.628
1.629
1.629
1.629
1.621
1.621
1.623
1.613
1.618
1.619
1.616
1.617
1.622
1.614
1.618
1.618
1.62
1.619
1.618
1.616
1.62
1.619
1.615
1.613
1.617
1.616
1.621
1.621
1.63
1.63
1.63
1.629
1.637
1.629
1.637
1.637
1.645
1.645
1.644
1.654
1.661
1.653
1.661
1.661
1.669
1.669
1.679
1.678
1.741
1.796
3.079
3.063
2.862
2.847
2.84
2.839
2.85
2.85
2.859
2.841
2.836
2.861
3.418
3.417
3.35
3.311
3.219
3.208
3.117
3.109
3.021
3.013
2.983
2.99
3.011
3.02
3.043
3.05
3.339
3.322
3.241
3.232
3.158
3.14
3.071
3.062
3.047
3.057
3.092
3.092
3.128
3.128
3.162
3.171
3.197
3.214
3.468
3.467
3.426
3.425
3.375
3.367
3.327
3.32
8.183
8.183
8.183
8.183
4.98
4.972
4.927
4.927
4.829
4.827
4.818
4.822
4.8
4.8
4.785
4.785
4.776
4.776
4.767
4.765
4.752
4.76
5.757
5.781
5.893
5.918
6.043
6.066
6.195
6.229
6.356
6.391
6.529
6.572
6.711
6.751
5.963
5.763
4.004
3.998
3.963
3.954
3.918
3.919
3.884
3.884
3.849
3.849
3.823
3.815
3.789
3.788
3.762
3.763
3.73
3.73
3.704
3.705
3.679
3.681
3.655
3.656
3.638
3.639
3.613
3.614
3.597
3.607
3.579
3.588
3.562
3.57
3.555
3.555
3.54
3.539
3.532
3.532
3.514
3.522
3.515
3.516
3.5
3.509
3.493
3.503
3.486
3.495
3.49
3.491
3.485
3.485
3.48
3.48
3.475
3.484
3.476
3.484
3.475
3.48
3.477
3.485
3.484
3.491
3.49
3.498
3.496
3.505
3.503
3.502
3.511
3.517
3.517
3.518
3.525
3.536
3.534
3.543
3.542
3.55
3.561
3.569
3.568
3.576
3.585
3.593
3.603
3.61
3.62
3.627
3.653
3.663
3.669
3.68
3.687
3.697
3.713
3.73
3.737
3.747
3.772
3.78
3.797
3.807
3.824
3.832
3.849
3.867
3.885
3.893
3.921
3.93
3.956
3.966
3.99
3.999
4.025
4.044
4.069
4.084
4.12
4.137
4.161
4.178
4.21
4.226
4.259
4.276
4.316
4.333
4.376
4.394
4.437
4.454
4.493
4.518
4.56
4.576
4.628
4.653
4.696
4.722
4.774
4.802
4.853
4.878
4.939
4.965
5.023
5.049
5.114
5.14
5.216
5.239
5.308
7.105
2.07618 -1.3183 1.05078
