1 361
1.374
1.382
1.381
1.391
1.39
1.399
1.399
1.399
1.408
1.407
1.415
1.415
1.424
1.423
1.432
1.432
1.44
1.449
1.449
1.457
1.465
1.474
1.473
1.482
1.49
1.499
1.499
1.508
1.515
1.525
1.525
1.533
1.54
1.55
1.557
1.566
1.574
1.582
1.591
1.599
1.607
1.623
1.631
1.64
1.648
1.655
1.673
1.682
1.689
1.698
1.715
1.722
1.74
1.75
1.775
1.784
1.793
1.8
1.817
1.825
1.85
1.868
1.896
1.911
1.928
1.947
1.962
1.978
2.005
2.022
2.037
2.055
2.081
2.098
2.125
2.144
2.16
2.187
2.213
2.24
2.265
2.282
2.314
2.338
2.372
2.398
2.43
2.464
2.495
2.529
2.57
2.604
2.645
2.68
2.73
2.757
2.816
2.848
2.908
2.943
3.003
3.048
3.118
3.16
3.236
3.286
3.357
3.421
3.497
3.557
3.649
3.717
3.804
3.874
3.98
4.054
4.18
4.277
4.407
4.486
5.892
5.875
5.866
5.85
5.841
5.824
5.806
5.798
5.789
5.771
5.772
5.755
5.745
5.737
5.726
5.718
5.71
5.702
5.702
5.347
5.645
5.676
4.68
4.633
4.641
4.624
4.633
4.625
4.625
4.616
4.624
4.615
4.625
4.615
4.623
4.615
4.614
4.614
4.623
4.624
4.633
4.623
4.64
4.632
4.639
4.639
4.657
4.648
4.665
4.663
4.673
4.673
4.681
4.682
4.699
4.699
4.715
4.716
4.732
4.732
4.749
4.75
4.768
4.775
4.794
4.794
4.856
5.876
5.901
5.911
5.935
5.944
5.969
5.977
6.002
6.008
6.042
6.051
6.084
6.093
6.126
6.135
6.177
6.184
6.219
6.236
6.272
6.29
6.322
6.339
6.39
6.398
6.441
6.467
6.5
6.527
6.571
6.589
6.643
6.67
6.712
6.739
6.789
6.823
6.873
6.899
6.961
6.989
7.048
7.083
7.152
7.177
7.237
7.279
7.349
7.384
7.454
7.495
7.574
7.611
7.688
7.733
7.813
7.862
7.956
8
8.093
8.14
8.183
8.183
8.183
8.183
8.183
8.168
7.398
7.242
7.145
7.093
7.024
7.065
7.189
7.238
7.674
7.631
7.579
6.811
6.727
6.709
6.785
6.872
7.057
7.283
6.733
6.609
6.552
6.528
6.487
6.451
6.432
6.485
5.681
5.657
5.631
5.603
5.578
5.562
5.535
5.509
5.493
5.476
5.45
5.434
5.405
5.397
5.373
5.357
5.34
5.329
5.307
5.297
5.28
5.264
5.247
5.247
5.234
5.228
5.211
5.194
5.188
5.18
5.173
5.165
5.148
5.149
5.145
5.132
5.125
5.121
5.11
5.101
5.095
5.094
5.088
5.08
5.088
5.08
5.074
5.074
5.064
5.066
5.057
5.057
5.054
5.057
5.059
5.058
5.169
6.207
6.206
6.206
6.215
6.215
6.215
6.225
6.224
6.234
6.234
6.243
6.249
6.251
6.258
6.268
6.277
6.285
6.293
6.301
6.32
6.328
6.337
6.353
6.363
11.345 8.07186 4.84106
