1 361
1.695
1.694
1.695
1.686
1.686
1.677
1.677
1.669
1.669
1.66
1.66
1.657
1.659
1.652
1.651
1.651
1.642
1.643
1.642
1.643
1.635
1.635
1.636
1.629
1.633
1.631
1.637
1.634
1.63
1.635
1.631
1.627
1.627
1.619
1.619
1.627
1.627
1.627
1.632
1.633
1.634
1.634
1.629
1.636
1.635
1.635
1.642
1.642
1.642
1.642
1.651
1.651
1.651
1.65
1.652
1.659
1.667
1.668
1.667
1.675
1.675
1.684
1.684
1.684
1.693
1.692
1.702
1.695
1.709
1.718
1.718
1.727
1.727
1.735
1.744
1.744
1.747
1.734
1.747
1.755
1.758
1.771
1.938
1.948
1.964
1.963
1.981
1.989
1.988
1.997
2.007
2.023
2.032
2.032
2.05
2.059
2.077
2.076
2.094
2.103
2.121
2.129
2.138
2.156
2.165
2.182
2.191
2.208
2.227
2.233
2.252
2.269
2.286
2.304
2.319
2.343
2.361
2.377
2.394
2.375
2.358
2.333
2.316
2.291
2.3
2.316
2.344
2.377
2.403
2.42
2.452
2.467
2.5
2.526
2.558
2.576
2.599
2.633
2.66
2.685
2.721
2.754
2.787
2.819
2.854
2.898
2.931
2.967
3.011
3.047
3.09
3.132
3.176
3.218
3.275
3.315
3.372
3.432
3.49
3.548
3.611
3.675
3.743
3.804
3.901
5.327
5.308
5.396
5.526
5.638
5.758
5.89
6.022
6.162
6.212
6.191
6.174
6.147
6.138
6.114
6.105
6.088
6.08
6.065
6.459
6.646
6.723
6.967
7.227
8.183
8.183
8.183
8.183
8.183
8.183
8.183
8.183
8.183
8.183
8.183
8.183
8.183
8.183
8.183
8.183
8.191
8.187
8.187
8.183
8.183
8.183
8.183
8.183
8.183
8.183
8.183
8.183
8.183
8.183
8.183
8.183
8.183
8.183
8.183
8.183
8.183
8.183
8.183
8.183
8.183
8.183
8.183
8.183
8.183
7.861
7.485
7.151
6.853
6.564
6.327
6.102
5.764
5.697
5.706
5.741
5.815
5.805
6.871
7.037
7.083
7.145
7.163
7.179
3.951
3.896
3.831
3.74
3.674
3.592
3.524
3.452
3.388
3.314
3.256
3.194
3.142
3.08
3.033
2.972
2.928
2.867
2.834
2.783
2.741
2.699
2.654
2.62
2.586
2.549
2.512
2.478
2.447
2.414
2.383
2.346
2.323
2.29
2.264
2.237
2.216
2.187
2.17
2.143
2.117
2.091
2.073
2.05
2.038
2.022
1.996
1.978
1.963
1.936
1.927
1.905
1.894
1.879
1.861
1.845
1.828
1.811
1.802
1.786
1.778
1.762
1.752
1.735
1.726
1.71
1.702
1.685
1.685
1.668
1.66
1.645
1.644
1.627
1.62
1.613
1.605
1.596
1.588
1.572
1.572
1.564
1.555
1.541
1.539
1.531
1.523
1.514
1.523
1.507
1.507
1.49
1.49
1.481
1.474
1.465
1.465
1.457
1.457
1.449
1.449
1.44
1.44
1.432
1.423
1.415
1.415
1.415
3.76728 10.6524 2.26862
