1 361
1.362
1.346
1.336
1.346
1.346
1.346
1.354
1.363
1.363
1.367
1.358
1.363
1.358
1.363
1.362
1.362
1.37
1.367
1.378
1.368
1.377
1.377
1.377
1.377
1.385
1.385
1.395
1.394
1.394
1.394
1.402
1.402
1.411
1.404
1.411
1.42
1.42
1.42
1.428
1.428
1.437
1.437
1.445
1.445
1.454
1.462
1.462
1.471
1.47
1.479
1.487
1.495
1.503
1.503
1.512
1.512
1.521
1.529
1.538
1.537
1.554
1.554
1.564
1.571
1.579
1.587
1.604
1.604
1.613
1.621
1.628
1.636
1.653
1.652
1.67
1.675
1.693
1.702
1.72
1.729
1.736
1.746
1.761
1.77
1.788
1.795
1.822
1.831
1.845
1.855
1.869
1.889
1.905
1.914
1.938
1.955
1.972
1.998
2.016
2.032
2.048
2.066
2.092
2.11
2.137
2.153
2.181
2.198
2.225
2.251
2.283
2.301
2.333
2.358
2.394
2.416
2.448
2.482
2.522
2.548
2.586
2.622
2.665
2.7
2.743
2.783
2.833
2.876
2.929
2.972
3.024
3.07
3.138
3.188
3.201
3.364
3.721
3.796
4.713
4.694
4.686
4.669
4.669
4.652
4.692
4.716
4.646
4.635
4.624
4.6
4.685
4.856
4.979
4.963
5.203
5.483
5.735
5.929
6.198
6.414
6.718
6.973
7.34
7.627
8.073
8.183
8.183
8.183
8.183
8.183
8.183
8.183
8.183
8.183
8.183
8.183
8.183
8.183
8.183
8.183
8.183
8.183
8.183
8.183
8.183
8.183
8.183
8.183
8.183
8.183
8.183
8.183
8.183
8.183
8.183
8.183
8.183
8.183
8.183
8.183
8.183
8.183
8.183
8.183
8.183
8.183
8.183
7.944
7.56
7.56
2.791
2.821
2.89
2.925
2.993
3.028
3.106
3.135
3.181
3.181
3.229
3.219
3.257
3.251
3.29
3.285
3.315
3.32
3.353
3.341
3.35
3.35
3.357
3.357
3.365
3.357
3.374
3.366
3.383
3.383
3.391
3.381
3.318
3.278
3.218
3.177
3.125
3.094
3.038
3.002
2.959
2.927
2.881
2.856
2.804
2.78
2.745
2.712
2.687
2.66
2.618
2.603
2.566
2.543
2.517
2.493
2.462
2.439
2.412
2.394
2.369
2.353
2.329
2.305
2.289
2.271
2.255
2.237
2.211
2.18
2.164
2.145
2.157
2.166
2.2
2.209
2.252
2.254
2.236
2.226
2.209
2.194
2.175
2.167
2.149
2.14
2.122
2.113
2.105
2.097
2.079
2.068
2.061
2.053
2.035
2.035
2.017
2.018
2
1.991
1.983
1.973
1.956
1.956
1.94
1.94
1.931
1.932
1.915
1.906
1.906
1.898
1.89
1.891
1.881
1.874
1.865
1.865
1.856
1.734
1.682
1.681
1.674
1.673
1.684
1.683
1.681
1.681
1.681
1.674
1.665
1.665
1.665
1.657
1.657
1.657
1.649
1.65
1.65
1.65
1.641
1.641
1.642
1.643
1.635
1.638
1.636
1.632
1.635
1.633
1.629
-0.041193 13.9605 6.0632
