1 361
0.915
0.918
0.917
0.915
0.907
0.915
0.907
0.898
0.915
0.915
0.915
0.923
0.915
0.909
0.914
0.912
0.921
0.919
0.919
0.919
0.919
0.918
0.926
0.926
0.926
0.926
0.935
0.934
0.934
0.934
0.943
0.935
0.939
0.944
0.943
0.952
0.943
0.952
0.953
0.961
0.961
0.961
0.961
0.968
0.968
0.977
0.977
0.977
0.977
0.986
0.986
0.995
0.994
0.997
1.005
1.011
1.011
1.019
1.019
1.028
1.028
1.036
1.036
1.043
1.044
1.053
1.06
1.069
1.069
1.078
1.086
1.094
1.094
1.104
1.111
1.119
1.118
1.135
1.136
1.145
1.152
1.162
1.17
1.178
1.187
1.196
1.196
1.215
1.214
1.23
1.24
1.247
1.256
1.274
1.283
1.289
1.299
1.306
1.325
1.341
1.342
1.365
1.372
1.393
1.392
1.418
1.425
1.444
1.462
1.478
1.493
1.513
1.523
1.542
1.557
1.584
1.6
1.625
1.641
1.676
1.688
1.716
1.734
1.767
1.786
1.82
1.836
1.875
1.891
1.934
1.969
2.001
2.005
2.037
2.094
2.474
2.513
2.57
2.609
2.674
2.716
2.798
2.847
2.933
2.957
2.937
2.938
2.919
2.919
2.901
2.957
3.108
3.171
3.282
3.359
3.361
3.352
3.318
3.311
3.286
3.287
3.253
3.244
3.212
3.212
3.185
3.186
3.152
3.144
3.127
3.126
3.099
3.1
3.07
3.09
3.115
3.143
3.167
3.2
3.227
3.259
3.294
3.318
3.358
3.382
3.422
3.454
3.488
3.512
8.183
8.183
8.183
8.183
8.183
8.183
8.183
8.183
8.183
8.183
8.183
8.183
8.183
8.183
8.183
8.183
8.183
8.183
8.183
8.183
8.183
8.183
8.183
8.183
8.183
8.183
8.014
7.833
7.548
7.376
7.111
6.954
6.737
6.598
6.397
6.257
6.081
5.968
5.804
5.702
5.55
5.457
5.323
5.235
5.102
5.026
4.913
4.842
4.731
4.67
4.57
4.51
4.417
4.368
4.282
4.227
4.157
4.105
4.033
3.985
3.869
3.868
3.884
3.909
3.934
3.912
3.843
3.811
3.748
3.713
3.664
3.631
3.58
3.555
3.507
3.507
8.183
8.183
8.183
8.183
8.183
8.183
7.021
8.183
8.183
8.183
8.183
8.183
8.183
8.183
8.183
8.183
8.183
2.743
2.719
2.7
2.695
2.68
2.663
2.633
2.325
2.291
2.255
2.253
2.222
2.208
2.203
2.199
2.189
2.184
2.177
2.182
2.186
2.182
2.188
2.196
2.196
2.228
2.236
2.255
2.291
2.326
2.331
2.32
2.304
2.303
2.287
2.278
2.271
2.259
2.252
2.252
2.235
2.236
2.227
2.218
2.209
2.201
2.193
2.192
2.182
2.172
2.164
2.154
2.154
2.143
2.145
2.131
2.125
2.112
2.111
2.098
2.09
2.087
2.078
2.068
2.06
2.059
2.05
2.035
2.025
2.015
2.016
2.007
2.008
1.997
1.996
1.988
1.981
1.979
1.98
1.974
7.44977 6.43593 1.89729
