1 361
4.693
4.719
4.736
4.772
4.789
4.824
4.851
4.876
4.902
4.936
4.96
4.986
5.029
5.051
5.094
5.128
5.16
5.193
4.327
4.254
4.286
3.966
4.207
3.996
3.983
3.936
3.889
3.827
3.791
3.747
3.717
3.688
3.545
3.482
3.444
3.41
3.384
3.359
3.327
3.311
3.296
3.269
3.268
3.349
3.645
3.62
3.606
3.594
3.629
3.492
3.367
3.335
3.327
3.303
3.289
3.195
3.165
3.105
3.089
3.047
3.053
3.053
3.053
3.097
3.174
3.319
3.527
3.665
3.865
3.725
3.268
3.208
3.196
2.691
2.578
2.563
2.563
2.556
2.547
2.53
2.53
2.514
2.515
2.498
2.498
2.49
2.49
2.474
2.474
2.458
2.466
2.449
2.449
2.441
2.441
2.432
2.432
2.424
2.424
2.416
2.411
2.404
2.403
2.403
2.395
2.394
2.397
2.388
2.396
2.387
2.389
2.38
2.38
2.37
2.381
2.38
2.379
2.38
2.381
2.381
2.38
2.381
2.379
2.38
2.39
2.38
2.389
2.38
2.387
2.398
2.398
2.398
2.405
2.404
2.405
2.408
2.418
2.417
2.425
2.424
2.432
2.432
2.441
2.44
2.448
2.448
2.457
2.465
2.48
2.48
2.489
2.492
2.499
2.5
2.517
2.516
2.524
2.533
2.541
2.548
2.563
2.569
2.577
2.589
2.604
2.599
2.616
2.621
2.636
2.643
2.661
2.671
2.686
2.695
2.711
2.71
2.725
2.733
2.751
2.757
2.775
2.784
2.808
2.816
2.831
2.849
2.873
2.882
2.899
2.938
4.354
4.378
4.405
4.431
4.464
4.492
4.524
4.55
4.592
4.617
4.66
4.686
4.729
4.766
4.808
4.836
4.886
4.913
4.965
4.998
5.056
5.088
5.137
5.179
5.236
5.281
5.341
5.383
5.451
5.494
5.57
5.605
5.677
5.729
5.807
5.86
5.938
5.899
5.862
5.82
5.787
5.752
5.717
5.691
5.654
5.632
5.593
5.569
5.54
5.506
5.487
5.462
5.433
5.412
5.383
5.367
5.331
5.315
5.287
5.265
5.252
5.232
5.211
5.197
5.171
5.165
5.165
5.147
5.133
5.116
5.098
5.081
5.065
5.057
5.039
5.023
3.064
3.032
3.034
3.024
3.015
3.007
3.008
2.997
2.998
2.989
2.989
2.98
2.981
2.97
2.971
2.963
2.963
2.955
2.955
2.946
2.947
2.947
2.948
2.942
2.946
2.94
2.943
2.937
2.937
2.939
2.938
2.937
2.944
2.94
2.936
2.942
2.941
2.948
2.947
2.946
2.956
2.955
2.964
2.964
2.963
2.971
2.981
2.981
2.981
2.99
2.998
2.998
3.007
3.008
3.016
3.016
3.024
3.035
3.043
3.043
3.053
3.06
3.07
3.08
3.086
3.095
3.105
3.114
3.16
4.289
4.271
4.291
4.295
4.316
4.323
4.365
4.349
4.35
4.362
4.393
4.51
4.452
4.418
4.43
4.455
4.48
4.771
4.691
4.612
4.569
4.502
4.458
4.484
4.5
4.525
0.722004 -0.775715 -1.1033
