1 361
1.745
1.752
1.751
1.761
1.761
1.778
1.779
1.787
1.795
1.801
1.795
1.81
1.811
1.827
1.822
1.844
1.837
1.851
1.851
1.868
1.868
1.883
1.884
1.9
1.9
1.922
1.923
1.94
1.939
1.958
1.964
1.982
1.99
2.007
2.006
2.025
2.034
2.048
2.059
2.075
2.083
2.101
2.109
2.135
2.137
2.161
2.17
2.197
2.204
2.202
2.215
2.24
2.258
2.485
2.502
2.535
2.543
2.576
2.584
2.628
2.645
2.679
2.697
2.73
2.746
3.783
3.774
3.74
3.731
3.698
3.681
3.657
3.647
3.613
3.605
3.579
3.571
3.545
3.537
3.511
3.511
3.524
3.543
3.509
3.474
3.44
3.432
3.408
3.401
3.478
3.534
3.62
3.658
3.631
3.622
3.609
3.616
3.615
3.626
3.641
3.66
3.707
3.734
4.568
4.645
4.78
4.863
5.007
5.106
5.275
5.376
5.572
5.68
5.881
6.019
6.251
6.404
6.669
6.858
7.169
7.353
7.693
8.183
8.183
8.183
8.183
8.183
8.183
8.183
8.183
8.183
8.183
8.183
8.183
8.183
8.183
8.183
8.183
8.183
8.183
8.183
8.183
8.183
8.183
8.183
8.183
8.183
8.183
8.183
8.183
8.183
8.183
8.183
8.183
8.183
8.183
8.183
8.183
8.183
8.183
8.183
8.183
8.183
8.183
8.183
7.957
7.623
7.172
6.925
6.531
6.325
6.093
6.101
6.12
6.076
1.335
1.348
1.382
1.409
1.432
1.456
1.489
1.521
1.554
1.585
1.627
1.659
1.7
1.737
1.788
1.829
1.894
1.911
1.9
1.908
1.899
1.916
1.907
1.917
1.908
1.916
1.918
1.924
1.916
1.933
1.923
1.933
1.933
1.941
1.941
1.949
1.948
1.956
1.957
1.963
1.964
1.973
1.973
1.982
1.98
1.989
1.991
2.008
2.007
2.017
2.018
2.03
2.013
2.001
1.975
1.958
1.941
1.925
1.898
1.889
1.864
1.855
1.831
1.823
1.796
1.795
1.779
1.772
1.744
1.745
1.72
1.718
1.696
1.684
1.679
1.67
1.65
1.649
1.629
1.622
1.617
1.599
1.591
1.591
1.567
1.567
1.55
1.55
1.538
1.535
1.527
1.527
1.51
1.513
1.493
1.496
1.485
1.476
1.468
1.471
1.451
1.454
1.439
1.446
1.434
1.437
1.418
1.42
1.409
1.42
1.409
1.411
1.392
1.394
1.383
1.385
1.375
1.379
1.366
1.368
1.366
1.368
1.358
1.36
1.349
1.351
1.349
1.351
1.34
1.351
1.331
1.333
1.332
1.334
1.324
1.334
1.324
1.325
1.316
1.326
1.318
1.319
1.315
1.327
1.314
1.321
1.319
1.308
1.296
1.283
1.291
1.301
1.3
1.303
1.363
1.453
1.456
1.456
1.451
1.458
1.457
1.457
1.457
1.454
1.455
1.462
1.455
1.473
1.463
1.471
1.473
1.472
1.471
1.481
1.481
1.48
1.48
1.49
1.49
1.49
1.49
1.499
1.499
1.507
1.507
1.515
1.60469 13.8565 0.19792
