1 361
1.177
1.186
1.186
1.187
1.186
1.195
1.195
1.203
1.203
1.213
1.212
1.212
1.212
1.22
1.221
1.228
1.228
1.238
1.238
1.246
1.245
1.255
1.255
1.272
1.272
1.282
1.282
1.288
1.288
1.298
1.308
1.316
1.315
1.324
1.324
1.342
1.342
1.351
1.36
1.369
1.376
1.385
1.385
1.403
1.411
1.42
1.428
1.436
1.436
1.453
1.461
1.469
1.486
1.497
1.505
1.512
1.52
1.537
1.545
1.562
1.569
1.587
1.595
1.611
1.628
1.642
1.652
1.676
1.683
1.7
1.717
1.735
1.752
1.778
1.786
1.81
1.819
1.845
1.862
1.887
1.903
1.929
1.955
1.981
1.996
2.031
2.048
2.083
2.102
2.136
2.163
2.198
2.225
2.258
2.283
2.344
2.375
2.416
2.449
2.498
2.54
2.588
2.622
2.683
2.717
2.784
2.825
2.895
2.937
3.008
3.068
3.146
3.205
3.28
3.351
3.438
3.514
3.611
3.695
3.813
3.898
4.023
4.134
4.264
4.39
4.547
4.686
4.859
5.017
6.504
6.496
6.479
6.478
6.45
6.452
6.435
6.436
6.41
6.41
6.392
6.393
6.385
6.385
6.369
6.368
6.067
6.303
6.351
6.268
5.325
5.327
5.328
5.328
5.318
5.326
5.318
5.326
5.318
5.326
5.326
5.334
5.334
5.333
5.333
5.342
5.342
5.35
5.351
5.369
5.368
5.377
5.376
5.386
5.393
5.401
5.41
5.425
5.424
5.442
5.451
5.459
5.467
5.484
5.493
5.509
5.517
5.544
5.802
6.621
6.638
6.656
6.673
6.691
6.7
6.725
6.742
6.768
6.785
6.82
6.836
6.861
6.885
6.91
6.934
6.968
6.985
7.017
7.052
7.086
7.112
7.148
7.173
7.207
7.239
7.28
7.317
7.351
7.388
7.431
7.465
7.509
7.546
7.597
7.639
7.69
7.726
7.783
7.823
7.882
7.921
7.983
8.026
8.085
8.136
8.183
8.183
8.183
8.183
8.183
8.183
8.183
8.183
8.183
8.183
8.183
8.183
8.183
8.183
8.183
7.984
7.799
7.707
7.644
7.644
7.753
7.812
8.027
8.183
7.515
7.329
7.285
7.304
7.41
7.475
7.794
7.285
7.143
7.091
7.05
7.016
6.963
6.193
6.155
6.111
6.088
6.048
6.023
5.991
5.959
5.933
5.908
5.884
5.857
5.834
5.807
5.781
5.763
5.739
5.713
5.686
5.677
5.65
5.645
5.619
5.601
5.586
5.568
5.55
5.53
5.519
5.511
5.494
5.48
5.464
5.452
5.439
5.427
5.409
5.403
5.385
5.383
5.371
5.364
5.348
5.34
5.33
5.323
5.314
5.307
5.298
5.286
5.283
5.469
6.371
6.421
6.412
6.412
6.404
6.403
6.394
6.395
6.395
6.395
6.388
6.387
6.386
6.394
6.395
6.395
6.395
6.395
6.394
6.403
6.403
6.411
6.412
6.42
6.421
6.439
6.446
6.446
6.454
6.465
6.473
3.704
3.564
3.395
3.285
3.145
3.057
2.933
11.2093 8.86847 4.85308
