1 361
4.876
4.95
5.007
5.09
5.134
5.219
5.275
5.371
5.42
5.519
5.589
5.704
5.763
5.883
5.95
6.071
7.588
7.548
7.54
7.757
7.881
8.048
8.183
8.183
8.183
8.183
8.183
8.183
8.183
8.183
8.183
8.183
8.183
8.183
8.183
8.183
8.183
8.183
8.183
8.183
8.183
8.183
8.183
8.183
8.183
8.183
8.183
8.183
8.183
8.183
8.187
8.187
8.183
8.183
8.183
8.183
8.183
8.183
8.183
8.183
8.183
8.183
8.183
8.183
8.183
8.183
8.183
8.183
8.183
8.183
8.183
8.183
8.183
5.635
5.443
4
3.418
2.921
2.67
2.294
2.133
1.886
1.801
1.613
1.557
1.411
1.361
1.109
1.109
1.103
1.104
1.102
1.111
1.111
1.12
1.111
1.12
1.121
1.13
1.129
1.129
1.129
1.133
1.135
1.134
1.073
1.057
1.015
1.003
0.959
0.943
0.912
0.904
0.875
0.868
0.842
0.836
0.813
0.804
0.782
0.774
0.759
0.75
0.727
0.727
0.702
0.696
0.688
0.681
0.664
0.664
0.649
0.64
0.632
0.629
0.627
0.632
0.662
0.668
6.316
6.343
6.391
6.43
6.474
6.518
6.562
6.607
6.617
6.655
6.713
6.787
6.838
6.89
6.758
6.711
6.641
6.586
6.918
4.166
4.161
7.121
7.198
7.325
7.39
7.346
7.281
7.232
7.916
8.014
8.092
7.632
5.931
5.95
8.183
8.183
8.183
8.183
8.183
8.183
8.183
8.183
8.183
8.183
7.978
7.857
8.183
8.183
8.163
7.281
7.233
7.189
7.244
7.324
8.183
7.122
6.443
6.471
6.779
7.168
6.72
6.691
6.657
6.626
6.55
6.523
6.498
6.633
6.802
6.997
7.032
7.171
8.183
8.183
8.183
8.183
8.183
8.183
8.183
8.183
8.183
8.183
8.183
8.183
8.183
8.183
8.183
8.183
8.183
8.183
8.183
8.183
8.183
8.183
8.183
8.183
8.183
8.183
8.183
8.183
2.311
2.253
2.179
2.16
2.155
2.157
2.165
2.174
2.172
2.184
2.185
2.191
2.199
2.202
2.209
2.218
2.22
2.227
2.235
2.236
2.243
2.252
2.253
2.271
2.305
2.306
2.764
2.788
2.49
2.479
2.422
1.959
1.442
1.334
1.302
1.258
1.218
1.161
1.117
1.09
1.067
1.034
1.01
0.983
0.963
0.947
0.929
0.904
0.889
0.875
0.857
0.842
0.835
0.815
0.799
0.792
0.778
0.763
0.753
0.745
0.739
0.717
0.717
0.701
0.693
0.676
0.67
0.659
0.661
0.644
0.638
0.629
0.62
0.621
0.614
0.604
0.596
0.589
0.59
0.574
0.58
0.573
0.565
0.555
0.557
0.548
0.54
0.54
0.535
0.556
0.549
0.561
0.563
0.564
0.566
0.552
0.549
0.558
0.556
0.628
0.629
0.623
0.623
0.574
0.56
0.528
0.521
0.493
0.484
0.485
0.486
0.477
0.479
0.469
0.47
0.46
0.47
0.46
0.453
0.452
0.451
0.451
5.00788 8.2513 3.04999
