1 361
1.758
1.75
1.741
1.723
1.716
1.706
1.698
1.689
1.681
1.663
1.664
1.654
1.646
1.639
1.629
1.621
1.606
1.604
1.596
1.588
1.588
1.579
1.571
1.563
1.554
1.546
1.546
1.537
1.537
1.53
1.527
1.522
1.512
1.513
1.505
1.505
1.505
1.487
1.487
1.479
1.479
1.47
1.47
1.462
1.467
1.434
1.434
1.426
1.426
1.426
1.427
1.424
1.505
1.621
1.701
1.693
8.183
8.183
8.183
8.183
8.183
8.183
3.115
3.28
3.643
3.843
4.553
4.979
6.68
7.51
8.183
8.183
8.183
8.183
8.183
8.183
8.183
8.183
8.183
8.183
8.183
8.183
8.183
8.183
8.183
8.183
8.183
8.183
8.183
8.183
8.183
8.183
8.183
8.183
8.183
8.183
8.183
8.183
8.183
8.183
8.183
8.183
8.183
8.183
8.183
8.183
8.183
8.183
8.183
8.183
8.183
8.183
8.183
8.183
8.183
8.183
2.649
2.624
2.576
2.55
2.512
2.488
2.454
2.43
2.397
2.373
2.34
2.315
2.29
2.273
2.239
2.221
2.196
2.177
2.143
2.133
2.107
2.09
2.071
2.055
2.038
2.028
2.004
1.99
2.017
2.015
2.08
2.071
1.928
1.92
1.886
1.878
1.844
1.833
1.84
1.84
1.867
1.866
1.913
1.913
1.939
1.94
1.982
1.982
2.017
2.018
2.052
2.053
2.087
2.087
2.131
2.131
2.168
2.169
2.212
2.219
2.262
2.263
2.306
2.314
2.364
2.371
2.42
2.426
2.477
2.483
2.546
2.555
2.612
2.619
2.685
2.693
2.761
2.768
2.848
2.857
2.944
2.952
3.041
3.04
3.138
3.154
3.254
3.272
3.37
3.385
3.501
3.528
3.642
3.657
3.794
3.814
3.967
3.99
4.158
4.181
4.362
4.409
4.609
4.647
4.867
4.915
5.169
5.226
5.498
5.57
5.828
6.021
7.03
7.125
7.324
7.32
7.407
7.412
7.542
7.524
7.506
7.48
7.485
7.46
7.428
7.419
7.419
7.389
7.411
7.393
7.398
7.376
7.372
7.37
7.413
7.402
7.463
7.412
7.286
7.276
7.362
7.38
7.404
7.41
7.439
7.426
7.445
7.442
7.444
7.453
7.457
7.461
7.485
7.484
8.187
7.514
8.187
7.515
8.183
8.187
8.183
8.191
7.433
7.258
7.209
7.217
6.521
6.244
5.977
5.899
5.615
5.551
5.298
5.243
5.012
4.966
4.761
4.715
4.527
4.478
4.386
4.395
4.421
4.43
4.332
4.308
4.145
4.12
3.983
3.957
3.497
3.481
3.426
3.413
3.318
3.303
3.209
3.197
3.11
3.099
3.022
3.005
2.933
2.925
2.864
2.85
2.781
2.773
2.714
2.705
2.653
2.644
2.585
2.578
2.528
2.521
2.478
2.471
2.421
2.421
2.372
2.373
2.331
2.331
2.289
2.282
2.248
2.249
2.213
2.205
2.17
2.17
2.136
2.136
2.1
2.1
2.077
2.067
2.041
2.041
2.017
2.016
1.968
1.97
1.936
10.3594 13.3281 5.48017
