1 361
0.808
0.798
0.807
0.808
0.816
0.816
0.815
0.815
0.823
0.823
0.831
0.831
0.831
0.84
0.839
0.847
0.847
0.847
0.854
0.855
0.864
0.864
0.88
0.872
0.879
0.887
0.896
0.895
0.904
0.904
0.913
0.913
0.922
0.922
0.939
0.939
0.948
0.948
0.956
0.965
0.972
0.972
0.981
0.99
0.999
0.999
1.016
1.024
1.031
1.031
1.048
1.057
1.065
1.074
1.083
1.091
1.108
1.116
1.125
1.134
1.152
1.16
1.178
1.178
1.196
1.205
1.222
1.231
1.257
1.257
1.284
1.291
1.318
1.318
1.345
1.362
1.388
1.388
1.422
1.431
1.465
1.473
1.506
1.513
1.546
1.563
1.597
1.613
1.654
1.67
1.712
1.727
1.772
1.788
1.842
1.856
1.915
1.93
1.991
2.017
2.079
2.104
2.182
2.202
2.276
2.312
2.402
2.444
2.542
2.574
2.696
2.737
2.864
2.923
3.065
3.127
3.287
3.36
3.553
3.63
3.862
3.967
4.142
4.141
4.132
4.123
4.124
4.115
4.105
4.098
4.098
4.098
4.089
4.088
4.089
4.08
4.072
4.072
4.081
4.08
4.072
4.073
4.072
4.073
4.08
4.073
4.08
4.072
4.08
4.081
4.09
4.081
3.309
3.307
3.323
3.201
2.565
2.477
2.038
1.825
1.821
1.813
1.805
1.794
1.698
1.676
1.52
1.475
1.386
1.352
1.346
1.334
1.284
4.227
4.242
4.241
4.268
4.269
4.288
4.298
4.313
4.323
4.347
4.356
4.371
4.38
4.406
4.414
4.439
4.449
4.466
4.476
4.5
4.51
4.543
4.549
4.575
4.584
4.616
3.827
3.802
4.669
4.712
4.72
4.69
4.683
4.719
4.736
4.773
4.774
4.814
4.821
4.852
4.859
4.879
4.883
4.939
4.969
5.016
5.035
5.079
5.122
5.211
5.233
5.191
5.162
5.093
5.057
4.992
4.971
5.448
5.401
2.539
2.541
5.416
5.438
5.553
5.535
5.553
5.587
5.667
5.661
5.605
5.807
6.429
6.463
6.559
5.953
4.391
6.759
4.289
4.289
7.03
7.083
7.21
7.259
7.4
7.46
7.591
7.19
6.615
6.507
6.457
6.463
6.38
6.265
6.204
6
6.183
5.91
5.691
5.663
5.624
5.628
5.688
5.578
5.705
5.935
5.997
5.403
4.943
4.931
4.977
5.152
5.625
5.142
5.214
5.204
5.187
5.178
5.15
5.142
5.144
5.151
5.373
5.407
5.529
5.642
6.719
6.873
8.183
8.183
8.183
8.183
5.336
8.183
8.17
8.167
8.153
8.145
8.137
8.128
8.12
8.112
7.95
7.766
7.441
7.316
7.305
7.325
7.791
7.944
7.656
7.656
7.361
7.253
7.237
7.257
7.311
7.468
7.76
7.76
7.758
7.853
6.779
6.681
4.373
4.299
4.517
4.567
4.663
4.749
5.148
5.068
4.663
4.498
4.197
4.046
3.817
3.707
3.484
3.36
3.172
2.573
2.39
2.366
2.324
2.315
2.274
2.268
2.242
3.13104 8.36552 2.3281
