1 361
1.751
1.749
1.749
1.74
1.74
1.74
1.74
1.732
1.732
1.732
1.731
2.287
2.298
2.317
2.316
2.321
2.322
2.326
2.329
2.691
2.684
2.686
2.688
2.711
2.706
2.742
2.73
2.748
2.737
2.798
2.813
2.821
2.843
2.799
2.803
2.81
2.809
2.8
2.812
2.82
2.851
2.804
2.795
2.804
2.803
2.805
2.814
2.821
2.84
3.059
3.009
2.886
2.861
2.844
2.849
2.857
2.867
2.873
2.89
2.943
3.33
3.215
3.165
3.06
3.017
2.921
2.877
2.821
2.821
2.837
2.846
2.863
2.864
2.88
2.889
2.906
2.915
2.933
2.941
2.977
3.255
3.214
3.192
3.15
3.135
3.081
3.066
3.021
3.012
7.862
7.887
7.937
7.97
8.183
8.183
8.183
8.183
8.183
8.183
8.183
4.685
4.626
4.597
4.55
4.546
4.453
4.445
4.428
4.419
4.412
4.4
4.381
4.378
4.357
4.362
4.349
4.344
4.335
4.328
5.163
5.204
5.27
5.306
5.368
5.409
5.483
5.527
5.598
5.641
5.721
5.766
5.842
5.894
5.976
3.531
3.502
3.495
3.462
3.443
3.411
3.402
3.37
3.37
3.33
3.321
3.299
3.291
3.267
3.258
3.234
3.223
3.2
3.192
3.175
3.167
3.148
3.142
3.124
3.114
3.098
3.088
3.071
3.062
3.044
3.044
3.027
3.018
3.01
3.001
2.993
2.983
2.966
2.972
2.957
2.957
2.939
2.938
2.93
2.93
2.912
2.912
2.903
2.903
2.895
2.896
2.887
2.887
2.878
2.877
2.87
2.87
2.852
2.861
2.853
2.854
2.846
2.855
2.847
2.85
2.842
2.846
2.838
2.842
2.836
2.847
2.84
2.838
2.836
2.843
2.834
2.847
2.843
2.842
2.838
2.847
2.846
2.853
2.853
2.861
2.86
2.861
2.86
2.877
2.869
2.877
2.886
2.895
2.894
2.902
2.902
2.911
2.911
2.92
2.92
2.928
2.937
2.945
2.945
2.964
2.964
2.971
2.981
2.99
3.005
3.015
3.025
3.04
3.042
3.06
3.068
3.087
3.087
3.104
3.112
3.12
3.138
3.146
3.155
3.172
3.188
3.196
3.213
3.231
3.238
3.264
3.269
3.294
3.304
3.32
3.334
3.359
3.376
3.399
3.417
3.432
3.456
3.473
3.49
3.517
3.542
3.568
3.586
3.61
3.634
3.662
3.685
3.712
3.744
3.771
3.805
3.823
3.868
3.894
3.926
3.962
3.993
4.03
4.062
4.097
4.139
4.17
4.22
4.253
4.294
4.335
4.385
4.421
4.474
4.515
4.565
4.616
4.669
4.721
4.783
4.839
6.496
6.47
6.419
6.396
6.342
6.318
6.269
6.251
6.207
6.181
6.139
6.113
6.08
6.056
6.013
5.998
5.963
5.938
5.915
5.873
5.184
5.319
4.673
4.665
4.641
4.623
4.606
4.589
4.571
4.565
4.538
4.531
4.514
4.506
4.488
4.479
4.462
4.456
4.436
4.428
4.421
4.412
4.396
4.387
4.38
4.374
2.22324 -0.710011 1.52299
