1 361
1.96
1.96
1.96
1.971
1.96
1.967
1.966
1.976
1.976
1.983
1.983
1.983
1.983
1.992
1.991
2
2
2.008
2.008
2.017
2.017
2.026
2.026
2.034
2.035
2.043
2.043
2.053
2.104
4.269
4.31
4.397
4.446
4.529
4.498
4.485
4.466
4.502
4.579
4.694
4.757
4.86
4.925
5.059
5.126
5.262
5.334
5.482
5.568
5.732
5.828
6.014
6.109
7.93
8.058
8.183
8.183
8.183
8.183
8.183
8.183
8.183
8.183
8.183
8.183
8.183
8.183
8.183
8.183
8.183
8.183
8.183
8.183
8.183
8.183
8.183
8.183
8.187
8.191
8.183
8.191
8.187
8.183
8.183
8.183
8.183
8.183
8.183
8.183
8.183
8.183
8.183
8.183
8.183
8.183
8.183
8.183
8.183
8.183
8.183
8.183
8.183
8.183
8.183
8.183
7.932
7.936
8.106
6.042
5.882
5.657
5.308
5.128
4.834
4.688
4.411
4.291
4.071
3.969
3.792
3.704
3.547
3.462
3.321
3.247
3.122
3.072
2.954
2.909
2.809
2.76
2.671
2.634
2.553
2.52
2.438
2.405
2.34
2.307
2.25
2.225
2.165
2.137
2.084
2.067
2.015
1.988
1.946
1.925
1.879
1.862
1.789
1.779
1.746
1.752
1.768
1.778
1.786
1.795
1.805
1.82
1.822
1.821
1.776
1.768
1.741
1.725
1.7
1.691
1.658
1.657
1.626
1.617
1.592
1.584
1.56
1.552
1.525
1.527
1.503
1.502
1.478
1.477
1.462
1.454
1.436
1.428
1.412
1.412
8.125
8.073
8.183
8.183
8.183
8.183
6.762
6.783
8.183
8.183
8.183
8.183
8.183
8.183
8.183
8.183
8.183
8.183
8.183
8.183
8.183
8.183
8.097
8.078
8.111
8.183
8.183
7.301
7.277
7.362
8.183
7.548
7.495
7.465
7.414
7.347
7.312
7.439
7.639
7.819
7.887
8.183
8.183
8.183
8.183
8.183
8.183
8.183
8.183
8.183
8.183
8.183
8.183
8.183
8.183
8.183
8.183
8.183
8.183
3.095
2.931
2.911
2.913
2.921
2.919
2.928
2.926
2.934
2.933
2.942
2.939
2.949
2.949
1.166
1.137
0.936
0.895
0.897
0.892
0.895
0.89
0.893
0.886
0.899
0.892
0.903
0.907
0.909
0.908
0.914
0.903
0.911
0.911
0.92
0.919
0.919
0.919
0.927
0.919
0.927
0.918
0.926
0.927
0.926
0.926
0.936
0.927
0.935
0.928
0.936
0.935
0.915
0.919
0.874
0.865
0.853
0.842
0.816
0.818
0.8
0.791
0.794
0.787
0.954
0.949
0.962
0.964
0.963
0.964
0.973
0.97
0.993
0.989
0.992
0.99
1.005
1.014
1.014
1.018
1.031
1.021
1.022
1.029
1.055
1.051
1.066
1.062
1.074
1.068
1.074
1.097
1.093
1.1
1.102
8.187
1.126
8.187
8.187
1.155
1.155
1.151
1.138
1.132
1.135
1.13
1.101
1.029
1.107
1.107
1.115
1.115
1.132
5.89189 8.07451 2.83903
