1 361
0.977
0.978
0.976
0.974
0.973
0.982
0.981
0.981
0.98
0.98
0.98
0.988
0.988
0.988
0.988
0.988
0.988
0.997
0.997
0.996
0.996
1.004
1.004
1.007
1.006
1.012
1.012
1.02
1.02
1.029
1.029
1.029
1.029
1.037
1.037
1.046
1.046
1.045
1.054
1.054
1.062
1.071
1.062
1.078
1.079
1.087
1.087
1.096
1.105
1.113
1.105
1.121
1.121
1.122
1.131
1.139
1.14
1.148
1.155
1.165
1.165
1.172
1.181
1.19
1.191
1.208
1.209
1.216
1.216
1.234
1.243
1.25
1.26
1.267
1.276
1.285
1.285
1.303
1.31
1.327
1.327
1.344
1.353
1.37
1.371
1.394
1.395
1.413
1.421
1.449
1.446
1.471
1.478
1.504
1.51
1.529
1.537
1.56
1.569
1.601
1.607
1.641
1.64
1.684
1.691
1.728
1.734
1.745
1.754
1.851
2.067
2.128
2.147
2.19
2.206
2.257
2.272
2.329
2.356
2.405
2.428
2.49
2.523
2.579
2.62
2.637
2.646
2.62
2.618
2.601
2.603
2.608
2.639
2.78
2.816
2.914
2.956
3.06
3.055
3.014
3.016
2.981
2.982
2.945
2.946
2.911
2.911
2.876
2.877
2.843
2.843
2.81
2.81
2.793
2.785
2.759
2.76
2.734
2.733
2.743
2.761
2.797
2.813
2.837
2.862
2.889
2.903
2.938
2.958
2.99
3.009
3.045
3.071
3.105
3.133
8.187
8.183
8.183
8.183
8.183
8.183
8.183
8.183
8.183
8.183
8.183
8.183
8.183
8.183
8.183
8.183
8.183
8.183
8.183
8.183
8.183
8.183
8.183
8.183
8.183
8.183
8.183
8.183
8.183
8.183
7.548
7.399
7.107
6.983
6.725
6.603
6.371
6.263
6.051
5.952
5.751
5.675
5.507
5.428
5.275
5.205
5.048
4.994
4.855
4.805
4.683
4.623
4.516
4.462
4.367
4.32
4.229
4.175
4.086
4.059
3.97
3.937
3.859
3.821
3.751
3.717
3.648
3.588
3.523
3.538
3.565
3.584
3.61
3.581
3.519
3.497
3.444
3.419
3.372
3.347
3.3
3.284
3.235
3.223
3.173
3.214
8.183
8.183
6.731
6.732
8.183
8.183
8.183
8.183
8.183
8.183
8.183
8.183
8.183
8.183
8.183
8.183
8.183
8.183
8.183
8.183
2.467
2.468
2.443
2.439
2.432
2.433
2.408
2.399
2.375
2.356
2.153
2.178
2.03
2.012
1.997
1.995
1.982
1.978
1.973
1.964
1.949
1.97
1.951
1.961
1.962
1.997
1.997
2.028
2.024
2.008
2.006
2.041
2.049
2.107
2.121
2.132
2.12
2.12
2.11
2.103
2.103
2.093
2.084
2.084
2.076
2.076
2.066
2.066
2.056
2.055
2.046
2.045
2.037
2.034
2.028
2.021
2.013
2.012
2.003
1.989
1.992
1.979
1.981
1.98
1.963
1.951
1.954
1.942
1.949
1.937
1.95
1.945
1.946
1.939
1.923
1.917
1.908
1.906
1.907
1.906
7.29888 6.80842 2.02101
