1 361
0.66
0.66
0.662
0.678
0.671
0.667
0.667
0.658
0.657
0.655
0.654
0.672
0.67
0.688
0.688
0.703
0.702
0.718
0.726
0.742
0.742
0.758
0.766
0.781
0.781
0.802
0.803
0.826
0.836
0.847
0.857
0.883
0.88
0.912
0.918
0.945
0.951
0.975
0.991
1.023
1.028
1.071
1.08
1.115
1.127
1.401
2.279
2.294
2.335
2.353
2.404
2.434
2.443
2.44
2.431
2.417
2.396
2.395
2.391
2.051
2.04
2.029
2.04
2.04
2.054
2.066
2.096
2.096
2.115
2.132
2.167
2.197
2.234
2.282
2.674
2.808
2.833
2.878
2.917
2.96
2.995
3.056
3.082
3.145
3.17
3.2
3.216
3.271
3.357
3.424
3.462
3.472
3.073
3.033
3.063
3.073
3.118
3.136
3.17
8.187
4.931
4.9
4.884
4.87
4.923
1.746
1.741
1.772
1.816
1.848
1.89
1.932
1.983
2.026
2.079
2.133
2.185
2.245
2.31
2.374
2.443
2.523
2.605
2.69
2.787
2.897
3.027
3.167
3.32
3.476
3.67
3.861
4.098
4.336
4.654
5.024
5.394
5.796
6.359
6.868
7.524
8.183
8.183
8.183
8.183
8.183
8.183
8.183
8.183
8.183
8.183
8.183
8.183
8.05
7.964
7.963
7.971
7.972
7.979
7.977
7.994
7.996
8.003
8.002
8.018
8.029
8.036
8.044
8.062
8.063
8.089
8.096
8.12
8.121
8.147
8.154
8.183
8.183
8.183
8.183
8.183
8.183
8.183
8.183
8.183
8.183
8.183
8.183
8.183
8.183
8.183
8.183
8.183
8.183
8.183
8.183
8.183
8.183
8.183
8.183
8.183
8.183
8.183
8.183
8.183
8.183
8.183
8.183
8.183
8.183
8.183
1.244
1.207
1.196
1.188
1.18
1.169
1.153
1.142
1.135
1.126
1.118
1.108
1.1
1.093
1.084
1.075
1.058
1.059
1.042
1.041
1.033
1.024
1.017
1.008
1
1
0.991
0.991
0.983
0.974
0.965
0.965
0.957
0.957
0.948
0.95
0.941
0.941
0.932
0.925
0.923
0.916
0.917
0.916
0.907
0.908
0.899
0.898
0.89
0.899
0.881
0.889
0.88
0.881
0.873
0.872
0.872
0.872
0.864
0.864
0.864
0.854
0.856
0.855
0.856
0.846
0.846
0.846
0.845
0.836
0.837
0.837
0.837
0.837
0.837
0.828
0.828
0.828
0.828
0.828
0.821
0.829
0.82
0.821
0.821
0.823
0.823
0.825
0.816
0.818
0.824
0.82
0.83
0.827
0.828
0.859
0.867
0.878
0.879
0.914
0.914
0.886
0.878
0.861
0.87
0.862
0.87
0.844
0.842
0.837
0.837
0.837
0.842
0.849
0.848
0.829
0.829
0.829
0.821
0.837
0.848
0.841
0.839
0.844
0.833
0.839
0.838
0.839
0.843
6.99
6.989
7.003
7.002
7.017
7.025
7.023
7.044
7.048
7.059
7.073
7.086
7.092
7.104
7.096
7.112
7.289
7.291
7.18
7.188
7.213
10.9221 11.859 4.84418
