1 361
1.108
1.107
1.11
1.102
1.103
1.104
1.105
1.098
1.1
1.103
1.104
1.099
1.1
1.103
1.103
1.103
1.102
1.1
1.098
1.095
1.101
1.098
1.104
1.102
1.107
1.107
1.106
1.124
1.124
1.124
1.123
1.123
1.132
1.132
1.132
1.132
1.131
1.14
1.14
1.141
1.14
1.149
1.149
1.158
1.158
1.158
1.149
1.167
1.167
1.175
1.167
1.174
1.175
1.185
1.184
1.185
1.194
1.193
1.202
1.202
1.211
1.211
1.22
1.22
1.228
1.228
1.238
1.246
1.246
1.256
1.256
1.265
1.273
1.282
1.283
1.289
1.298
1.308
1.308
1.316
1.325
1.324
1.334
1.343
1.351
1.361
1.369
1.377
1.386
1.395
1.411
1.42
1.42
1.437
1.446
1.463
1.471
1.48
1.488
1.497
1.513
1.53
1.531
1.554
1.564
1.579
1.596
1.603
1.621
1.637
1.646
1.669
1.686
1.696
1.721
1.737
1.745
1.771
1.79
1.814
1.831
1.848
1.873
1.898
1.915
1.94
1.965
1.999
2.016
2.05
2.067
2.103
2.128
2.164
2.199
2.236
2.261
2.297
2.33
2.38
2.403
2.453
2.494
2.535
2.583
2.627
2.679
2.729
2.78
2.84
2.9
2.961
3.013
3.094
3.153
3.238
3.448
4.721
4.713
4.695
4.687
4.669
4.671
4.644
4.635
4.627
4.619
4.602
4.595
4.586
4.578
4.561
4.562
4.545
4.553
4.534
4.536
4.518
4.529
4.51
4.512
4.502
4.501
4.068
4.099
4.154
4.319
4.008
3.447
3.439
3.44
3.433
3.441
3.433
3.434
3.433
3.442
3.434
3.441
3.433
3.44
3.44
3.448
3.439
3.446
3.455
3.455
3.454
3.462
3.461
3.47
3.47
3.478
3.476
3.484
3.495
3.503
3.502
3.511
3.512
3.518
3.528
3.535
3.545
3.554
3.553
3.571
3.568
3.586
3.595
3.613
3.612
3.63
3.631
3.644
3.653
3.671
3.679
3.696
3.704
3.72
3.73
3.753
3.763
3.789
3.783
4.947
4.955
4.981
4.998
5.024
5.048
5.073
5.09
5.122
5.138
5.173
5.195
5.221
5.246
5.28
5.306
5.34
5.365
5.407
5.423
5.468
5.5
5.543
5.57
5.613
5.649
5.685
5.718
5.763
5.799
5.849
5.884
5.935
5.977
6.033
6.074
6.134
6.176
6.238
6.288
6.339
6.398
6.458
6.51
6.582
6.636
6.713
6.773
6.841
6.911
6.978
7.054
7.129
7.203
7.296
7.367
7.463
7.54
7.637
7.72
7.818
7.784
7.741
7.699
7.659
7.608
7.573
6.909
6.737
6.678
6.645
6.604
6.579
6.718
6.734
6.701
6.496
6.439
6.412
6.572
6.404
6.371
6.371
6.432
6.574
6.916
6.377
6.327
6.276
6.233
6.185
6.117
6.067
6.078
6.452
6.665
6.156
6.085
6.065
5.63
5.471
5.465
5.454
5.438
5.429
5.413
5.405
5.398
5.389
5.381
5.372
5.364
5.358
5.349
5.349
11.1955 6.77084 4.52018
