1 361
1.056
1.055
1.046
1.046
1.046
1.046
1.047
1.038
1.038
1.037
1.038
1.039
1.037
1.038
1.029
1.03
1.031
1.038
1.03
1.029
1.014
1.028
1.032
1.02
1.036
1.035
1.036
1.038
1.037
1.035
1.036
1.035
1.042
1.043
1.042
1.052
1.042
1.043
1.05
1.051
1.05
1.05
1.05
1.05
1.059
1.059
1.059
1.065
1.06
1.068
1.067
1.075
1.075
1.086
1.085
1.085
1.084
1.093
1.093
1.101
1.101
1.102
1.101
1.111
1.11
1.117
1.117
1.127
1.127
1.135
1.135
1.143
1.143
1.152
1.151
1.169
1.169
1.179
1.179
1.197
1.195
1.196
1.193
1.153
1.145
1.117
1.118
1.083
1.094
1.066
1.064
1.08
1.079
1.087
1.095
1.104
1.112
1.145
1.154
1.153
1.16
1.179
1.179
1.197
1.196
1.213
1.214
1.231
1.241
1.248
1.258
1.267
1.274
1.292
1.302
1.309
1.319
1.336
1.344
1.361
1.37
1.386
1.395
1.412
1.422
1.447
1.455
1.48
1.487
1.505
1.523
1.544
1.56
1.586
1.6
1.625
1.642
1.666
1.683
1.718
1.735
1.768
1.787
1.82
1.837
1.872
1.894
1.937
1.961
2.014
2.031
2.082
2.107
2.153
2.189
2.234
2.274
2.33
2.373
2.436
2.487
2.553
2.599
2.689
2.738
2.766
2.851
3.432
3.512
3.664
3.742
3.727
3.726
3.709
3.708
3.8
3.942
4.122
4.177
4.149
4.142
4.108
4.1
4.065
4.058
4.024
4.024
3.99
3.981
3.964
3.954
3.92
3.918
3.896
3.916
3.962
3.996
4.029
4.066
4.107
4.15
4.19
4.232
4.282
4.323
8.183
8.183
8.183
8.183
8.183
8.183
8.183
8.183
8.183
8.183
8.183
8.183
8.183
8.183
8.183
8.183
8.183
8.183
8.183
8.183
8.183
8.183
8.183
8.183
8.183
8.183
8.183
8.137
7.823
7.635
7.354
7.197
6.952
6.801
6.6
6.449
6.265
6.147
5.965
5.865
5.7
5.601
5.453
5.368
5.237
5.146
5.026
4.957
4.851
4.776
4.638
4.593
4.613
4.639
4.655
4.605
4.513
4.449
4.37
4.332
4.249
4.2
4.213
8.183
8.183
8.183
8.183
8.183
8.183
8.183
8.183
8.183
8.183
3.35
3.306
3.308
2.886
2.829
2.8
2.78
2.765
2.75
2.74
2.737
2.72
2.736
2.717
2.734
2.732
2.756
2.773
2.798
2.82
2.816
2.783
2.767
2.743
2.726
2.699
2.692
2.664
2.648
2.632
2.615
2.597
2.581
2.564
2.549
2.533
2.516
2.503
2.491
2.474
2.468
2.443
2.437
2.42
2.411
2.396
2.387
2.377
2.362
2.344
2.344
2.328
2.319
2.3
2.297
2.283
2.283
2.263
2.252
2.234
2.234
2.216
2.207
2.194
2.184
2.165
2.156
2.145
2.136
2.125
2.114
2.105
2.093
2.085
2.076
2.066
2.057
2.048
2.038
2.031
2.023
2.027
2.022
7.67576 5.52274 1.72505
