1 361
1.198
1.189
1.198
1.189
1.189
1.189
1.189
1.18
1.18
1.182
1.182
1.18
1.18
1.171
1.173
1.173
1.174
1.175
1.168
1.172
1.17
1.168
1.178
1.167
1.158
1.158
1.15
1.15
1.158
1.17
1.175
1.179
1.169
1.174
1.177
1.175
1.174
1.172
1.18
1.179
1.179
1.179
1.178
1.178
1.186
1.186
1.187
1.187
1.195
1.191
1.195
1.195
1.204
1.205
1.205
1.212
1.213
1.212
1.221
1.214
1.222
1.222
1.231
1.23
1.24
1.239
1.249
1.245
1.248
1.248
1.257
1.257
1.275
1.274
1.283
1.274
1.291
1.291
1.3
1.308
1.309
1.318
1.317
1.326
1.336
1.342
1.353
1.351
1.36
1.369
1.375
1.376
1.394
1.393
1.41
1.411
1.417
1.426
1.446
1.444
1.46
1.468
1.485
1.487
1.503
1.503
1.519
1.526
1.542
1.551
1.558
1.573
1.59
1.598
1.615
1.631
1.64
1.657
1.674
1.682
1.705
1.716
1.741
1.75
1.776
1.785
5.456
5.497
5.583
5.634
5.697
5.757
5.839
5.882
5.977
6.039
6.135
3.298
3.248
3.223
3.206
3.189
3.173
3.165
3.25
3.293
3.359
3.391
3.466
3.501
3.569
3.62
3.697
3.748
3.826
3.878
3.968
4.014
4.015
3.999
3.98
3.963
3.953
3.945
3.936
3.919
3.91
3.893
3.883
3.876
3.866
3.849
3.911
3.97
4.504
4.502
4.508
4.499
4.72
4.847
5.035
7.406
7.387
7.376
7.366
7.349
7.34
7.323
7.323
7.55
8.151
8.183
8.183
8.183
8.183
8.183
8.183
8.183
8.187
8.183
8.183
8.183
8.191
8.191
8.187
8.187
8.189
7.012
7.003
6.995
6.987
6.987
6.978
6.972
6.961
6.961
6.962
6.953
6.953
6.952
6.962
6.953
6.953
6.953
6.954
6.953
6.962
6.953
6.961
6.97
6.97
6.978
6.986
6.987
6.995
7.003
7.01
7.003
6.742
6.596
6.37
6.231
6.015
5.885
5.7
5.591
5.421
5.33
5.179
5.084
4.953
4.876
4.746
4.675
4.554
4.495
4.384
4.327
4.232
4.168
4.081
4.028
3.902
3.835
3.843
3.853
3.878
3.912
3.96
3.987
5.439
5.458
5.508
5.572
5.617
5.643
5.682
5.701
5.757
5.753
5.693
5.711
5.746
5.695
5.681
5.726
5.785
5.82
5.869
5.903
5.97
5.992
6.049
6.081
8.183
8.183
8.183
8.183
8.183
8.183
8.183
8.183
8.183
8.183
2.384
2.381
2.35
2.335
2.332
2.326
2.304
2.294
2.277
2.269
2.252
2.243
2.226
2.21
2.201
2.19
2.174
2.175
2.149
2.146
2.134
2.122
2.104
2.106
2.089
2.087
2.073
2.06
2.054
2.046
2.036
2.028
2.019
2.01
2.004
2.004
1.986
1.987
1.978
1.97
1.962
1.953
1.945
1.937
1.929
1.928
1.92
1.915
1.913
1.904
1.896
1.896
1.888
1.888
1.879
1.879
1.871
2.04446 12.3996 2.3474
