1 361
1.455
1.448
1.448
1.439
1.439
1.429
1.429
1.429
1.429
1.424
1.42
1.42
1.42
1.411
1.41
1.41
1.411
1.41
1.402
1.378
1.376
1.378
1.378
1.37
1.374
1.533
1.528
1.525
1.53
1.529
1.529
1.527
1.537
1.531
1.53
1.525
1.524
1.521
1.533
1.525
1.531
1.53
1.531
1.53
1.537
1.537
1.537
1.538
1.538
1.538
1.547
1.546
1.555
1.554
1.562
1.562
1.562
1.562
1.572
1.572
1.579
1.579
1.589
1.589
1.605
1.604
1.613
3.588
3.623
3.628
3.659
3.664
4.279
4.06
3.956
3.805
3.721
3.588
3.381
3.329
3.285
3.22
3.131
3.367
2.795
2.739
2.706
2.671
2.641
2.598
2.58
2.54
2.515
2.473
2.449
2.417
2.401
2.366
2.343
2.317
2.292
2.267
2.259
2.215
2.205
2.181
2.163
2.137
2.129
2.101
2.11
2.111
2.112
2.188
2.081
2.028
2.019
1.993
1.976
1.951
1.939
1.943
1.969
1.978
2.027
2.035
2.07
2.081
2.106
2.115
2.153
2.16
2.144
2.115
2.112
2.094
2.093
2.091
2.093
2.07
2.089
2.084
2.099
2.099
2.112
2.107
2.136
2.136
2.175
2.184
2.235
2.591
2.841
2.876
2.928
2.964
3.034
3.07
3.139
3.166
3.257
3.289
3.372
3.426
3.513
3.558
3.656
3.712
3.813
3.877
3.986
4.054
4.177
4.245
4.393
4.472
4.64
4.732
4.901
5.014
5.213
5.325
5.574
5.69
5.983
6.082
7.52
7.59
7.53
7.508
7.531
7.872
8.183
8.183
8.183
8.183
8.183
8.183
8.183
8.183
8.183
8.183
8.183
8.183
8.183
8.183
8.183
8.183
8.183
8.183
8.183
8.183
8.183
8.183
8.183
8.183
8.183
8.187
8.187
8.187
8.187
8.187
8.187
8.187
8.183
8.183
8.183
8.183
8.183
8.183
8.183
8.183
8.183
8.183
7.941
7.725
7.529
7.534
7.469
6.579
6.361
6.204
5.958
5.813
5.598
5.478
5.279
5.178
5.001
4.908
4.743
4.62
4.64
4.643
4.666
4.639
4.502
4.439
4.328
4.264
3.84
3.738
3.687
3.638
3.556
3.522
3.437
3.395
3.313
3.289
3.217
3.182
3.122
3.087
3.027
2.997
2.944
2.926
2.867
2.841
2.791
2.773
2.723
2.698
2.655
2.636
2.594
2.577
2.537
2.52
2.486
2.47
2.43
2.413
2.382
2.374
2.33
2.322
2.289
2.281
2.255
2.237
2.213
2.205
2.187
2.169
2.143
2.142
2.09
2.091
2.061
2.063
2.096
2.104
2.14
2.15
2.176
2.177
2.146
2.138
2.111
2.101
2.093
2.076
2.067
2.058
2.041
2.031
2.014
2.014
1.997
1.988
1.971
1.972
1.954
1.946
1.937
1.929
1.912
1.912
1.904
1.897
1.887
1.888
1.871
1.871
1.853
1.853
1.846
1.845
1.837
1.838
1.83
1.821
1.813
1.813
1.805
1.805
1.796
1.797
1.779
3.38579 13.6261 5.81485
