1 361
4.782
4.807
4.834
4.869
4.885
4.919
4.935
4.973
4.997
5.038
5.063
5.095
5.12
5.163
4.122
4.073
4.041
4.002
3.97
3.904
3.884
3.835
3.813
3.726
3.708
3.664
3.638
3.512
3.466
3.415
3.382
3.343
3.311
3.291
3.272
3.247
3.239
3.211
3.22
3.595
3.582
3.551
3.537
3.555
3.343
3.262
3.254
3.225
3.219
2.997
2.966
2.932
2.916
2.892
2.875
2.861
2.858
2.843
2.844
2.888
3.115
3.376
3.399
3.379
3.49
3.208
3.123
2.745
2.53
2.489
2.489
2.472
2.464
2.455
2.446
2.439
2.43
2.423
2.415
2.406
2.398
2.389
2.39
2.373
2.373
2.365
2.357
2.349
2.348
2.332
2.331
2.323
2.323
2.313
2.314
2.303
2.31
2.293
2.302
2.285
2.285
2.286
2.286
2.277
2.277
2.268
2.267
2.268
2.269
2.26
2.269
2.26
2.268
2.261
2.27
2.261
2.262
2.261
2.261
2.261
2.26
2.261
2.26
2.26
2.26
2.27
2.272
2.271
2.28
2.28
2.28
2.28
2.29
2.284
2.291
2.291
2.3
2.299
2.306
2.306
2.314
2.314
2.323
2.323
2.331
2.339
2.348
2.348
2.354
2.361
2.366
2.367
2.383
2.383
2.391
2.392
2.401
2.407
2.424
2.426
2.435
2.448
2.457
2.457
2.472
2.476
2.495
2.495
2.516
2.524
2.542
2.54
2.558
2.564
2.573
2.59
2.596
2.606
2.621
2.63
2.648
2.657
2.679
2.69
2.705
2.714
2.73
2.747
2.765
2.839
4.214
4.237
4.272
4.305
4.327
4.362
4.387
4.421
4.448
4.483
4.514
4.55
4.592
4.624
4.661
4.703
4.737
4.782
4.818
4.862
4.904
4.947
4.988
5.039
5.087
5.129
5.179
5.228
5.289
5.341
5.399
5.457
5.519
5.58
5.641
5.702
5.773
5.792
5.762
5.719
5.69
5.646
5.619
5.585
5.56
5.522
5.507
5.462
5.447
5.41
5.397
5.361
5.338
5.31
5.293
5.273
5.247
5.219
5.202
5.177
5.163
5.136
5.13
5.105
5.088
5.065
5.058
5.059
5.049
5.033
5.024
4.999
4.99
4.974
4.964
4.948
4.939
4.922
4.914
3.006
2.944
2.936
2.927
2.918
2.918
2.909
2.909
2.901
2.901
2.892
2.901
2.893
2.893
2.885
2.886
2.877
2.878
2.871
2.872
2.865
2.868
2.863
2.866
2.869
2.869
2.862
2.869
2.867
2.864
2.861
2.866
2.864
2.871
2.871
2.878
2.877
2.885
2.885
2.894
2.894
2.902
2.901
2.901
2.901
2.91
2.91
2.919
2.928
2.928
2.937
2.945
2.945
2.955
2.955
2.964
2.972
2.982
2.99
2.998
2.998
3.008
3.016
3.035
3.035
3.052
3.06
3.069
3.079
3.094
4.244
4.257
4.273
4.29
4.264
4.355
4.321
4.327
4.346
4.386
4.499
4.432
4.412
4.423
4.448
4.481
4.772
4.693
4.633
4.566
4.506
4.461
0.792565 -0.911478 -1.07482
