1 361
5.135
5.175
5.191
5.233
5.241
5.291
5.299
5.351
5.36
5.411
5.419
5.47
5.487
5.547
5.563
5.607
5.633
5.696
5.714
5.773
5.791
5.851
5.878
5.942
5.96
6.035
6.06
6.142
6.16
6.246
6.264
6.348
6.381
6.468
6.502
6.582
6.609
6.696
6.685
6.611
6.584
6.513
6.486
5.716
5.675
5.531
5.491
5.418
5.408
5.423
5.515
5.506
5.463
5.252
5.248
5.155
5.17
5.183
5.156
5.113
5.107
5.124
5.169
5.284
5.257
5.643
5.641
5.607
5.581
4.993
4.971
4.946
4.944
4.91
4.911
4.959
4.968
4.786
4.762
4.724
4.319
4.122
4.113
4.097
4.088
4.071
4.063
4.043
4.046
4.03
4.02
4.012
4.002
3.985
3.985
3.978
3.968
3.962
3.953
3.952
3.945
3.934
3.936
3.927
3.918
3.918
3.91
3.9
3.901
3.901
3.901
3.892
3.892
3.892
3.891
3.893
3.892
3.884
3.893
3.884
3.884
3.883
3.891
3.892
3.89
3.891
3.891
3.898
3.895
3.906
3.902
3.912
3.917
3.909
3.924
3.922
3.926
3.932
3.936
3.942
3.95
3.959
3.971
3.981
3.98
3.989
3.988
3.998
4.007
4.015
4.015
4.033
4.032
4.044
4.057
4.073
4.08
5.301
5.319
5.338
5.346
5.371
5.379
5.405
5.414
5.439
5.456
5.481
5.499
5.524
5.533
5.568
5.584
5.611
5.628
5.664
5.681
5.716
5.735
5.77
5.786
5.83
5.847
5.89
5.907
5.948
5.972
6.024
6.039
6.089
6.114
6.164
6.181
6.244
6.268
6.319
6.353
6.404
6.437
6.499
6.525
6.588
6.615
6.583
6.556
6.461
6.436
6.33
6.307
6.226
6.199
6.116
6.095
3.428
3.424
3.391
3.374
3.334
3.327
3.287
3.287
3.237
3.237
3.195
3.195
3.162
3.154
3.127
3.118
3.084
3.085
3.047
3.047
3.021
3.012
2.985
2.977
2.958
2.95
2.924
2.926
2.898
2.899
2.872
2.872
2.848
2.848
2.822
2.823
2.807
2.806
2.781
2.782
2.763
2.764
2.748
2.739
2.73
2.73
2.713
2.713
2.695
2.696
2.677
2.687
2.668
2.668
2.651
2.661
2.643
2.643
2.634
2.633
2.616
2.626
2.608
2.622
3.312
3.316
3.329
3.381
3.541
3.634
3.852
3.858
3.851
3.867
3.871
3.917
4.406
4.407
4.397
4.202
4.38
4.372
3.712
3.631
3.625
3.629
3.617
3.59
3.629
3.895
4.255
3.977
3.716
3.68
3.63
3.822
3.983
3.861
3.604
3.607
3.611
3.618
3.623
3.638
4.044
4.286
4.046
3.939
3.696
3.594
3.536
3.545
3.545
3.554
3.563
3.572
3.58
3.589
3.597
3.606
4.002
3.976
3.898
3.863
3.775
3.749
3.665
3.632
3.678
8.035
8.062
8.087
8.116
8.137
8.183
8.183
8.183
8.183
8.183
8.183
8.183
8.183
8.183
8.183
8.183
8.183
5.109
5.09
12.0295 5.78739 0.684815
