1 361
1.991
1.998
2.008
2.006
2.014
2.014
2.02
2.025
2.025
2.025
2.03
2.038
1.887
1.728
1.721
1.715
1.72
1.717
1.721
1.715
1.715
1.727
1.734
1.728
1.736
1.744
1.746
1.764
1.772
1.78
1.792
1.798
1.808
1.831
1.849
1.871
1.901
2.248
2.246
2.309
2.317
2.308
2.306
2.314
2.323
2.33
2.344
2.358
2.373
2.392
2.407
2.438
2.464
2.517
2.566
2.608
2.621
1.124
1.131
1.14
1.149
1.157
1.165
1.175
1.183
1.191
1.2
1.207
1.215
1.232
1.242
1.25
1.257
1.276
1.282
1.292
1.317
1.326
1.335
1.352
1.359
1.378
1.387
1.403
1.419
1.445
1.462
1.47
1.494
1.512
1.527
1.552
1.569
1.585
1.619
1.635
1.668
1.684
1.71
1.735
1.771
1.795
1.829
1.856
1.887
1.922
1.956
1.998
2.032
2.068
2.119
2.173
2.216
2.268
2.316
2.375
2.441
2.498
2.572
2.628
2.706
2.773
2.868
2.946
3.041
3.136
3.249
3.361
3.492
3.604
3.757
3.95
4.131
4.3
4.52
4.724
4.983
5.234
5.589
5.863
6.255
6.627
8.146
8.129
8.136
8.12
8.12
8.102
8.113
8.094
8.103
8.096
8.094
7.679
8.086
8.031
7.141
7.07
7.075
7.078
7.086
7.076
7.093
7.083
7.098
7.101
7.11
7.108
7.126
7.123
7.137
7.136
7.148
7.161
7.172
7.175
7.192
7.201
7.214
7.224
7.248
7.249
7.273
7.282
7.308
7.425
8.183
8.183
8.183
8.183
8.183
8.183
8.183
8.183
8.183
8.183
8.183
8.183
8.183
8.183
8.183
8.183
8.183
8.183
8.183
8.183
8.183
8.183
8.183
8.183
8.183
8.183
8.183
8.183
8.183
8.183
8.183
8.183
8.183
8.183
8.183
8.183
8.183
8.183
8.183
8.183
8.183
8.183
8.183
8.183
8.183
8.183
8.183
8.183
8.183
8.183
8.183
8.183
8.183
8.183
8.183
8.183
8.183
8.183
8.183
8.183
8.183
8.183
8.183
8.183
8.183
8.183
7.476
7.415
7.353
7.299
7.241
7.197
7.139
7.094
7.044
6.994
6.951
6.902
6.854
6.823
6.779
6.749
6.7
6.66
6.617
6.599
6.559
6.527
6.495
6.465
6.422
6.405
6.364
6.335
6.307
6.284
6.249
6.226
0.519
0.511
0.519
0.509
0.503
0.509
0.482
0.481
0.482
0.482
0.463
0.468
0.463
0.463
0.463
0.463
0.454
0.454
0.454
0.454
0.464
0.455
0.464
0.455
0.457
0.449
0.456
0.448
0.459
0.46
0.458
0.458
0.466
0.458
0.459
0.459
0.453
0.45
0.457
0.456
0.456
0.454
0.463
0.462
0.462
0.462
0.462
0.463
0.462
0.462
0.462
0.463
0.463
0.463
0.471
0.462
0.463
0.463
0.471
0.47
0.471
0.471
0.471
0.471
0.479
0.48
0.48
0.48
0.48
0.48
0.489
0.48
0.481
0.489
0.49
0.489
0.489
11.0489 10.8588 4.78855
