1 361
1.431
1.43
1.357
1.291
1.283
1.273
1.273
1.125
1.113
1.102
1.103
1.094
1.102
1.085
1.093
1.094
1.103
1.092
1.092
1.085
1.085
1.084
1.076
1.075
1.075
1.067
1.067
1.058
1.059
1.059
1.059
1.05
1.05
1.044
1.042
1.043
1.042
1.033
1.034
1.034
1.034
1.025
1.034
1.025
1.025
1.018
1.026
1.018
1.026
1.018
1.019
1.01
1.01
1.011
1.011
1.013
1.01
1.008
1.013
1.007
1.013
1.007
1.012
1.008
1.013
1.006
1.006
0.997
1.006
1.006
1.012
1.008
1.01
1.007
1.01
1.006
1.009
1.011
1.02
3.756
3.765
3.766
3.773
3.773
3.782
3.783
3.8
3.801
3.809
3.816
3.826
3.825
3.844
3.852
3.862
3.861
3.88
3.887
3.905
3.905
3.923
3.922
3.948
3.948
3.965
3.975
3.992
4.002
4.017
4.027
4.052
4.06
4.086
4.087
4.12
4.127
4.153
4.162
4.187
4.201
4.227
4.235
4.275
4.285
4.324
4.324
4.367
4.375
4.41
4.427
4.463
4.471
4.512
4.522
4.563
4.58
4.624
4.641
4.682
4.692
4.743
4.751
4.794
4.778
4.873
4.808
4.933
4.975
5.035
5.049
5.105
5.129
5.192
5.212
5.279
5.308
5.374
5.398
5.474
5.507
5.576
5.613
5.683
5.721
5.805
5.838
5.939
5.967
6.064
6.108
6.203
6.245
6.344
6.391
6.507
6.547
6.667
6.72
6.848
6.911
7.034
7.1
3.002
2.99
2.973
2.964
2.947
2.934
2.966
2.993
3.063
3.1
3.174
3.209
3.288
3.323
3.422
3.455
3.566
3.599
3.705
3.755
3.869
3.928
4.051
4.106
4.254
4.319
4.483
4.548
4.733
4.805
5.01
5.115
5.123
5.122
5.107
5.096
5.082
5.079
5.067
5.061
5.051
5.044
5.035
5.029
5.027
5.011
5.011
5.003
4.995
4.987
4.988
4.984
4.98
4.967
4.971
4.962
4.97
4.959
4.962
4.954
4.96
4.952
4.958
4.956
4.959
4.96
4.956
4.958
4.963
4.967
4.968
4.969
4.977
4.972
4.99
4.982
4.999
4.999
5.008
5.01
5.027
4.959
4.615
4.472
4.181
4.085
3.858
3.767
3.563
3.483
3.317
3.26
3.09
3.048
2.914
2.868
2.754
2.711
2.607
2.576
2.47
2.449
2.438
2.444
2.454
2.453
2.469
2.469
2.486
2.494
2.51
2.509
2.523
2.533
2.549
2.558
2.564
2.573
2.589
2.599
2.617
2.624
2.642
2.649
2.668
2.677
2.695
2.704
2.728
2.728
2.753
2.763
2.786
2.796
2.819
2.828
2.856
2.864
2.898
2.898
2.933
2.933
2.967
2.977
3.009
3.026
2.985
2.976
2.931
2.923
2.881
2.872
2.829
2.813
2.781
2.773
2.738
2.723
2.688
2.681
2.654
2.637
2.612
2.603
2.571
2.571
2.541
2.532
2.511
2.501
2.475
2.468
2.445
2.437
2.412
2.412
2.388
2.388
2.363
-3.15448 10.9063 3.71195
