1 361
3.886
3.895
3.907
3.922
3.93
3.939
3.948
3.966
3.965
3.983
3.992
4.008
4.018
4.034
4.042
4.059
4.067
4.093
4.102
2.264
2.236
2.189
2.16
2.155
2.155
2.173
2.193
2.215
2.224
2.24
2.239
2.258
2.267
2.283
2.291
2.297
2.314
2.33
2.338
2.354
2.37
2.387
2.395
2.411
2.419
2.435
2.46
2.477
2.493
2.51
2.526
2.551
2.566
2.583
2.6
2.627
2.643
2.669
2.687
2.72
2.723
2.687
2.669
2.643
2.626
2.6
2.584
2.559
2.551
2.518
2.511
2.478
2.469
2.445
2.436
2.412
2.404
2.385
2.387
2.41
2.442
2.47
2.503
2.538
2.558
2.596
2.639
2.673
2.707
2.757
2.79
2.84
2.852
2.924
2.955
3.021
3.068
3.125
3.176
3.237
3.294
3.35
3.417
5.134
5.221
5.329
5.439
5.418
5.402
5.376
5.5
5.655
5.774
5.777
5.768
5.742
5.731
5.704
5.697
5.68
5.671
5.652
5.646
5.841
6.033
6.261
6.495
6.762
7.025
7.392
7.69
8.183
8.183
8.183
8.183
8.183
8.183
8.187
8.183
8.183
8.187
8.183
8.187
8.183
8.183
8.183
5.264
5.247
5.247
5.231
5.23
5.223
5.214
5.206
5.206
5.197
5.197
5.189
5.188
5.18
5.181
5.173
5.181
5.173
5.172
5.173
5.172
5.174
5.173
5.173
5.18
5.174
5.173
5.181
5.181
5.181
5.191
5.189
5.198
5.197
5.206
5.213
5.222
5.222
5.23
5.239
5.273
5.131
5.009
4.874
4.754
4.636
4.529
4.417
4.324
4.212
4.135
4.044
3.978
3.891
3.816
3.745
3.669
3.601
3.541
3.472
3.423
3.355
3.307
3.251
3.207
3.157
3.114
3.061
3.017
2.973
2.929
2.894
2.859
2.818
2.784
2.743
2.717
2.683
2.648
2.612
2.589
2.56
2.537
2.505
2.471
2.446
2.422
2.39
2.373
2.338
2.321
2.28
2.248
2.23
2.224
2.23
2.264
2.273
2.313
2.392
2.394
2.438
4.186
4.211
4.26
4.257
4.219
4.189
4.233
4.313
4.373
4.401
4.468
4.511
4.572
4.622
4.682
4.71
8.183
8.183
8.183
8.183
8.183
8.183
8.183
8.183
8.183
8.183
8.183
8.183
8.183
8.183
7.102
7.067
7.041
7.124
7.267
7.391
7.545
7.684
7.85
7.994
8.183
8.183
8.183
8.183
8.183
8.183
8.183
8.183
8.183
8.183
8.183
8.183
8.183
8.183
8.183
8.183
8.183
8.183
8.183
8.183
8.183
8.183
8.183
8.183
8.183
8.183
8.183
8.183
6.105
6.097
6.09
6.088
6.076
6.074
6.067
6.068
6.059
6.051
6.048
6.049
6.047
6.051
6.038
6.029
6.034
6.034
6.037
6.031
6.035
2.57
2.506
2.503
2.427
2.106
1.833
1.741
1.741
1.739
1.708
1.542
1.531
1.53
1.531
1.53
1.537
1.549
1.572
1.572
1.572
1.572
1.58
1.58
1.589
0.320606 13.414 2.90328
