1 361
0.845
0.853
0.844
0.853
0.853
0.853
0.853
0.861
0.852
0.861
0.861
0.869
0.868
0.875
0.865
0.875
0.874
0.883
0.882
0.892
0.882
0.89
0.89
0.899
0.897
0.905
0.906
0.914
0.914
0.921
0.921
0.93
0.93
0.939
0.939
0.955
0.947
0.963
0.954
0.973
0.962
0.981
0.971
0.988
0.988
1.003
0.997
1.014
1.013
1.022
1.021
1.036
1.029
1.054
1.052
1.07
1.061
1.088
1.088
1.096
1.096
1.071
1.072
1.062
1.062
1.045
1.045
1.037
1.037
1.029
1.029
1.011
1.012
0.994
0.994
0.985
0.976
0.964
0.965
0.958
0.959
0.94
0.941
0.922
0.922
0.903
0.905
0.889
0.896
0.876
0.878
1.087
1.095
1.078
1.078
1.063
1.07
1.054
1.054
1.046
1.045
1.036
1.037
1.029
1.029
1.021
1.023
1.006
1.016
0.998
1.006
0.999
0.999
0.984
0.99
0.981
0.981
0.972
0.972
0.796
0.958
0.709
0.707
0.666
0.678
0.666
0.675
0.65
0.652
0.649
0.65
0.65
0.644
0.643
0.65
0.642
0.642
0.644
0.643
0.637
0.644
0.637
0.646
0.639
0.639
0.641
0.64
0.643
0.645
0.646
0.639
0.642
0.642
0.638
0.637
0.637
0.644
0.634
0.641
0.644
0.643
0.642
0.642
0.643
0.642
0.642
0.644
0.643
0.652
0.653
0.652
0.652
0.653
0.661
0.65
0.65
0.66
0.659
0.66
0.659
0.666
0.668
0.667
0.668
0.667
0.676
0.677
0.684
0.683
0.686
0.691
0.691
0.691
0.691
0.691
0.691
0.7
0.709
0.708
0.718
0.718
0.719
0.717
0.725
0.725
0.733
0.733
0.742
0.75
0.749
0.749
0.75
0.758
0.765
0.766
0.774
0.773
0.779
0.789
0.788
0.797
0.805
0.807
0.812
0.814
0.823
0.831
0.84
0.84
0.848
0.856
0.865
0.873
0.874
0.883
0.891
0.899
0.907
0.915
0.924
0.932
0.948
0.946
0.964
0.963
0.98
0.988
1.004
1.012
1.095
1.107
1.098
1.11
1.11
1.119
1.135
1.134
1.153
1.16
1.169
1.187
1.204
1.21
5.056
5.039
4.882
4.804
4.765
4.762
4.708
4.709
4.656
4.657
4.604
4.597
4.554
4.547
4.502
4.494
4.462
4.461
4.417
4.417
4.375
4.378
4.34
4.342
4.299
4.299
4.266
4.265
4.233
4.233
4.2
4.202
4.176
4.176
4.152
4.152
4.127
4.117
4.102
4.103
4.077
4.078
4.06
4.06
4.034
4.042
4.018
4.019
4.001
4.001
3.993
3.994
3.962
3.962
4.105
4.109
4.092
4.094
4.083
4.083
4.067
4.068
4.06
4.059
4.051
4.051
4.045
4.047
4.041
4.043
4.039
4.045
4.036
4.051
4.038
4.051
4.041
4.046
4.048
4.056
3.891
3.9
3.911
3.924
3.92
3.928
3.928
3.939
3.938
3.937
3.68
3.357
3.33
3.318
0.811
0.811
0.809
0.81
2.55255 8.69295 5.71456
