1 361
0.889
0.868
0.868
0.844
0.846
0.828
0.821
0.802
0.795
0.783
0.785
0.771
0.773
1.754
1.754
1.754
1.753
1.745
1.745
1.745
1.731
1.736
1.736
1.728
1.736
1.719
1.729
1.72
1.72
1.721
1.723
1.719
1.722
1.717
1.719
1.722
1.72
1.717
1.719
1.711
1.711
1.711
1.711
1.719
1.723
1.72
1.722
1.717
1.719
1.721
1.718
1.723
1.721
1.72
1.729
1.728
1.736
1.736
1.736
1.736
1.737
1.745
1.745
1.745
1.754
1.754
1.763
1.763
1.772
1.772
1.772
1.781
1.78
1.788
1.788
1.796
1.796
1.805
1.814
1.823
1.814
1.831
1.831
1.84
1.849
1.857
1.866
1.874
1.874
1.882
1.891
1.899
1.908
1.916
1.925
1.933
1.934
1.951
1.958
1.967
1.976
1.993
2.002
2.011
2
2.013
2.021
2.047
2.219
2.244
2.262
2.279
2.288
2.305
2.311
2.329
2.345
2.364
2.38
2.395
2.412
2.427
2.444
2.469
2.487
2.51
2.527
2.552
2.568
2.593
2.61
2.637
2.653
2.688
2.705
2.74
2.733
2.706
2.689
2.664
2.647
2.659
2.686
2.738
2.764
2.798
2.83
2.871
2.899
2.933
2.973
3.003
3.039
3.082
3.118
3.167
3.203
3.261
3.296
3.349
3.39
3.449
3.492
3.56
3.604
3.677
3.728
3.798
3.859
3.939
4.002
4.082
4.146
4.243
4.412
5.71
5.857
6.008
6.115
6.281
6.405
6.583
6.621
6.599
6.583
6.553
6.554
6.528
6.518
6.492
6.484
6.632
6.998
7.094
7.325
7.612
8.183
8.183
8.183
8.183
8.183
8.183
8.183
8.183
8.183
8.183
8.183
8.183
8.183
8.183
8.191
8.183
8.183
8.183
8.187
8.183
8.183
8.183
8.183
8.183
8.183
8.183
8.183
8.183
8.183
8.183
8.183
8.183
8.183
8.183
8.183
8.183
8.183
8.183
8.183
8.183
8.183
8.183
8.183
8.094
7.748
7.331
7.026
6.696
6.444
6.067
6.077
6.097
6.213
6.167
6.404
7.096
7.409
7.493
7.504
4.252
4.186
4.066
3.968
3.866
3.784
3.679
3.603
3.515
3.445
3.366
3.294
3.235
3.163
3.097
3.052
2.984
2.941
2.88
2.829
2.779
2.738
2.689
2.645
2.601
2.567
2.525
2.484
2.444
2.411
2.379
2.346
2.311
2.288
2.253
2.227
2.202
2.172
2.142
2.124
2.089
2.072
2.054
2.027
2.012
1.985
1.968
1.942
1.925
1.9
1.882
1.866
1.854
1.833
1.817
1.799
1.791
1.774
1.758
1.741
1.723
1.718
1.699
1.691
1.675
1.666
1.649
1.641
1.626
1.617
1.6
1.594
1.579
1.576
1.56
1.553
1.545
1.535
1.528
1.52
1.512
1.504
1.496
1.488
1.479
1.472
1.462
1.455
1.447
1.437
1.438
1.421
1.421
1.413
1.413
1.405
1.396
1.388
1.388
1.379
1.379
1.371
1.361
1.362
1.354
1.354
4.06175 10.291 2.21611
