1 361
1.845
1.836
1.836
1.828
1.819
1.81
1.801
1.793
1.792
1.784
1.784
1.774
1.766
1.766
1.757
1.748
1.747
1.739
1.738
1.73
1.73
1.722
1.721
1.711
1.712
1.704
1.704
1.704
1.704
1.695
1.696
1.687
1.686
1.687
1.687
1.679
1.679
1.679
1.68
1.672
1.672
1.672
1.665
1.666
1.668
1.671
1.666
1.669
1.672
1.668
1.669
1.67
1.664
1.672
1.67
1.668
1.666
1.669
1.667
1.672
1.671
1.667
1.666
1.672
1.672
1.672
1.672
1.68
1.68
1.81
2.793
3.333
3.271
3.325
3.328
3.42
3.42
3.266
3.159
2.843
2.828
2.817
2.824
2.827
2.826
2.84
2.855
2.85
2.919
3.215
3.174
2.987
2.963
2.908
2.907
3.041
3.109
3.005
2.988
2.929
2.925
2.944
2.944
2.968
2.977
3
3.081
3.252
3.236
3.142
3.129
3.04
3.024
2.957
2.96
2.978
2.987
3.004
3.013
3.041
3.049
3.075
3.085
3.111
3.12
3.381
3.372
3.332
3.317
3.274
3.268
3.226
3.219
8.183
8.183
8.183
8.183
8.183
8.183
4.895
4.877
4.812
4.82
4.749
4.705
4.694
4.683
4.669
4.666
4.652
4.651
4.634
4.634
4.628
4.626
4.609
4.621
4.634
5.502
5.614
5.641
5.74
5.774
5.878
5.912
6.018
6.052
6.16
6.204
6.323
6.374
6.495
6.54
3.847
3.844
3.808
3.798
3.765
3.766
3.724
3.723
3.689
3.68
3.654
3.647
3.622
3.614
3.588
3.587
3.562
3.56
3.536
3.527
3.503
3.502
3.486
3.478
3.462
3.461
3.435
3.437
3.419
3.421
3.395
3.396
3.379
3.38
3.363
3.363
3.345
3.354
3.33
3.328
3.323
3.322
3.313
3.313
3.307
3.306
3.298
3.298
3.29
3.29
3.281
3.281
3.274
3.274
3.267
3.267
3.261
3.261
3.258
3.26
3.255
3.264
3.257
3.266
3.256
3.256
3.252
3.257
3.255
3.261
3.26
3.267
3.274
3.274
3.273
3.281
3.281
3.289
3.288
3.298
3.296
3.305
3.303
3.311
3.311
3.321
3.326
3.327
3.335
3.342
3.35
3.358
3.366
3.367
3.383
3.382
3.398
3.405
3.423
3.44
3.446
3.456
3.464
3.474
3.48
3.499
3.506
3.515
3.533
3.55
3.557
3.566
3.583
3.601
3.609
3.626
3.642
3.661
3.677
3.692
3.709
3.727
3.744
3.76
3.785
3.802
3.819
3.838
3.864
3.882
3.909
3.926
3.962
3.971
4.005
4.022
4.057
4.075
4.108
4.134
4.157
4.183
4.224
4.249
4.282
4.317
4.351
4.377
4.422
4.447
4.49
4.524
4.563
4.598
4.65
4.675
4.736
4.763
4.827
4.85
4.91
4.945
5.011
5.046
5.111
5.246
6.836
6.81
6.745
6.718
6.659
6.631
6.571
6.553
6.49
6.473
6.413
6.396
6.337
6.318
6.269
6.252
5.29
5.255
5.206
5.163
4.894
4.888
2.15189 -1.14309 1.25818
