1 361
1.981
1.981
1.982
1.974
1.972
1.966
1.965
1.964
1.964
1.957
1.957
1.959
1.961
1.952
1.956
1.948
1.953
1.947
1.946
1.937
1.937
1.928
1.937
1.928
1.946
1.946
1.954
1.951
1.956
1.949
1.932
1.931
1.938
1.938
1.933
8.183
8.183
8.183
8.183
8.183
8.183
8.183
8.183
8.183
8.183
8.183
8.183
8.183
8.183
8.183
8.183
8.183
8.183
8.183
8.183
8.183
8.183
8.183
8.183
8.183
8.183
8.183
8.183
8.183
8.183
8.183
8.183
8.183
8.183
8.183
8.183
8.183
3.351
3.32
3.286
3.253
3.214
3.188
3.153
3.115
3.096
3.061
3.026
2.999
2.972
2.945
2.92
2.894
2.869
2.842
2.817
2.793
2.766
2.75
2.724
2.711
2.737
2.747
2.684
2.649
2.615
2.598
2.557
2.56
2.585
2.598
2.642
2.652
2.688
2.695
2.73
2.745
2.78
2.787
2.829
2.846
2.888
2.896
2.938
2.957
3.001
3.017
3.061
3.08
3.133
3.139
3.199
3.222
3.271
3.289
3.355
3.374
3.438
3.464
3.532
3.555
3.632
3.649
3.734
3.761
3.838
3.866
3.962
3.985
4.075
4.111
4.211
4.242
4.357
4.391
4.51
4.549
4.674
4.726
4.852
4.907
5.063
5.12
5.299
5.358
5.53
5.616
5.801
5.88
6.103
6.191
6.425
6.485
7.302
7.424
7.777
7.916
7.923
7.909
8.097
8.183
8.187
8.183
8.183
8.187
8.183
8.183
8.183
8.183
8.187
8.183
8.187
8.187
8.187
8.187
8.183
7.869
8.183
8.183
7.786
7.78
7.819
7.819
7.818
7.831
7.832
7.826
7.821
7.815
7.823
7.82
8.187
7.858
8.187
8.187
8.183
8.183
8.183
8.183
8.183
8.183
7.826
7.689
7.594
6.688
6.304
6.124
5.727
5.589
5.222
5.093
4.727
4.696
4.717
4.708
4.723
4.663
3.92
3.768
3.65
3.606
3.44
3.397
3.261
3.222
3.096
3.067
2.956
2.928
2.828
2.798
2.706
2.676
2.598
2.573
2.501
2.477
2.409
2.384
2.319
2.296
2.242
2.225
2.172
2.154
2.102
2.094
2.04
2.028
1.954
1.939
1.942
1.941
1.966
1.958
1.983
1.983
2.007
2.012
1.984
1.975
1.933
1.926
1.891
1.882
1.849
1.839
1.815
1.806
1.781
1.774
1.746
1.747
1.712
1.712
1.677
1.678
1.653
1.654
1.627
1.62
1.604
1.596
1.571
1.57
1.554
1.546
1.529
1.529
1.504
1.505
1.488
1.489
1.463
1.472
1.386
1.369
1.247
1.247
1.231
1.231
1.221
1.213
1.228
1.22
1.215
1.215
1.196
1.196
1.189
1.188
1.18
1.18
1.17
1.17
1.153
1.162
1.148
1.148
1.144
1.144
1.135
1.126
1.127
1.127
1.111
1.112
1.111
1.111
1.103
1.103
1.095
1.095
1.086
1.095
1.086
1.086
1.082
1.083
1.07
1.079
1.071
1.071
1.062
1.071
1.062
9.72363 13.7123 5.98175
