1 361
0.727
0.728
0.723
0.72
0.703
0.703
0.686
0.695
0.706
0.7
0.709
0.703
0.704
0.703
0.708
0.7
0.699
0.708
0.706
0.707
0.716
0.706
0.715
0.706
0.716
0.716
0.715
0.722
0.722
0.723
0.727
0.727
7.016
7.189
7.056
7.074
7.09
7.108
7.123
7.14
7.166
7.183
7.208
7.226
7.256
7.271
7.308
7.323
7.355
7.372
7.406
7.425
7.649
7.463
7.398
7.242
7.287
7.311
7.354
7.318
7.345
7.361
6.401
6.36
6.243
6.174
6.061
5.986
5.886
5.821
5.73
5.664
5.58
5.519
5.441
5.375
5.309
5.25
5.184
5.135
5.07
5.022
4.966
4.923
4.863
4.781
4.789
4.813
4.861
4.837
4.776
4.731
4.687
4.652
4.601
4.57
4.517
4.481
4.451
4.415
4.38
4.359
4.119
4.087
4.075
4.053
4.018
3.994
3.967
3.941
3.914
3.887
3.863
3.836
3.818
3.8
3.766
3.748
3.723
3.698
3.681
3.665
3.638
3.622
3.606
3.589
3.571
3.553
3.537
3.519
3.501
3.493
3.475
3.46
3.443
3.436
3.418
3.403
3.395
3.379
3.369
3.353
3.346
3.329
3.323
3.313
3.306
3.292
3.282
3.275
3.266
3.258
3.252
3.241
3.234
3.233
3.224
3.216
3.193
3.176
3.174
3.27
3.321
3.311
3.31
3.302
3.303
3.297
3.297
3.287
3.287
3.28
3.279
3.272
3.272
3.273
3.273
3.264
3.263
3.265
3.265
3.259
3.261
3.259
3.257
3.262
3.262
3.263
3.267
3.257
3.264
3.265
3.274
3.267
3.118
3.118
3.126
3.143
3.149
3.15
3.157
3.158
3.166
3.163
3.176
3.176
3.184
3.183
3.19
3.192
3.202
3.206
3.213
3.223
3.229
3.231
3.248
3.251
3.265
3.264
3.281
3.28
3.298
3.306
3.314
3.321
3.338
3.336
3.363
3.363
3.383
3.387
3.41
3.408
3.434
3.442
3.46
3.467
3.494
3.492
3.517
3.525
3.553
3.56
3.587
3.595
3.62
3.629
3.655
3.672
3.705
3.704
3.739
3.756
3.79
3.798
3.834
3.849
3.864
3.877
4.105
4.119
4.159
4.174
4.216
4.23
4.285
4.305
4.346
4.362
4.414
4.44
4.489
4.511
4.567
4.597
4.531
4.507
4.504
4.532
4.625
4.659
4.709
4.743
4.806
4.843
4.906
4.941
5.007
5.044
5.117
5.162
5.24
5.276
5.365
5.408
5.501
5.542
5.641
5.693
5.801
5.857
5.962
6.028
6.121
6.245
6.648
6.726
6.833
6.918
7.039
7.02
6.99
7.091
7.276
7.37
7.388
7.34
7.256
7.221
7.148
7.112
7.035
7.017
7.065
7.091
7.138
7.163
7.209
7.233
7.286
7.311
8.183
8.183
8.183
8.183
8.183
8.183
8.183
8.183
0.77
0.773
0.773
0.774
0.766
0.774
0.767
0.766
0.766
0.767
0.766
0.765
0.768
0.767
0.76
0.769
0.761
0.762
0.759
0.755
0.755
5.28479 2.69282 0.038275
