1 361
5.115
4.994
4.914
4.854
4.81
4.768
4.733
4.702
4.724
4.719
4.67
4.653
4.602
4.576
4.437
4.396
4.345
4.313
4.281
4.25
4.224
4.228
4.331
4.279
3.981
3.859
3.822
3.797
3.778
3.764
3.736
3.711
3.685
3.659
3.644
3.618
3.599
3.582
3.564
3.547
3.525
3.508
3.5
3.473
3.467
3.44
3.434
3.416
3.401
3.386
3.378
3.36
3.345
3.336
3.328
3.312
3.304
3.289
3.285
3.269
3.259
3.251
3.243
3.23
3.223
3.215
3.205
3.196
3.198
3.183
3.182
3.17
3.17
3.157
3.162
3.148
3.147
3.14
3.144
3.124
3.124
3.116
3.117
3.11
3.116
3.103
3.106
3.095
3.106
3.095
3.095
3.091
3.093
3.085
3.096
3.087
3.096
3.079
3.088
3.078
3.086
3.077
3.088
3.078
3.087
3.078
3.087
3.077
3.086
3.085
3.093
3.172
4.248
4.246
4.254
4.256
4.264
4.264
4.28
4.279
4.297
4.296
4.312
4.304
4.319
4.329
4.344
4.344
4.362
4.362
4.379
4.378
4.404
4.413
4.419
4.428
4.446
4.455
4.472
4.481
4.508
4.508
4.532
4.541
4.567
4.575
4.6
4.609
4.633
4.641
4.676
4.684
4.701
4.719
4.745
4.763
4.791
4.807
4.834
4.852
4.885
4.902
4.928
4.946
4.989
4.998
5.039
5.056
5.097
5.114
5.154
5.18
5.222
5.246
5.288
5.315
5.367
5.383
5.395
5.351
5.284
5.235
5.168
5.125
5.068
5.026
4.975
4.936
4.886
4.846
2.179
2.162
2.144
2.127
2.117
2.1
2.082
2.064
2.055
2.038
2.021
2.012
1.995
1.986
1.969
1.96
1.943
1.927
1.917
1.909
1.901
1.883
1.875
1.866
1.859
1.85
1.84
1.832
1.823
1.814
1.806
1.797
1.789
1.78
1.771
1.764
1.754
1.746
1.745
1.736
1.727
1.72
1.719
1.711
1.71
1.702
1.694
1.686
1.686
1.676
1.676
1.668
1.668
1.66
1.66
1.652
1.652
1.644
1.644
1.635
1.636
1.627
1.627
1.627
1.619
1.619
1.619
1.61
1.61
1.61
1.61
1.603
1.603
1.596
1.596
1.597
1.598
1.591
1.593
1.594
1.59
1.593
1.594
1.589
1.592
1.583
1.593
1.592
1.591
1.589
1.594
1.591
1.596
1.594
1.601
1.599
1.597
1.595
1.602
1.602
1.601
1.601
1.609
1.609
1.609
1.609
1.618
1.609
1.671
1.759
3.282
3.294
3.359
3.355
3.197
3.078
2.839
2.781
2.758
2.764
2.773
2.772
2.789
2.789
2.734
2.8
2.846
2.815
2.807
2.816
2.819
2.826
2.842
2.962
2.997
2.963
2.897
2.893
2.9
2.907
2.923
2.931
2.954
2.969
3.229
3.195
3.126
3.102
3.033
3.014
2.942
2.927
2.94
2.949
2.967
2.985
3.002
3.012
3.038
3.047
3.073
3.092
3.369
3.353
3.32
3.305
3.272
3.256
3.223
3.207
8.183
12.9179 6.90133 0.808986
