1 361
0.918
0.932
0.927
0.932
0.935
0.94
0.942
0.948
0.942
0.949
0.958
0.956
0.958
0.963
0.967
0.972
0.973
0.987
0.979
0.986
0.997
0.995
0.997
1.011
1.011
1.019
1.021
1.027
1.028
1.043
1.045
1.059
1.053
1.069
1.07
1.086
1.087
1.103
1.095
1.119
1.12
1.126
1.129
1.144
1.145
1.161
1.161
1.179
1.179
1.197
1.206
1.223
1.224
1.241
1.242
1.268
1.268
1.284
1.285
1.311
1.311
1.338
1.339
1.364
1.364
1.39
1.399
1.424
1.424
1.459
1.459
1.493
1.493
1.526
1.526
1.559
1.567
1.601
1.609
1.649
1.657
1.7
1.707
1.751
1.76
1.803
1.811
1.861
1.87
1.929
1.939
1.996
2.004
2.067
2.081
2.145
2.162
2.232
2.258
2.332
2.349
2.431
2.455
2.555
2.571
2.683
2.709
2.825
2.86
2.983
3.027
3.164
3.208
3.373
3.423
3.504
3.504
3.494
3.487
3.477
3.478
3.469
3.461
3.452
3.453
3.443
3.444
3.427
3.428
3.419
3.419
3.419
3.419
3.411
3.411
3.403
3.403
3.403
3.403
3.403
3.403
3.395
3.403
3.395
3.403
3.403
3.404
3.403
3.403
2.634
2.625
2.624
2.625
2.406
2.258
2.068
1.837
1.139
1.134
1.144
1.145
1.199
1.139
3.465
1.226
1.15
1.135
3.491
3.486
3.504
3.504
3.512
3.522
3.529
3.539
3.547
3.557
3.564
3.574
3.59
3.6
3.608
3.618
3.634
3.642
3.658
3.668
3.685
3.694
3.71
3.72
3.744
3.753
3.769
3.788
3.796
3.813
3.831
3.849
3.867
3.885
3.911
3.92
3.947
3.955
3.99
4
3.113
3.099
4.057
4.082
4.099
4.042
4.071
4.097
4.121
4.146
4.139
4.162
4.209
4.229
4.252
4.261
4.28
4.313
4.377
4.395
4.436
4.465
4.502
4.562
4.635
4.659
4.619
4.597
4.537
4.532
4.469
4.457
4.406
4.668
4.813
4.804
4.839
4.863
4.932
4.985
4.979
5.011
5.104
5.143
5.136
5.123
2.044
2.03
2
2.021
5.465
6.286
6.413
6.475
3.886
3.885
3.884
3.88
3.811
3.823
7.224
6.753
6.705
6.685
6.013
6.022
5.988
5.958
5.919
5.92
5.853
5.755
5.771
5.806
5.374
5.327
5.3
5.281
5.248
5.325
5.276
5.175
5.574
5.635
5.557
5.494
5.566
4.7
4.617
4.621
4.737
5.509
5.021
4.901
4.924
4.916
4.898
4.898
4.878
4.883
4.879
4.903
5.236
5.349
8.008
8.011
7.999
8
7.985
7.985
7.984
7.983
7.973
7.975
7.966
7.975
7.966
7.966
7.642
7.636
7.623
7.623
7.631
7.978
7.9
7.695
7.641
7.641
7.637
7.632
7.922
7.547
7.691
7.728
7.725
7.733
7.762
7.651
8.11
6.796
6.656
6.206
6.054
8.183
5.644
5.579
5.48
5.475
4.319
4.361
4.691
4.798
5.399
5.4
2.63986 8.96467 2.45762
