1 361
2.363
2.336
2.311
2.286
2.271
2.251
2.229
2.214
2.199
2.19
2.181
2.146
2.115
2.075
2.065
2.059
2.056
2
1.986
1.973
2.019
2.006
2.005
1.977
1.965
1.93
1.928
1.907
1.922
1.898
1.901
1.879
1.888
1.874
1.873
1.825
1.82
1.811
1.814
1.79
1.79
1.774
1.776
1.76
1.764
1.755
1.765
1.764
1.84
1.567
1.564
1.555
1.555
1.541
1.541
1.532
1.524
1.516
1.507
1.507
1.5
1.491
1.491
1.485
1.484
1.468
1.466
1.458
1.459
1.451
1.45
1.442
1.444
1.461
1.511
1.551
1.609
1.651
1.72
1.763
1.839
1.892
1.986
2.047
2.156
2.235
2.305
2.293
1.856
1.342
1.336
1.346
1.352
1.373
1.379
5.451
5.453
5.447
5.44
5.433
5.409
5.429
5.564
5.558
5.555
5.562
5.552
5.534
5.543
5.543
5.562
5.558
5.569
5.561
5.558
5.557
5.566
5.564
5.583
5.572
5.459
5.426
5.468
5.46
5.478
5.478
5.494
5.494
5.511
5.51
5.528
5.527
5.545
5.554
5.571
5.571
5.589
5.589
5.624
5.625
5.641
5.641
5.669
5.678
5.694
5.705
5.74
5.741
5.766
5.776
5.799
5.808
5.835
5.845
5.877
2.681
2.621
2.577
2.561
2.554
2.448
2.416
2.404
2.39
2.381
2.364
2.357
2.34
2.332
2.323
2.307
2.299
2.29
2.282
2.275
2.265
2.258
2.239
2.231
2.231
2.223
2.213
2.205
2.205
2.197
2.186
2.246
2.922
2.966
2.966
3.001
3.01
3.045
3.063
3.099
3.108
3.151
3.16
3.204
3.212
3.262
3.278
3.32
3.336
3.377
3.393
3.451
3.466
3.517
3.535
3.586
3.602
3.661
3.687
3.746
3.771
1.357
1.357
1.344
1.335
1.326
1.317
1.309
1.3
1.291
1.282
1.274
1.274
1.265
1.256
1.247
1.247
1.239
1.229
1.22
1.221
1.212
1.212
1.202
1.194
1.194
1.185
1.184
1.176
1.167
1.167
1.167
1.158
1.15
1.15
1.141
1.141
1.141
1.141
1.132
1.132
1.132
1.123
1.123
1.114
1.114
1.114
1.106
1.106
1.106
1.098
1.097
1.097
1.097
1.088
1.088
1.08
1.089
1.088
1.081
1.082
1.082
1.082
1.083
1.074
1.075
1.075
1.078
1.071
1.074
1.075
1.071
1.073
1.077
1.07
1.08
1.071
1.072
1.071
1.077
1.075
1.069
1.068
1.074
1.072
1.078
1.077
1.075
1.073
1.082
1.081
1.08
1.08
1.08
1.08
1.088
1.088
1.088
1.088
1.097
1.097
1.097
1.106
1.106
1.106
1.105
1.113
1.113
1.113
1.122
1.122
1.122
1.131
1.131
1.14
1.139
1.148
1.148
1.148
1.156
1.156
1.165
1.165
1.174
1.174
1.183
1.192
1.192
1.192
1.21
1.21
1.219
1.219
1.228
1.228
1.246
1.246
1.255
1.264
1.264
1.273
1.281
1.289
1.299
1.298
1.316
2.9615 1.64549 0.685391
