1 361
2.146
2.202
2.202
2.228
2.228
2.254
2.252
2.28
2.287
2.311
2.321
2.345
2.352
2.379
2.387
2.425
2.423
2.351
2.333
2.265
2.249
2.187
2.172
2.119
2.101
2.057
2.036
1.987
1.978
1.927
1.918
1.877
1.879
1.888
1.887
1.896
1.896
1.904
1.904
1.912
1.912
1.921
1.921
1.929
1.93
1.938
1.938
1.947
1.955
1.964
1.964
1.973
1.981
1.99
1.999
2.007
2.007
2.016
2.025
2.034
2.042
2.06
2.06
2.069
2.068
4.703
4.769
4.914
4.983
5.152
5.225
5.41
5.487
5.682
5.789
6.005
6.116
8.183
8.183
8.183
8.183
8.183
8.183
8.183
8.183
8.183
8.183
8.183
8.183
8.183
8.183
8.183
8.183
8.183
8.183
8.183
8.183
8.183
8.187
8.183
8.183
8.183
8.191
8.191
8.183
8.183
8.183
8.183
8.183
8.183
8.183
8.183
8.183
8.183
8.183
8.183
8.183
8.183
8.183
8.183
8.183
8.183
8.183
8.183
8.183
8.183
8.183
8.146
8.156
8.183
8.183
6.293
6.222
5.867
5.74
5.423
5.305
5.047
4.931
4.712
4.626
4.422
4.333
4.158
4.084
3.931
3.866
3.723
3.669
3.549
3.506
3.388
3.344
3.239
3.198
3.106
3.078
2.982
2.95
2.869
2.844
2.761
2.736
2.667
2.651
2.583
2.559
2.501
2.478
2.42
2.4
2.353
2.337
2.288
2.271
2.222
2.209
2.166
2.137
2.078
2.062
2.06
2.08
2.088
2.104
2.114
2.133
2.137
2.126
2.09
2.082
2.048
2.037
2.011
2.003
1.969
1.97
1.935
1.926
1.893
1.892
1.867
1.86
1.833
1.834
1.809
1.809
1.785
1.776
1.758
1.749
1.739
8.183
8.183
7.121
8.183
8.183
8.183
8.183
8.183
8.183
8.183
8.183
8.183
8.183
8.183
8.183
8.183
8.183
8.183
8.183
8.183
8.183
8.183
7.618
7.631
7.824
8.007
7.878
7.811
7.796
7.696
7.668
7.733
7.842
8.126
8.148
8.183
8.183
8.183
8.183
8.183
8.183
8.183
8.183
8.183
8.183
8.183
8.183
8.183
8.183
8.183
8.183
3.249
3.236
3.241
3.247
1.306
1.211
1.203
1.203
1.202
1.202
1.194
1.205
1.207
1.215
1.205
1.214
1.206
1.206
1.208
1.21
1.198
1.211
1.2
1.205
1.205
1.208
1.199
1.208
1.203
1.207
1.203
1.206
1.147
1.116
1.077
1.064
1.035
1.181
1.186
1.191
1.186
1.189
1.183
1.19
1.186
1.199
1.194
1.21
1.203
1.207
1.203
1.212
1.209
1.217
1.218
1.227
1.226
1.225
1.233
1.233
1.227
1.245
1.246
1.25
1.254
1.263
1.267
1.268
1.272
1.283
1.278
1.298
1.288
1.296
1.313
1.309
1.311
1.28
1.325
1.309
1.26
1.258
1.259
1.266
1.267
1.278
1.278
1.286
1.295
1.303
1.304
1.315
1.315
1.323
1.323
1.334
1.343
1.36
6.22117 7.94287 2.67302
