1 361
1.758
1.765
1.766
1.773
1.78
1.786
1.793
1.808
1.806
1.822
1.821
1.835
1.837
1.85
1.857
1.872
1.88
1.894
1.896
1.921
1.921
1.955
1.955
1.986
1.991
2.021
2.029
2.059
2.067
2.096
2.104
2.143
2.152
2.191
2.198
2.229
2.235
2.274
2.28
2.308
2.317
2.351
2.36
2.392
2.4
2.432
2.442
2.473
2.482
2.514
2.532
2.562
2.572
2.607
2.631
2.667
2.682
2.717
2.734
2.776
2.792
2.832
2.867
2.903
2.929
2.972
2.998
3.042
3.076
3.081
3.115
4.658
4.642
4.622
4.617
4.59
4.583
4.566
4.557
4.543
4.533
4.518
4.516
4.502
4.493
4.505
4.57
4.491
4.471
4.445
4.437
4.428
4.53
4.646
4.741
4.858
4.963
5.099
5.21
5.358
5.491
5.655
5.804
5.975
6.129
6.343
6.511
6.753
6.947
7.222
7.471
7.778
8.064
8.183
8.183
8.183
8.183
8.183
8.183
8.187
8.183
8.183
8.187
8.183
8.187
8.183
8.187
8.183
8.187
8.183
8.187
8.187
8.187
8.183
8.183
8.183
8.183
8.183
8.183
8.187
8.187
8.183
8.187
8.187
8.187
8.187
8.187
8.191
8.187
8.191
8.183
8.183
8.183
8.183
8.183
7.847
7.444
7.092
7.107
7.116
6.133
5.907
5.677
5.45
5.279
5.08
4.932
4.76
4.626
4.472
4.333
4.229
4.247
4.247
4.271
4.227
4.124
4.019
3.938
3.836
3.342
3.293
3.255
3.182
3.123
3.059
3.008
2.94
2.895
2.834
2.795
2.735
2.701
2.64
2.609
2.565
2.526
2.483
2.451
2.406
2.386
2.346
2.313
2.28
2.253
2.219
2.201
2.165
2.148
2.111
2.096
2.06
2.052
2.025
1.998
1.972
1.957
1.932
1.915
1.898
1.881
1.854
1.848
1.822
1.814
1.789
1.771
1.765
1.756
1.731
1.721
1.704
1.697
1.669
1.639
1.623
1.615
1.596
1.619
1.624
1.651
1.659
1.692
1.701
1.72
1.7
1.7
1.683
1.675
1.658
1.658
1.643
1.642
1.626
1.617
1.61
1.601
1.593
1.584
1.577
1.569
1.561
1.561
1.544
1.544
1.535
1.534
1.519
1.52
1.51
1.51
1.504
1.493
1.486
1.494
1.486
1.478
1.469
1.468
1.46
1.46
1.451
1.444
1.443
1.435
1.435
1.435
1.427
1.427
1.419
1.419
1.418
1.418
1.41
1.411
1.402
1.402
1.402
1.401
1.402
1.403
1.393
1.393
1.393
1.394
1.388
1.267
1.238
1.242
1.23
1.236
1.231
1.231
1.224
1.255
1.241
1.233
1.224
1.233
1.233
1.241
1.248
1.25
1.247
1.258
1.252
1.251
1.249
1.259
1.258
1.253
1.257
1.266
1.257
1.266
1.266
1.266
1.266
1.274
1.266
1.274
1.274
1.284
1.284
1.284
1.284
1.291
1.291
1.287
1.291
1.3
1.3
1.31
1.31
1.318
1.31
1.318
1.327
1.327
1.336
1.336
7.06913 13.2454 0.354136
