1 361
1.753
1.77
1.77
1.77
1.769
1.775
1.777
1.786
1.786
1.786
1.786
1.793
1.793
1.801
1.8
1.811
1.811
1.793
1.785
1.8
1.799
1.806
4.73
4.66
4.662
4.155
3.934
3.878
3.816
3.818
3.827
3.845
3.853
3.872
3.88
3.906
3.914
3.941
3.949
3.976
3.984
4.01
4.019
4.053
4.061
4.087
4.105
4.139
4.145
4.18
4.187
4.22
4.238
4.27
4.28
4.26
4.238
4.157
4.141
4.064
4.04
2.369
2.354
2.312
2.303
2.27
2.26
2.275
2.283
2.324
2.333
2.367
2.376
2.4
2.419
2.442
2.459
2.492
2.5
2.533
2.549
2.573
2.59
2.624
2.64
2.685
2.702
2.736
2.753
2.788
2.813
2.854
2.88
2.923
2.95
2.973
2.96
2.934
2.925
2.9
2.892
2.873
2.864
2.838
2.829
2.805
2.805
2.78
2.782
2.755
2.749
2.734
2.731
2.717
2.733
2.803
2.854
2.908
2.94
3.04
3.061
3.148
3.185
3.275
3.329
3.453
3.504
3.613
3.675
3.801
3.849
5.803
5.81
6.067
6.194
6.21
6.201
6.172
6.174
6.148
6.148
6.122
6.115
6.102
6.247
6.594
6.809
7.237
7.511
7.976
8.183
8.183
8.183
8.183
8.183
8.183
8.183
8.187
8.183
8.183
8.183
8.183
8.187
8.187
8.191
5.773
5.77
5.761
5.762
5.744
5.743
5.736
5.736
5.727
5.728
5.718
5.728
5.718
5.728
5.709
5.719
5.709
5.709
5.709
5.717
5.718
5.718
5.718
5.728
5.718
5.736
5.727
5.735
5.745
5.744
5.754
5.762
5.762
5.77
5.77
5.788
5.796
5.848
5.657
5.567
5.384
5.284
5.122
5.037
4.886
4.816
4.676
4.615
4.489
4.42
4.312
4.253
4.16
4.107
4.011
3.959
3.88
3.827
3.748
3.706
3.63
3.587
3.527
3.484
3.424
3.391
3.326
3.297
3.235
3.21
3.159
3.128
3.08
3.053
3.001
2.974
2.929
2.902
2.86
2.819
2.761
2.741
2.757
2.782
2.799
2.849
2.919
2.923
2.95
4.717
4.754
4.738
4.687
4.718
4.767
4.759
4.702
4.709
4.791
4.828
4.888
4.932
4.989
5.029
5.089
5.137
5.176
8.183
8.183
8.183
8.183
8.183
8.183
8.183
8.183
8.183
8.183
8.183
8.183
8.183
8.183
8.183
8.183
7.507
7.46
7.511
7.658
7.753
7.913
8.019
8.183
8.183
8.183
8.183
8.183
8.183
8.183
8.183
8.183
8.183
8.183
8.183
8.183
8.183
8.183
8.183
8.183
8.183
8.183
8.183
8.183
8.183
8.183
8.183
8.183
8.183
8.183
6.406
6.39
6.382
6.369
1.767
1.748
1.748
1.74
1.748
1.753
1.767
1.759
1.76
1.754
1.756
1.752
1.749
1.759
1.753
1.755
1.748
1.739
1.739
1.731
1.739
1.739
1.748
1.755
1.752
1.754
1.751
1.757
1.754
1.752
1.761
1.761
1.76
1.769
1.769
0.915488 13.2481 2.79112
