1 361
6.75
6.744
6.747
6.743
6.745
6.744
6.743
6.74
6.746
6.742
6.748
6.752
6.757
6.752
6.761
6.765
6.771
6.778
6.786
6.86
6.774
6.786
6.914
6.825
6.83
6.844
6.842
6.866
6.864
6.886
6.892
6.917
6.924
6.937
6.95
6.971
6.987
7.005
7.021
7.045
7.063
7.077
7.091
7.207
7.114
6.948
6.896
6.918
6.953
6.956
6.942
6.258
5.987
5.876
5.793
5.648
5.585
5.445
5.369
5.26
5.198
5.082
5.024
4.916
4.866
4.773
4.719
4.629
4.588
4.5
4.455
4.382
4.329
4.264
4.275
4.31
4.328
4.294
4.257
4.176
4.15
4.086
4.062
3.995
3.975
3.924
3.886
3.838
3.817
3.609
3.523
3.487
3.488
3.442
3.418
3.377
3.36
3.317
3.303
3.262
3.255
3.213
3.197
3.162
3.153
3.12
3.102
3.076
3.069
3.033
3.016
2.989
2.979
2.954
2.945
2.92
2.911
2.877
2.877
2.85
2.842
2.818
2.811
2.787
2.78
2.759
2.752
2.738
2.727
2.71
2.702
2.686
2.677
2.66
2.66
2.634
2.633
2.617
2.616
2.599
2.599
2.583
2.575
2.559
2.566
2.55
2.55
2.534
2.527
2.518
2.517
2.501
2.501
2.493
2.493
2.454
2.453
2.446
2.45
2.568
2.594
2.587
2.587
2.579
2.578
2.562
2.562
2.563
2.562
2.556
2.556
2.549
2.548
2.549
2.549
2.54
2.548
2.531
2.542
2.532
2.532
2.535
2.535
2.532
2.53
2.531
2.539
2.529
2.541
2.53
2.536
2.533
2.542
2.53
2.539
2.54
2.546
2.547
2.556
2.548
2.559
2.398
2.396
2.405
2.412
2.426
2.435
2.434
2.443
2.443
2.45
2.45
2.467
2.462
2.476
2.475
2.483
2.492
2.492
2.499
2.509
2.517
2.519
2.524
2.532
2.541
2.549
2.559
2.574
2.574
2.591
2.591
2.606
2.615
2.624
2.632
2.649
2.658
2.667
2.673
2.692
2.698
2.715
2.727
2.742
2.75
2.764
2.775
2.793
2.799
2.816
2.835
2.851
2.869
2.89
2.899
2.927
2.935
2.96
2.968
2.995
3.011
3.029
3.056
3.074
3.101
3.117
3.142
3.169
3.185
3.219
3.243
3.268
3.293
3.317
3.339
3.349
3.387
3.628
3.664
3.701
3.73
3.771
3.804
3.846
3.883
3.923
3.968
4.007
4.056
4.1
4.163
4.171
4.128
4.119
4.082
4.13
4.222
4.272
4.339
4.388
4.448
4.504
4.569
4.636
4.701
4.766
4.851
4.918
5.005
5.076
5.172
5.249
5.354
5.447
5.56
5.648
5.78
5.855
6.402
6.507
6.633
6.795
6.791
6.784
6.829
7.018
7.197
7.199
7.14
7.101
7.048
7.014
6.957
6.923
6.871
6.885
6.928
6.966
7.018
7.069
7.113
7.152
7.205
8.183
8.183
8.183
8.183
8.183
8.183
8.183
8.183
8.183
8.183
8.183
8.191
8.183
8.191
8.183
8.183
8.183
6.11246 2.71251 0.122391
