1 361
1.353
1.353
1.353
1.344
1.344
1.344
1.335
1.335
1.335
1.326
1.326
1.326
1.317
1.317
1.316
1.316
1.316
1.308
1.308
1.308
1.308
1.309
1.298
1.299
1.299
1.3
1.3
1.294
1.295
1.294
1.295
1.297
1.299
1.301
1.292
1.292
1.292
1.292
1.292
1.292
1.292
1.297
1.293
1.296
1.291
1.292
1.299
1.297
1.3
1.144
1.143
1.15
1.149
1.15
1.149
1.151
1.152
1.147
1.147
1.158
1.156
1.167
1.167
1.167
1.167
1.343
1.338
1.357
1.348
1.355
1.352
1.364
1.36
1.373
1.37
1.379
1.378
1.384
1.383
1.393
1.393
1.404
1.402
1.416
1.415
1.427
1.422
1.44
1.441
1.448
1.448
1.454
1.463
1.472
1.473
1.486
1.485
1.503
1.5
1.509
1.517
1.537
1.534
1.551
1.549
1.567
1.565
1.592
1.592
1.609
1.607
1.554
1.552
1.502
1.495
1.508
1.518
1.537
1.551
1.569
1.577
1.67
1.68
1.672
1.674
1.696
1.705
1.723
1.731
1.753
5.942
5.869
5.852
5.775
5.757
5.698
5.678
5.608
5.601
5.341
5.334
5.305
5.288
5.228
5.219
5.169
5.153
5.104
5.095
5.047
5.039
4.988
4.979
4.937
4.929
4.886
4.876
4.843
4.835
4.799
4.79
4.755
4.747
4.709
4.709
4.676
4.667
4.633
4.633
4.598
4.598
4.565
4.565
4.54
4.53
4.507
4.506
4.481
4.481
4.499
4.595
4.803
4.884
4.952
4.942
4.923
4.924
4.897
4.898
4.881
4.88
4.839
4.837
5.091
5.151
6.603
6.607
6.587
6.589
8.183
8.183
8.183
8.183
8.183
8.183
8.183
8.183
8.183
8.183
8.183
8.183
8.183
6.783
4.733
4.764
4.742
4.761
4.76
4.756
4.76
4.76
4.763
4.769
4.768
4.767
4.769
4.778
4.776
4.786
4.786
4.794
4.802
4.803
4.812
4.82
4.819
4.838
4.804
4.682
4.43
4.321
4.332
4.341
4.351
4.363
4.517
4.538
4.631
4.639
4.639
4.59
4.804
4.805
4.803
4.793
4.685
4.509
4.518
4.527
4.554
4.564
4.579
4.597
4.622
4.631
4.656
1.403
1.381
1.371
1.335
1.328
1.298
1.306
1.292
1.281
1.278
1.288
1.262
1.246
1.227
1.24
1.22
1.203
1.196
1.203
1.203
1.212
1.213
1.219
1.22
1.23
1.221
1.229
1.25
1.414
1.426
1.445
1.444
1.46
1.467
1.48
1.491
1.508
1.516
1.533
1.533
1.556
1.564
1.583
1.59
1.614
1.622
1.639
1.659
1.677
1.695
1.713
1.749
1.76
1.776
1.795
1.815
1.826
1.854
1.872
1.89
1.918
1.951
1.973
1.981
2.005
1.99
1.975
1.665
1.638
1.627
1.624
1.638
1.663
1.679
1.696
1.906
1.905
1.889
1.88
1.872
1.873
1.863
1.856
1.848
1.835
1.805
1.805
1.797
1.79
1.779
1.829
1.904
1.913
1.893
1.893
-3.16215 10.8326 1.19708
