1 361
5.552
3.881
5.467
3.743
3.676
3.658
3.639
3.682
3.68
4.994
4.949
4.916
4.879
4.862
4.832
4.852
5.201
5.167
5.165
5.193
4.934
4.881
4.866
4.815
4.709
4.673
4.646
4.649
4.61
4.693
4.83
5.026
5.165
5.221
4.75
4.127
4.102
4.082
4.074
4.057
4.031
4.024
4.006
3.989
3.979
3.963
3.952
3.936
3.928
3.911
3.9
3.887
3.879
3.87
3.861
3.852
3.836
3.827
3.827
3.811
3.802
3.802
3.786
3.785
3.777
3.768
3.759
3.76
3.755
3.741
3.743
3.735
3.732
3.726
3.725
3.717
3.718
3.718
3.71
3.713
3.713
3.713
3.713
3.71
3.708
3.707
3.709
3.707
3.709
3.708
3.706
3.713
3.705
3.71
3.714
3.713
3.719
3.722
3.732
3.732
3.732
3.741
3.739
3.739
3.738
3.747
3.754
3.755
3.764
3.77
3.779
3.777
3.786
3.824
4.977
4.987
5.002
5.012
5.029
5.035
5.052
5.061
5.077
5.093
5.103
5.118
5.135
5.151
5.169
5.184
5.201
5.217
5.243
5.259
5.276
5.303
5.32
5.346
5.364
5.378
5.405
5.421
5.457
5.473
5.498
5.524
5.558
5.584
5.609
5.636
5.663
5.699
5.724
5.761
5.786
5.822
5.856
5.889
5.922
5.966
5.998
6.032
6.08
6.121
6.165
6.198
6.244
6.183
6.104
6.049
5.982
5.929
5.868
5.809
5.76
3.008
2.993
2.959
2.94
2.914
2.898
2.871
2.847
2.822
2.806
2.79
2.764
2.747
2.731
2.713
2.687
2.679
2.661
2.643
2.626
2.608
2.592
2.575
2.559
2.551
2.534
2.526
2.502
2.493
2.485
2.469
2.452
2.443
2.435
2.427
2.41
2.401
2.393
2.384
2.367
2.36
2.35
2.342
2.333
2.325
2.317
2.308
2.3
2.299
2.283
2.283
2.274
2.265
2.256
2.256
2.248
2.248
2.239
2.23
2.23
2.221
2.221
2.212
2.212
2.203
2.203
2.194
2.194
2.185
2.185
2.176
2.176
2.176
2.178
2.841
2.86
2.886
2.947
2.996
3.088
3.419
3.43
3.438
3.421
3.477
3.553
3.912
3.984
3.983
3.769
3.956
3.966
3.965
3.468
3.221
3.213
3.217
3.217
3.223
3.167
3.224
3.746
3.931
3.903
3.44
3.301
3.257
3.251
3.663
3.496
3.37
3.235
3.225
3.23
3.235
3.252
3.258
3.262
3.85
3.719
3.602
3.487
3.37
3.264
3.182
3.183
3.191
3.2
3.208
3.208
3.225
3.233
3.243
3.251
3.26
3.277
3.623
3.574
3.531
3.49
3.438
3.407
3.367
3.331
3.334
7.903
7.935
7.973
8.008
8.04
8.084
8.12
8.161
8.183
8.183
8.183
8.183
8.183
8.183
4.926
4.862
4.842
4.803
4.706
4.686
4.667
4.653
4.647
4.626
4.611
4.596
4.577
4.562
4.557
4.547
4.531
4.715
5.342
5.375
5.417
5.47
5.512
5.563
5.606
5.66
5.704
12.2949 6.08091 0.937608
