1 361
1.983
1.992
1.999
1.691
1.663
1.661
1.666
1.657
1.662
1.66
1.657
1.664
1.665
1.659
1.665
1.678
1.672
1.685
1.683
1.694
1.697
1.708
1.71
1.715
1.723
1.746
1.758
1.774
1.788
2.014
2.122
2.151
2.152
2.15
2.206
2.215
2.211
2.203
2.202
2.211
2.221
1.012
1
1.007
1.007
1.016
1.025
1.025
1.032
1.032
1.041
1.048
1.057
1.057
1.066
1.074
1.082
1.09
1.099
1.108
1.108
1.117
1.123
1.132
1.141
1.15
1.159
1.176
1.175
1.182
1.192
1.208
1.217
1.227
1.231
1.241
1.259
1.269
1.275
1.292
1.3
1.309
1.326
1.336
1.353
1.369
1.387
1.402
1.411
1.429
1.446
1.462
1.479
1.496
1.52
1.537
1.561
1.579
1.602
1.628
1.652
1.668
1.693
1.719
1.743
1.771
1.805
1.831
1.864
1.894
1.937
1.98
2.015
2.05
2.093
2.138
2.191
2.234
2.285
2.344
2.402
2.45
2.525
2.582
2.66
2.724
2.808
2.881
2.966
3.05
3.154
3.252
3.381
3.49
3.658
3.812
3.972
4.129
4.322
4.503
4.74
4.95
5.25
5.509
5.845
6.167
6.524
7.923
7.922
7.905
7.906
7.889
7.887
7.88
7.879
7.872
7.871
7.863
7.463
7.855
7.802
7.082
6.851
6.843
6.852
6.851
6.858
6.851
6.868
6.857
6.875
6.866
6.884
6.883
6.899
6.899
6.916
6.915
6.94
6.931
6.954
6.956
6.98
6.978
7.003
6.999
7.032
7.034
7.051
7.058
7.084
7.171
8.171
8.183
8.183
8.183
8.183
8.183
8.183
8.183
8.183
8.183
8.183
8.183
8.183
8.183
8.183
8.183
8.183
8.183
8.183
8.183
8.183
8.183
8.183
8.183
8.183
8.183
8.183
8.183
8.183
8.183
8.183
8.183
8.183
8.183
8.183
8.183
8.183
8.183
8.183
8.183
8.183
8.183
8.183
8.183
8.183
8.183
8.183
8.183
8.183
8.183
8.183
8.183
8.183
8.183
8.183
8.183
8.183
8.183
8.183
8.183
8.183
8.183
8.183
8.183
8.183
8.183
8.183
7.608
7.301
7.249
7.189
7.141
7.089
7.043
7
6.952
6.902
6.861
6.814
6.782
6.729
6.695
6.655
6.626
6.59
6.557
6.51
6.484
6.45
6.423
6.401
6.369
6.333
6.304
6.27
6.249
6.214
6.192
6.172
6.143
6.12
6.101
6.069
6.042
6.015
5.995
5.967
5.959
2.427
2.46
2.564
2.599
2.701
2.752
2.879
2.929
3.07
3.132
3.291
3.372
3.542
3.637
3.844
3.959
4.151
6.859
6.836
6.836
6.819
6.811
6.793
6.794
6.776
6.768
2.371
2.306
2.188
2.174
2.179
2.179
6.725
6.722
3.311
3.288
3.495
3.639
6.709
6.71
6.713
6.708
0.46
3.79
0.453
0.464
0.461
0.454
0.467
0.466
0.455
0.466
0.44
0.447
0.444
0.442
0.448
0.443
0.446
0.443
0.432
11.0616 10.6081 4.74315
