1 361
1.45
1.45
1.441
1.441
1.441
1.433
1.433
1.433
1.424
1.424
1.423
1.416
1.423
1.415
1.415
1.415
1.415
1.415
1.416
1.401
1.394
1.388
1.389
1.39
1.393
1.396
1.397
1.536
1.543
1.535
1.541
1.542
1.517
1.543
1.526
1.547
1.539
1.542
1.541
1.539
1.548
1.547
1.547
1.547
1.547
1.547
1.554
1.555
1.556
1.562
1.562
1.563
1.57
1.57
1.57
1.58
1.579
1.579
1.581
1.587
1.589
1.596
1.597
1.597
1.605
1.612
1.621
1.62
1.62
1.63
1.629
1.637
1.646
1.646
1.654
1.663
1.663
1.679
1.679
1.688
1.695
1.706
1.704
1.712
1.721
1.73
1.739
1.753
1.759
1.711
1.701
1.658
1.65
1.613
1.625
1.633
1.642
1.649
1.684
1.69
1.706
1.716
1.725
1.731
1.741
1.758
1.776
1.785
1.794
1.801
1.819
1.826
1.844
1.862
1.87
1.885
1.893
1.911
1.928
1.945
1.963
1.978
1.994
2.012
2.029
2.056
2.064
2.091
2.1
2.125
2.153
2.168
2.195
2.222
2.239
2.265
2.289
2.313
2.338
2.364
2.39
2.422
2.455
2.488
2.512
2.552
2.585
2.62
2.654
2.698
2.74
2.773
2.816
2.865
2.908
2.96
2.997
3.058
3.204
4.534
4.525
4.502
4.532
4.661
4.749
4.846
4.938
5.048
5.143
5.274
5.388
5.375
5.376
5.35
5.34
5.315
5.306
5.288
5.288
5.263
5.254
5.236
5.378
5.652
5.812
6.002
6.222
6.417
8.183
8.183
8.183
8.183
8.183
8.183
8.183
8.183
8.183
8.183
8.183
8.183
8.183
8.183
8.183
8.183
8.183
8.187
8.183
8.191
8.187
8.183
8.183
8.183
8.183
8.183
8.183
8.183
8.183
8.183
8.183
8.183
8.183
8.183
8.183
8.183
8.183
8.183
8.183
8.183
8.183
8.183
8.183
8.183
8.183
8.183
8.183
7.977
7.728
7.408
7.073
6.797
6.583
6.345
6.162
5.952
5.785
5.612
5.479
5.3
5.117
5
5.014
5.033
5.089
5.1
5.197
6.412
6.484
6.509
6.537
6.553
6.58
6.603
6.682
6.701
6.732
6.77
6.791
6.817
3.301
3.265
3.237
3.188
3.153
3.1
3.057
3.014
2.969
2.933
2.899
2.857
2.82
2.78
2.754
2.711
2.689
2.652
2.626
2.592
2.567
2.536
2.51
2.477
2.453
2.429
2.403
2.381
2.353
2.338
2.313
2.289
2.271
2.254
2.231
2.212
2.194
2.178
2.158
2.141
2.124
2.108
2.093
2.083
2.065
2.045
2.038
2.021
2.002
1.993
1.978
1.962
1.953
1.936
1.929
1.912
1.904
1.894
1.878
1.87
1.861
1.846
1.844
1.836
1.827
1.82
1.802
1.803
1.786
1.786
1.769
1.769
1.754
1.752
1.743
1.734
1.726
1.726
1.717
1.709
1.709
1.701
1.692
1.684
1.681
1.676
1.668
1.668
1.659
1.651
1.651
1.643
1.643
3.17368 11.356 2.31491
