1 361
1.888
1.942
1.984
2.027
2.065
2.129
2.172
2.241
2.287
2.352
2.413
2.491
2.558
2.638
2.722
2.818
2.913
3.02
3.134
3.253
3.387
3.528
3.698
3.871
4.048
4.244
4.502
4.756
5.062
5.308
6.828
6.817
6.81
7.078
7.097
8.187
8.191
8.183
8.183
8.191
8.183
8.187
8.183
8.183
8.183
8.183
8.183
8.183
8.183
8.183
8.183
8.183
8.183
8.183
8.183
8.183
8.183
8.183
8.183
8.187
8.183
8.183
8.183
8.187
8.183
8.183
8.183
8.183
8.183
8.183
8.183
8.183
5.262
5.298
5.413
5.496
5.618
5.713
5.811
5.8
5.81
5.802
5.808
5.808
5.807
5.797
5.808
5.808
5.809
5.81
5.808
5.695
5.582
5.476
5.368
5.284
5.184
5.091
4.993
4.918
4.843
4.764
4.687
4.619
4.541
4.443
4.423
4.431
4.465
4.478
4.437
4.377
4.307
4.258
4.203
4.152
4.105
4.053
4.004
3.963
3.719
3.631
3.615
3.583
3.549
3.513
3.471
3.437
3.405
3.372
3.338
3.315
3.275
3.258
3.225
3.192
3.175
3.14
3.115
3.09
3.072
3.045
3.02
2.993
2.975
2.949
2.931
2.905
2.889
2.873
2.856
2.833
2.814
2.797
2.781
2.765
2.757
2.732
2.723
2.706
2.689
2.673
2.663
2.647
2.638
2.621
2.612
2.595
2.588
2.579
2.563
2.547
2.539
2.532
2.523
2.506
2.497
2.489
2.484
2.478
2.557
2.6
2.689
2.721
2.823
2.873
2.964
2.952
2.95
2.94
2.933
2.924
2.925
2.907
2.907
2.899
2.89
2.88
2.873
2.863
2.839
2.832
2.826
2.898
3.098
3.09
4.61
4.6
4.593
4.585
4.596
6.419
7.067
7.636
7.673
7.658
7.661
7.656
7.65
7.645
7.644
7.637
7.648
7.635
7.633
7.632
7.643
7.638
6.921
6.215
5.185
4.727
4.624
4.615
4.621
4.628
4.638
4.635
4.644
2.883
2.803
2.803
2.812
2.834
2.835
2.836
2.853
2.854
2.856
2.862
2.877
2.87
2.885
2.886
2.894
2.894
2.906
2.91
2.929
2.927
2.937
2.936
2.955
2.961
2.971
2.981
2.987
2.997
3.006
3.014
3.032
3.035
3.059
3.058
3.084
3.088
3.081
3.041
2.971
2.944
2.882
2.847
2.782
2.755
2.705
2.68
2.635
2.641
2.665
2.665
2.691
2.699
2.718
2.727
2.749
2.757
2.78
2.789
2.823
2.833
2.856
2.873
2.9
2.908
2.945
2.954
2.981
3.001
3.037
3.045
3.084
3.093
3.132
3.146
3.188
3.204
3.239
3.264
3.296
3.322
3.363
3.378
3.573
4.256
4.311
4.346
4.406
4.441
4.466
4.525
4.848
4.881
4.965
5.009
5.09
5.129
5.213
5.257
5.334
5.312
5.267
5.251
5.365
5.424
5.527
5.579
5.613
5.595
5.56
5.542
5.498
5.49
5.457
5.439
5.405
5.403
5.53
5.591
5.748
5.833
5.986
-2.46575 12.989 1.04353
