1 361
5.551
5.514
5.466
5.407
5.337
5.286
5.248
5.243
5.038
4.991
4.945
4.916
4.887
4.862
4.834
4.849
5.198
5.166
5.164
5.172
4.934
4.883
4.865
4.805
4.709
4.662
4.637
4.631
4.609
4.683
4.82
5.024
5.162
5.219
4.747
4.125
4.1
4.081
4.064
4.057
4.039
4.021
4.005
3.988
3.977
3.96
3.951
3.933
3.925
3.908
3.899
3.883
3.885
3.867
3.86
3.84
3.831
3.825
3.816
3.808
3.808
3.799
3.791
3.783
3.774
3.766
3.757
3.749
3.748
3.746
3.741
3.734
3.731
3.723
3.723
3.725
3.715
3.716
3.716
3.71
3.711
3.712
3.711
3.708
3.706
3.704
3.702
3.707
3.709
3.705
3.704
3.71
3.71
3.71
3.712
3.71
3.716
3.718
3.722
3.73
3.728
3.729
3.736
3.737
3.745
3.745
3.753
3.761
3.761
3.77
3.778
3.782
3.793
3.821
4.986
4.985
5.002
5.009
5.028
5.043
5.051
5.067
5.075
5.092
5.1
5.116
5.132
5.151
5.158
5.183
5.199
5.216
5.24
5.257
5.274
5.291
5.318
5.343
5.361
5.385
5.404
5.42
5.445
5.47
5.495
5.522
5.555
5.582
5.608
5.634
5.661
5.697
5.723
5.76
5.786
5.819
5.854
5.889
5.93
5.963
5.996
6.038
6.079
6.12
6.154
6.199
6.243
6.184
6.106
6.05
5.988
5.927
5.869
5.819
5.759
3.005
2.991
2.965
2.939
2.913
2.895
2.87
2.846
2.821
2.803
2.778
2.762
2.745
2.728
2.71
2.693
2.676
2.658
2.641
2.624
2.606
2.589
2.572
2.556
2.549
2.532
2.516
2.499
2.49
2.482
2.467
2.45
2.441
2.433
2.425
2.408
2.399
2.39
2.382
2.365
2.357
2.348
2.339
2.331
2.322
2.314
2.306
2.297
2.297
2.289
2.28
2.272
2.263
2.254
2.254
2.246
2.246
2.237
2.228
2.219
2.219
2.21
2.21
2.209
2.201
2.201
2.191
2.192
2.182
2.183
2.174
2.174
2.174
2.175
2.83
2.851
2.883
2.955
2.985
3.104
3.416
3.421
3.436
3.421
3.465
3.553
3.807
3.981
3.972
3.759
3.954
3.972
3.964
3.472
3.219
3.22
3.214
3.215
3.221
3.165
3.228
3.746
3.919
3.909
3.426
3.298
3.247
3.249
3.664
3.494
3.371
3.235
3.222
3.227
3.242
3.241
3.254
3.26
3.847
3.725
3.599
3.485
3.368
3.262
3.171
3.18
3.189
3.198
3.206
3.205
3.215
3.232
3.241
3.248
3.257
3.274
3.622
3.573
3.533
3.48
3.439
3.406
3.357
3.321
3.334
7.904
7.939
7.973
8.007
8.04
8.085
8.118
8.161
8.183
8.183
8.183
8.183
8.183
8.183
4.926
4.862
4.84
4.814
4.704
4.686
4.669
4.652
4.635
4.62
4.612
4.594
4.577
4.559
4.553
4.545
4.535
4.705
5.331
5.373
5.416
5.468
5.51
5.552
5.605
5.657
5.711
12.2949 6.08091 0.937608
