1 361
1.488
1.48
1.471
1.463
1.454
1.446
1.437
1.43
1.423
1.42
1.41
1.402
1.401
1.392
1.384
1.375
1.374
1.365
1.357
1.357
1.349
1.349
1.339
1.331
1.33
1.321
1.322
1.313
1.313
1.305
1.305
1.306
1.296
1.287
1.287
1.287
1.279
1.279
1.279
1.271
1.271
1.27
1.262
1.262
1.262
1.262
1.262
1.252
1.252
1.253
1.244
1.244
1.244
1.244
1.244
1.237
1.237
1.23
1.232
1.228
1.229
1.232
1.226
1.234
1.226
1.227
1.23
1.231
1.221
1.221
1.221
1.221
1.221
1.231
1.228
1.231
1.228
1.231
1.232
1.232
1.231
1.229
1.229
1.237
1.237
1.237
1.237
1.245
1.244
1.253
1.244
1.253
1.244
1.253
1.253
1.256
1.255
1.263
1.263
1.271
1.271
1.28
1.271
1.28
1.279
1.288
1.287
1.297
1.297
1.307
1.307
1.307
1.315
1.324
1.315
1.333
1.333
1.194
1.227
1.174
1.174
1.184
1.183
1.195
1.195
1.182
1.185
1.219
1.219
1.221
1.22
1.246
1.241
1.44
1.439
1.458
1.458
1.475
1.466
1.493
1.483
1.498
1.508
1.522
1.525
1.54
1.548
1.562
1.567
1.587
1.584
1.613
1.608
1.629
1.631
1.654
1.658
1.68
1.689
1.716
1.715
1.74
1.742
1.777
1.778
1.799
1.808
1.73
1.717
1.681
1.687
1.736
1.745
1.779
1.788
1.888
1.886
1.918
1.935
1.963
1.974
5.513
5.505
5.452
5.442
5.392
5.385
5.335
5.324
5.282
5.272
5.221
5.231
5.18
5.181
5.131
5.131
5.082
5.082
5.048
5.04
4.999
4.998
4.964
4.965
4.932
4.93
4.897
4.895
4.87
4.862
4.844
4.844
4.808
4.81
4.782
4.782
4.819
4.899
5.187
5.254
5.25
5.25
5.226
5.236
5.21
5.209
5.176
5.161
5.289
5.4
6.936
6.929
6.915
6.909
8.183
8.183
8.183
8.183
8.183
8.183
8.183
8.183
8.183
8.183
8.183
8.183
7.017
6.922
5.116
5.078
5.093
5.101
5.103
5.1
5.101
5.108
5.101
5.109
5.103
5.12
5.127
5.127
5.129
5.141
5.14
5.15
5.159
5.161
5.174
5.183
5.098
5.039
4.677
4.674
4.684
4.692
4.704
4.743
4.905
4.951
4.983
4.998
4.986
5.084
5.11
5.097
5.01
4.99
4.854
4.867
4.893
4.904
4.919
4.938
1.714
1.705
1.65
1.647
1.639
1.634
1.62
1.613
1.566
1.56
1.545
1.527
1.526
1.534
1.533
1.533
1.541
1.54
1.54
1.54
1.696
1.728
1.737
1.756
1.754
1.763
1.782
1.788
1.795
1.81
1.826
1.836
1.854
1.861
1.869
1.887
1.894
1.914
1.929
1.946
1.962
1.973
1.991
2.008
2.036
2.045
2.053
2.083
2.103
2.123
2.14
2.162
2.17
2.197
2.219
2.234
1.906
1.893
1.865
1.87
1.896
1.904
1.921
1.946
2.153
2.153
-3.32241 10.5402 0.903339
