1 361
8.183
8.183
8.183
8.183
8.183
7.755
7.663
7.269
7.214
6.914
6.922
6.944
6.93
6.618
6.257
5.862
5.825
5.589
5.557
5.342
5.311
5.115
5.08
4.907
4.879
4.715
4.7
4.543
4.521
4.39
4.363
4.234
4.209
4.122
4.129
4.161
4.162
4.126
4.106
4.008
3.995
3.901
3.881
3.794
3.777
3.7
3.691
3.403
3.36
3.289
3.286
3.218
3.217
3.151
3.144
3.082
3.073
3.021
3.013
2.959
2.949
2.907
2.899
2.849
2.842
2.797
2.791
2.746
2.746
2.71
2.699
2.663
2.663
2.619
2.62
2.588
2.581
2.547
2.547
2.514
2.505
2.473
2.474
2.443
2.444
2.418
2.41
2.385
2.385
2.36
2.359
2.335
2.328
2.303
2.303
2.286
2.285
2.259
2.259
2.245
2.235
2.225
2.215
2.198
2.198
2.191
2.18
2.164
2.164
2.147
2.154
2.138
2.138
2.12
2.12
2.11
2.11
2.085
2.083
2.061
2.061
2.054
2.058
2.16
2.175
2.188
2.188
2.18
2.179
2.171
2.172
2.162
2.163
2.152
2.152
2.144
2.144
2.135
2.136
2.128
2.135
2.13
2.129
2.119
2.129
2.121
2.12
2.111
2.122
2.117
2.119
2.111
2.114
2.112
2.115
2.109
2.109
2.109
2.115
2.114
2.115
2.11
2.121
2.121
2.121
2.121
2.121
2.131
2.129
2.138
2.138
2.145
2.14
1.985
1.992
1.989
1.987
1.995
1.997
2.015
2.017
2.023
2.032
2.032
2.041
2.04
2.05
2.05
2.057
2.058
2.068
2.068
2.077
2.085
2.085
2.095
2.103
2.104
2.112
2.113
2.121
1.549
1.524
1.5
1.508
1.492
1.5
1.484
1.492
1.483
1.483
1.474
1.473
1.465
1.473
1.463
1.465
1.458
1.465
1.456
1.456
1.446
1.455
1.447
1.446
1.446
1.447
1.439
1.447
1.439
1.446
1.443
1.445
1.438
1.439
1.437
1.438
1.437
1.437
1.436
1.443
1.437
1.436
1.436
1.443
1.435
1.444
1.444
1.446
1.442
1.484
2.908
2.926
2.968
2.986
3.005
3.021
3.161
3.332
3.379
3.404
3.461
3.478
3.539
3.562
3.62
3.645
3.719
3.745
3.822
3.853
3.865
3.858
3.823
3.819
3.848
3.904
3.995
4.031
4.132
4.151
4.266
4.301
4.406
4.451
4.575
4.611
4.739
4.784
4.936
4.979
5.151
5.196
5.376
5.425
7.142
7.21
7.473
7.546
7.863
7.873
7.833
7.828
7.798
7.789
7.749
7.75
7.794
7.974
8.183
8.183
8.183
8.183
8.183
8.183
8.183
8.183
8.183
8.183
8.183
8.183
8.183
8.183
8.183
8.183
8.183
8.183
8.191
8.183
8.183
8.183
8.183
8.183
8.183
8.183
8.183
8.183
8.183
8.183
8.183
8.183
8.183
8.183
8.183
8.183
8.183
8.183
8.183
8.183
8.183
8.183
7.855
7.624
7.252
7.26
7.359
7.33
5.393
5.372
5.029
4.938
4.33721 9.17965 1.18045
