1 361
1.336
1.327
1.318
1.318
1.318
1.327
1.336
1.344
1.35
1.343
1.339
1.345
1.344
1.344
1.343
1.352
1.352
1.351
1.351
1.36
1.36
1.36
1.359
1.367
1.367
1.362
1.365
1.376
1.376
1.385
1.385
1.385
1.394
1.394
1.402
1.402
1.402
1.411
1.41
1.411
1.419
1.42
1.42
1.436
1.436
1.445
1.445
1.453
1.462
1.462
1.47
1.47
1.478
1.486
1.495
1.503
1.504
1.512
1.521
1.529
1.537
1.546
1.546
1.554
1.562
1.571
1.579
1.586
1.595
1.613
1.62
1.627
1.635
1.645
1.653
1.668
1.675
1.694
1.702
1.71
1.721
1.736
1.742
1.762
1.77
1.786
1.794
1.812
1.82
1.838
1.858
1.87
1.878
1.904
1.914
1.937
1.946
1.972
1.997
2.006
2.031
2.05
2.065
2.092
2.108
2.14
2.154
2.18
2.206
2.231
2.258
2.29
2.31
2.342
2.375
2.407
2.432
2.467
2.499
2.539
2.57
2.603
2.64
2.69
2.719
2.726
2.769
3.137
3.187
3.25
3.299
3.649
4.26
4.236
4.227
4.21
4.204
4.186
4.187
4.198
4.261
4.193
4.169
4.144
4.135
4.119
4.176
4.356
4.41
4.371
4.378
4.369
4.402
4.444
8.187
4.57
5.779
5.995
6.224
6.501
6.736
7.095
7.367
7.802
8.146
8.183
8.183
8.183
8.183
8.183
8.183
8.183
8.183
8.183
8.183
8.183
8.183
8.183
8.183
8.183
8.183
8.183
8.183
8.183
8.183
8.183
8.183
8.183
8.183
8.183
8.183
8.183
8.183
8.183
8.183
8.183
8.183
8.183
8.183
8.183
8.183
8.183
8.183
8.183
8.183
8.183
8.183
7.826
7.546
7.225
7.083
7.091
7.103
6.612
6.11
5.918
2.319
2.346
2.397
2.445
2.5
2.557
2.616
2.669
2.738
2.797
2.899
2.887
2.898
2.889
2.899
2.891
2.898
2.898
2.906
2.897
2.908
2.908
2.917
2.916
2.922
2.923
2.932
2.932
2.94
2.94
2.951
2.952
2.96
2.961
2.974
2.934
2.899
2.857
2.821
2.788
2.753
2.723
2.696
2.662
2.635
2.61
2.584
2.552
2.528
2.503
2.476
2.444
2.428
2.404
2.389
2.363
2.346
2.321
2.305
2.28
2.262
2.248
2.228
2.212
2.195
2.178
2.167
2.142
2.133
2.119
2.107
2.089
2.08
2.062
2.046
2.035
2.02
2.01
2.005
1.985
1.978
1.96
1.953
1.937
1.937
1.905
1.886
1.877
1.869
1.867
1.906
1.915
1.969
1.995
2
1.992
1.983
1.964
1.957
1.949
1.948
1.939
1.931
1.922
1.915
1.907
1.899
1.899
1.899
1.89
1.881
1.873
1.873
1.865
1.856
1.856
1.849
1.848
1.849
1.84
1.832
1.832
1.823
1.825
1.824
1.815
1.817
1.806
1.807
1.808
1.807
1.801
1.801
1.8
1.801
1.802
1.795
1.795
1.788
1.791
1.795
1.791
1.785
1.789
1.787
0.523529 13.8435 6.11304
