1 361
0.92
0.92
0.929
0.921
0.92
0.929
0.919
0.928
0.928
0.937
0.937
0.935
0.936
0.936
0.936
0.945
0.943
0.952
0.952
0.952
0.951
0.961
0.96
0.969
0.968
0.976
0.968
0.976
0.975
0.983
0.983
0.992
0.992
1.002
1.001
1.002
1.009
1.018
1.018
1.027
1.027
1.033
1.032
1.042
1.041
1.049
1.057
1.067
1.066
1.075
1.083
1.092
1.092
1.1
1.108
1.117
1.116
1.125
1.133
1.143
1.152
1.161
1.161
1.178
1.177
1.194
1.192
1.212
1.219
1.229
1.236
1.246
1.254
1.269
1.279
1.285
1.295
1.311
1.31
1.336
1.336
1.363
1.371
1.389
1.396
1.405
1.421
1.447
1.455
1.48
1.49
1.513
1.527
1.546
1.571
1.594
1.611
1.636
1.661
1.685
1.703
1.737
1.753
1.789
1.813
1.848
1.872
1.906
1.932
1.983
2.009
2.051
2.078
2.132
2.168
2.213
2.253
2.313
2.355
2.411
2.453
2.519
2.577
2.646
2.706
2.789
2.855
2.939
3.006
3.109
3.201
3.339
3.436
3.564
3.675
3.817
3.948
4.123
4.269
4.484
4.65
4.898
5.097
5.371
5.622
5.954
7.488
7.47
7.469
7.461
7.453
7.444
7.445
7.427
7.434
7.427
7.425
7.417
7.419
7.123
7.409
7.369
6.44
6.39
6.39
6.382
6.398
6.389
6.398
6.397
6.406
6.406
6.414
6.414
6.431
6.432
6.439
6.44
6.457
6.456
6.473
6.473
6.491
6.5
6.517
6.517
6.534
6.544
6.561
6.58
6.587
6.596
6.621
6.631
6.886
7.713
7.738
7.755
7.779
7.796
7.821
7.845
7.871
7.896
7.922
7.947
7.973
8
8.034
8.052
8.085
8.119
8.153
8.183
8.183
8.183
8.183
8.183
8.183
8.183
8.183
8.183
8.183
8.183
8.183
8.183
8.183
8.183
8.183
8.183
8.183
8.183
8.183
8.183
8.183
8.183
8.183
8.183
8.183
8.183
8.183
8.183
8.183
8.183
8.183
8.183
8.183
8.183
8.183
8.183
8.183
8.183
8.183
8.183
8.183
8.183
8.183
8.183
8.171
8.183
8.183
8.183
8.183
7.994
7.943
7.882
7.044
6.959
6.919
6.86
6.827
6.782
6.736
6.696
6.661
6.618
6.586
6.542
6.505
6.47
6.437
6.405
6.369
6.353
6.315
6.274
6.26
6.228
6.193
6.173
6.156
6.121
6.095
6.075
6.049
6.024
6.005
5.982
5.96
5.938
5.926
5.901
5.881
5.864
5.838
5.822
5.795
5.782
5.77
5.813
5.998
6.258
6.876
6.859
6.868
6.853
6.843
6.826
6.809
6.793
6.785
6.768
2.224
2.247
2.465
2.602
2.86
3.048
3.366
3.651
4.012
6.682
6.681
6.674
6.674
6.664
6.664
6.656
6.664
6.655
6.656
6.656
6.647
6.647
6.656
6.648
6.657
6.656
6.656
6.664
2.316
2.264
2.223
2.202
2.121
2.117
2.127
2.128
3.745
3.751
3.618
11.0787 10.0925 4.77074
