1 361
1.169
1.168
1.176
1.173
1.171
1.174
1.173
1.178
1.168
1.174
1.173
1.178
1.17
1.177
1.177
1.176
1.176
1.186
1.186
1.186
1.186
1.194
1.195
1.202
1.194
1.202
1.202
1.202
1.202
1.212
1.212
1.221
1.221
1.229
1.221
1.229
1.229
1.239
1.239
1.247
1.247
1.258
1.257
1.265
1.265
1.273
1.273
1.283
1.283
1.299
1.29
1.309
1.309
1.317
1.317
1.326
1.334
1.343
1.343
1.352
1.353
1.371
1.37
1.378
1.378
1.396
1.396
1.413
1.413
1.43
1.431
1.448
1.455
1.472
1.472
1.488
1.488
1.514
1.514
1.53
1.531
1.556
1.556
1.581
1.581
1.597
1.605
1.63
1.629
1.654
1.663
1.688
1.696
1.712
1.721
1.748
1.753
1.779
1.79
1.823
1.83
1.856
1.865
1.899
1.906
1.942
1.95
1.993
2.003
2.035
2.045
2.09
2.099
2.142
2.151
2.202
2.221
2.261
2.28
2.328
2.337
2.403
2.411
2.478
2.495
2.561
2.585
2.655
2.672
2.74
2.773
2.85
2.875
4.41
4.41
4.385
4.376
4.352
4.352
4.32
4.319
4.293
4.295
4.27
4.273
4.246
4.246
4.221
4.222
4.206
4.205
4.189
4.189
4.172
4.171
4.156
4.156
4.139
4.138
4.121
4.13
4.114
4.113
4.096
3.858
3.711
3.697
3.78
4.017
3.037
3.048
3.038
3.038
3.03
3.039
3.031
3.031
3.024
3.03
3.025
3.031
3.023
3.031
3.023
3.03
3.029
3.039
3.029
3.047
3.038
3.047
3.047
3.054
3.054
3.054
3.054
3.064
3.063
3.072
3.071
3.091
3.091
3.098
3.099
3.107
3.107
3.116
3.124
3.133
3.132
3.15
3.151
3.157
3.176
3.183
3.182
3.191
3.2
3.215
3.225
3.232
3.24
3.257
3.265
3.283
3.291
3.306
3.315
3.33
3.336
3.354
3.37
3.387
3.512
4.564
4.59
4.599
4.623
4.64
4.673
4.691
4.718
4.733
4.769
4.787
4.814
4.84
4.873
4.89
4.927
4.952
4.986
5.013
5.054
5.078
5.12
5.143
5.192
5.217
5.268
5.293
5.336
5.363
5.421
5.446
5.506
5.548
5.601
5.637
5.7
5.734
5.795
5.839
5.907
5.95
6.016
6.064
6.14
6.185
6.261
6.304
6.389
6.447
6.534
6.588
6.679
6.741
6.843
6.898
7.006
7.071
7.183
7.24
7.364
7.427
7.55
7.533
7.477
7.459
7.398
7.379
7.327
7.309
6.611
6.507
6.446
6.418
6.371
6.35
6.455
6.546
7.01
6.994
6.275
6.35
6.525
6.428
6.183
6.169
6.16
6.212
6.333
6.743
6.691
6.719
6.311
6.296
6.107
6.091
6.079
6.07
6.108
6.187
6.56
5.945
5.916
5.923
5.501
5.372
5.329
5.33
5.312
5.312
5.294
5.294
5.286
5.286
5.268
5.269
5.259
5.26
5.254
5.254
5.248
5.247
5.237
5.248
5.239
5.238
5.239
5.239
11.1472 6.32789 4.72446
