1 361
5.052
4.999
4.959
4.912
4.888
4.848
4.828
4.846
5.094
5.137
5.123
4.939
4.864
4.837
4.694
4.571
4.546
4.505
4.488
4.458
4.455
4.541
4.919
4.714
4.922
4.776
4.08
4.065
4.048
4.022
4.006
3.988
3.978
3.951
3.934
3.915
3.907
3.888
3.88
3.861
3.853
3.832
3.82
3.803
3.795
3.785
3.778
3.752
3.752
3.736
3.731
3.713
3.713
3.696
3.696
3.678
3.67
3.662
3.663
3.655
3.642
3.634
3.634
3.628
3.623
3.614
3.613
3.603
3.604
3.594
3.596
3.597
3.597
3.59
3.59
3.587
3.579
3.581
3.584
3.577
3.577
3.576
3.579
3.577
3.577
3.573
3.573
3.577
3.574
3.581
3.589
3.579
3.588
3.587
3.594
3.587
3.594
3.593
3.593
3.601
3.61
3.608
3.608
3.617
3.625
3.624
3.997
4.811
4.821
4.829
4.838
4.847
4.864
4.872
4.881
4.889
4.905
4.914
4.932
4.941
4.959
4.966
4.985
4.992
5.017
5.025
5.05
5.058
5.074
5.091
5.117
5.133
5.157
5.174
5.196
5.215
5.24
5.256
5.282
5.3
5.334
5.352
5.385
5.402
5.437
5.453
5.486
5.513
5.547
5.572
5.606
5.633
5.66
5.696
5.731
5.765
5.801
5.835
5.879
5.913
5.956
5.987
6.032
5.963
5.9
5.833
5.783
5.714
5.659
5.606
2.782
2.785
2.767
2.735
2.717
2.692
2.675
2.648
2.631
2.613
2.597
2.572
2.555
2.531
2.523
2.498
2.482
2.457
2.449
2.432
2.423
2.407
2.39
2.373
2.365
2.348
2.331
2.322
2.313
2.297
2.289
2.272
2.263
2.254
2.246
2.228
2.219
2.21
2.201
2.192
2.183
2.173
2.165
2.156
2.147
2.138
2.129
2.12
2.12
2.111
2.102
2.093
2.093
2.076
2.076
2.067
2.067
2.058
2.058
2.049
2.05
2.041
2.041
2.032
2.032
2.023
2.023
2.013
2.013
2.006
2.006
2.006
2.006
1.997
1.997
1.987
1.988
1.979
1.979
1.98
1.981
1.978
2.549
2.571
2.628
2.675
2.792
2.993
3.217
3.187
3.227
3.277
3.265
3.778
3.787
3.608
3.745
3.737
3.737
3.704
3.136
3.045
3.052
3.039
3.055
3.049
3.023
3.047
3.64
3.727
3.303
3.175
3.106
3.081
3.07
3.078
3.357
3.262
3.137
3.086
3.088
3.088
3.101
3.101
3.118
3.124
3.602
3.524
3.414
3.33
3.232
3.165
3.07
3.048
3.057
3.065
3.084
3.083
3.101
3.111
3.119
3.127
3.145
3.154
3.178
3.473
3.434
3.4
3.364
3.328
3.292
3.258
3.22
3.255
7.971
8.005
8.04
8.086
8.126
8.161
8.183
8.183
8.183
8.183
8.183
8.183
4.846
4.797
4.77
4.755
4.644
4.635
4.611
4.602
4.585
4.568
4.553
4.546
4.538
4.53
4.513
4.505
4.496
4.489
5.322
5.356
5.406
5.457
5.509
5.561
5.613
12.4831 6.35492 0.967872
