1 361
1.055
1.056
1.057
1.048
1.047
1.046
1.046
1.039
1.039
1.048
1.04
1.045
1.041
1.037
1.02
1.043
1.038
1.02
1.043
1.04
1.042
1.038
1.045
1.043
1.043
1.043
1.05
1.052
1.051
1.049
1.051
1.06
1.059
1.05
1.051
1.06
1.059
1.067
1.06
1.067
1.076
1.075
1.076
1.083
1.084
1.092
1.085
1.091
1.092
1.101
1.101
1.11
1.114
1.108
1.108
1.048
1.045
0.997
1.008
0.959
0.96
0.963
0.964
0.972
0.973
0.979
0.98
0.988
0.996
1.02
1.028
1.028
1.036
1.044
1.043
1.052
1.06
1.069
1.069
1.078
1.077
1.085
1.094
1.096
1.104
1.111
1.12
1.128
1.129
1.137
1.145
1.153
1.161
1.169
1.18
1.187
1.196
1.205
1.215
1.22
1.227
1.239
1.249
1.256
1.265
1.274
1.283
1.301
1.308
1.327
1.336
1.343
1.352
1.377
1.384
1.402
1.41
1.435
1.437
1.47
1.479
1.495
1.512
1.528
1.544
1.56
1.585
1.611
1.626
1.651
1.666
1.701
1.709
1.744
1.768
1.795
1.819
1.849
1.867
1.902
1.935
1.977
2.004
2.04
2.074
2.118
2.151
2.199
2.231
2.29
2.321
2.384
2.43
2.495
2.548
2.57
2.652
3.154
3.235
3.338
3.422
3.526
3.519
3.502
3.501
3.485
3.489
3.681
3.785
3.935
3.966
3.925
3.917
3.891
3.881
3.856
3.838
3.811
3.802
3.776
3.768
3.744
3.732
3.711
3.71
3.676
3.672
3.706
3.742
3.774
3.809
3.854
3.889
3.924
3.969
4.002
4.038
4.08
4.116
8.183
8.183
8.183
8.183
8.183
8.183
8.183
8.183
8.183
8.183
8.183
8.183
8.183
8.183
8.183
8.183
8.183
8.183
8.183
8.183
8.183
8.183
8.183
8.183
8.183
8.183
8.174
7.944
7.662
7.463
7.21
7.036
6.817
6.662
6.47
6.331
6.161
6.034
5.869
5.766
5.61
5.517
5.378
5.279
5.166
5.069
4.96
4.885
4.773
4.71
4.615
4.552
4.416
4.393
4.41
4.436
4.456
4.402
4.323
4.275
4.201
4.151
4.085
4.033
3.983
4.027
8.183
8.183
8.183
8.183
8.183
8.183
8.183
8.183
8.183
8.183
7.478
3.187
3.147
3.134
3.111
2.731
2.668
2.644
2.614
2.599
2.589
2.577
2.571
2.567
2.555
2.569
2.56
2.584
2.579
2.594
2.607
2.639
2.656
2.668
2.649
2.629
2.613
2.599
2.579
2.562
2.548
2.532
2.514
2.507
2.484
2.475
2.458
2.442
2.425
2.419
2.401
2.393
2.386
2.379
2.362
2.346
2.345
2.329
2.32
2.31
2.296
2.288
2.279
2.269
2.259
2.25
2.242
2.234
2.223
2.213
2.201
2.197
2.183
2.17
2.159
2.15
2.14
2.13
2.119
2.108
2.098
2.09
2.08
2.069
2.059
2.048
2.04
2.031
2.02
2.019
2.013
2.013
2.006
2
1.993
1.994
7.62714 5.78079 1.78513
