1 361
1.724
1.723
1.726
1.725
1.658
1.613
1.606
1.609
1.61
1.609
1.612
1.611
1.588
1.605
1.477
1.46
1.477
1.477
1.475
1.476
1.503
1.499
1.506
1.503
1.508
1.507
1.506
1.506
1.514
1.513
1.522
1.513
1.522
1.52
1.522
1.522
1.538
1.53
1.537
1.537
1.545
1.546
1.545
1.545
1.553
1.553
1.561
1.561
1.568
1.57
1.579
1.578
1.586
1.586
1.595
1.595
1.602
1.603
1.62
1.62
1.63
1.631
4.635
4.643
4.672
4.68
4.706
4.722
4.749
4.765
4.79
4.802
4.834
4.842
4.885
4.895
4.932
4.951
4.996
5.011
5.046
5.06
5.103
5.121
5.165
5.186
5.235
5.254
5.301
5.32
5.369
5.395
5.442
5.463
5.494
5.513
5.491
5.591
5.69
5.728
5.787
5.811
5.888
5.914
5.979
6.012
6.094
6.13
6.209
6.242
6.32
6.362
6.447
6.492
6.588
6.632
6.727
6.77
6.883
6.925
7.035
7.087
7.202
7.257
7.383
7.434
7.575
3.728
3.684
3.668
3.642
3.631
3.679
3.712
3.799
3.826
3.913
3.947
4.042
4.074
4.165
4.204
4.318
4.363
4.475
4.526
4.644
4.695
4.835
4.888
5.038
5.103
5.273
5.344
5.518
5.597
5.801
5.885
6.08
6.062
6.042
6.029
6.017
5.997
5.981
5.976
5.957
5.943
5.936
5.924
5.908
5.898
5.891
5.881
5.876
5.872
5.863
5.849
5.839
5.841
5.825
5.83
5.824
5.811
5.812
5.8
5.802
5.797
5.79
5.794
5.796
5.789
5.791
5.79
5.784
5.785
5.791
5.792
5.798
5.792
5.674
5.158
4.279
4.012
3.47
3.298
2.902
2.832
2.84
2.839
2.848
2.846
2.846
2.855
2.865
2.862
2.875
2.878
2.887
2.879
2.897
2.888
2.913
2.904
2.922
2.914
2.931
2.932
2.949
2.94
2.957
2.966
2.974
2.976
2.992
2.992
3.01
3.018
3.028
3.036
3.055
3.054
3.071
3.071
3.098
3.098
3.123
3.123
3.14
3.149
3.175
3.17
3.106
3.08
3.019
2.992
2.929
2.903
2.843
2.817
2.76
2.752
2.694
2.667
2.623
2.606
2.563
2.547
2.499
2.482
2.442
2.423
2.391
2.375
2.342
2.324
2.292
2.284
2.249
2.241
2.207
2.198
2.161
2.154
2.126
2.118
2.092
2.084
2.056
2.048
2.022
2.015
1.988
1.987
1.962
1.955
1.93
1.92
1.903
1.904
1.879
1.869
1.853
1.854
1.828
1.83
1.813
1.803
1.786
1.787
1.769
1.77
1.744
1.745
1.727
1.727
1.712
1.719
1.693
1.702
1.685
1.685
1.668
1.668
1.652
1.652
1.644
1.644
1.627
1.627
1.619
1.612
1.603
1.602
1.595
1.595
1.579
1.578
1.57
1.572
1.563
1.563
1.555
1.56
1.546
1.547
1.538
1.538
1.538
1.538
1.53
1.532
1.524
1.525
1.516
1.515
1.517
1.516
1.516
1.517
1.509
-2.64656 11.4254 4.16902
