1 361
0.752
0.753
0.763
0.762
0.77
0.77
0.774
0.775
0.778
0.78
0.788
0.781
0.791
0.782
0.788
0.865
0.874
0.875
0.87
0.857
0.859
0.86
0.87
0.87
0.874
0.862
0.857
0.867
0.866
0.867
0.875
0.873
0.874
0.875
0.883
0.885
0.892
0.892
0.9
0.9
0.909
0.91
0.916
0.911
7.536
7.555
7.573
7.558
6.598
6.533
6.414
6.34
6.236
6.176
6.076
6.016
5.919
5.861
5.775
5.725
5.639
5.594
5.517
5.466
5.388
5.353
5.279
5.229
5.176
5.137
5.045
5.012
5.065
5.104
5.085
5.045
4.987
4.946
4.897
4.864
4.813
4.789
4.744
4.708
4.675
4.64
4.607
4.388
4.35
4.343
4.314
4.29
4.248
4.223
4.191
4.175
4.141
4.124
4.091
4.065
4.051
4.023
3.996
3.98
3.962
3.934
3.919
3.892
3.874
3.867
3.841
3.821
3.804
3.794
3.777
3.761
3.745
3.727
3.709
3.694
3.685
3.668
3.651
3.643
3.634
3.619
3.611
3.602
3.594
3.575
3.565
3.55
3.551
3.531
3.533
3.515
3.514
3.498
3.495
3.476
3.467
3.454
3.608
3.593
3.591
3.591
3.582
3.574
3.565
3.566
3.566
3.557
3.549
3.549
3.547
3.539
3.539
3.539
3.539
3.532
3.531
3.523
3.534
3.528
3.534
3.518
3.517
3.524
3.533
3.526
3.536
3.524
3.373
3.371
3.389
3.397
3.404
3.403
3.41
3.409
3.417
3.419
3.416
3.423
3.432
3.433
3.441
3.439
3.447
3.447
3.464
3.456
3.472
3.474
3.489
3.489
3.507
3.507
3.517
3.515
3.533
3.541
3.551
3.557
3.577
3.576
3.599
3.602
3.617
3.618
3.635
3.642
3.662
3.668
3.692
3.701
3.718
3.726
3.752
3.76
3.777
3.794
3.812
3.821
3.848
3.856
3.882
3.891
3.928
3.935
3.97
3.98
4.009
4.005
4.032
4.174
4.261
4.283
4.318
4.337
4.37
4.39
4.43
4.448
4.497
4.504
4.553
4.572
4.619
4.639
4.698
4.714
4.652
4.628
4.635
4.671
4.742
4.769
4.829
4.848
4.906
4.935
4.997
5.03
5.098
5.12
5.201
5.228
5.303
5.335
5.417
5.451
5.541
5.569
5.665
5.71
5.803
5.845
5.953
6.003
0.776
0.776
0.768
0.768
0.761
0.761
0.753
0.754
0.754
0.745
0.744
0.747
0.738
0.739
0.727
0.729
0.721
0.72
0.722
0.716
0.721
0.718
0.728
0.736
0.724
0.723
0.718
0.721
0.734
0.734
0.731
0.741
0.739
0.739
0.799
0.799
0.698
0.703
0.7
0.707
0.688
0.695
0.667
0.657
0.67
0.677
0.68
0.679
0.679
0.68
0.686
0.687
0.686
0.687
0.695
0.695
0.695
0.695
0.704
0.704
0.712
0.714
0.719
0.72
0.728
0.728
0.737
0.736
0.744
0.743
0.753
0.752
0.761
0.76
0.768
0.777
0.776
0.776
0.784
0.793
0.794
4.97958 2.65793 0.193601
