1 361
1.383
1.355
1.348
1.322
1.303
1.278
1.269
1.243
1.235
1.212
1.203
1.173
1.172
1.147
1.138
1.119
1.111
1.094
1.086
1.068
1.059
1.045
1.039
1.019
1.019
1.002
0.994
0.976
0.976
0.96
0.961
0.945
0.945
0.929
0.93
0.912
0.914
0.867
0.868
0.85
0.86
0.843
0.842
0.833
0.825
0.826
0.834
0.844
0.853
0.869
0.869
0.886
0.895
0.905
0.911
0.931
0.928
0.976
1.041
1.032
1.034
1.046
1.056
1.051
1.053
1.058
1.063
2.665
2.743
3.243
3.513
3.565
3.64
3.712
3.759
3.819
3.967
4.041
4.063
4.067
3.642
3.615
3.659
3.689
3.753
8.187
5.517
5.748
6.387
6.37
6.354
6.337
6.329
6.5
7.569
7.62
7.757
2.369
2.4
2.465
2.568
2.635
2.771
2.855
3.001
3.105
3.286
3.409
3.671
3.857
4.218
4.436
4.907
5.238
5.987
6.434
7.414
8.02
8.183
8.183
8.183
8.183
8.183
8.183
8.183
8.183
8.183
8.183
8.183
8.183
8.183
8.183
8.183
8.183
8.183
8.183
8.183
8.183
8.183
8.183
8.183
8.183
8.183
8.183
8.183
8.183
8.183
8.183
8.183
8.183
8.183
8.183
8.183
8.183
8.183
8.183
8.183
8.183
8.183
8.183
8.183
8.183
8.183
8.183
8.183
8.183
8.183
8.183
8.183
8.183
1.868
1.851
1.818
1.801
1.776
1.759
1.732
1.716
1.691
1.672
1.657
1.639
1.625
1.607
1.592
1.575
1.559
1.543
1.526
1.517
1.501
1.493
1.476
1.459
1.451
1.443
1.426
1.417
1.409
1.392
1.384
1.374
1.356
1.357
1.34
1.33
1.332
1.313
1.305
1.305
1.296
1.287
1.279
1.27
1.262
1.251
1.251
1.245
1.285
1.274
1.28
1.287
1.333
1.316
1.245
1.228
1.202
1.195
1.185
1.176
1.168
1.159
1.16
1.15
1.149
1.141
1.137
1.128
1.159
1.149
1.185
1.185
1.237
1.236
1.27
1.279
1.313
1.312
1.355
1.356
1.398
1.398
1.456
1.447
1.506
1.506
1.556
1.562
1.621
1.628
1.694
1.703
1.765
1.781
1.848
1.855
1.936
1.946
2.041
2.05
2.15
2.165
2.269
2.291
2.413
2.437
2.582
2.619
2.77
2.814
2.992
3.038
3.237
3.284
3.524
3.602
3.889
3.997
4.381
4.478
4.97
5.144
5.459
6.966
6.964
7.043
8.187
8.187
7.087
7.065
7.065
7.069
7.059
7.058
7.052
7.056
7.06
7.052
7.053
7.052
7.06
7.059
7.063
7.067
7.075
7.075
7.087
7.084
7.075
7.085
8.183
8.183
7.129
7.132
7.149
7.161
7.169
7.185
7.195
7.207
7.217
7.233
7.257
7.267
7.291
7.301
7.319
7.327
7.359
7.373
7.553
7.415
7.297
7.166
7.191
7.2
7.239
7.214
6.314
6.255
6.062
5.995
5.822
5.766
5.597
5.549
5.382
5.343
5.201
5.157
5.028
10.7754 12.5998 5.02754
