1 361
1.109
1.109
1.1
1.1
1.1
1.092
1.092
1.091
1.084
1.084
1.083
1.083
1.083
1.073
1.074
1.073
1.073
1.074
1.065
1.065
1.065
1.065
1.057
1.057
1.058
1.059
1.062
1.055
1.059
1.056
1.065
1.065
1.063
1.055
1.046
1.038
1.038
1.046
1.046
1.055
1.063
1.058
1.061
1.056
1.062
1.068
1.066
1.066
1.065
1.065
1.073
1.064
1.073
1.073
1.073
1.073
1.082
1.082
1.082
1.082
1.09
1.09
1.087
1.09
1.099
1.098
1.108
1.107
1.108
1.107
1.115
1.115
1.123
1.114
1.123
1.122
1.132
1.132
1.14
1.15
1.15
1.151
1.153
1.157
1.166
1.166
1.175
1.175
1.184
1.184
1.192
1.202
1.202
1.209
1.219
1.218
1.226
1.235
1.243
1.246
1.252
1.26
1.269
1.278
1.279
1.286
1.297
1.304
1.312
1.323
1.331
1.34
1.349
1.358
1.362
1.373
1.391
1.397
1.406
1.415
1.433
1.442
1.451
1.465
1.474
1.497
1.498
1.515
1.523
1.539
1.556
1.573
1.585
5.167
5.221
5.26
5.339
5.391
5.46
5.521
5.579
5.632
5.704
5.763
5.843
3.084
3.057
3.015
3.006
2.98
2.97
2.953
2.97
3.015
3.088
3.124
3.173
3.224
3.275
3.326
3.389
3.439
3.508
3.568
3.626
3.688
3.773
3.808
3.795
3.777
3.769
3.755
3.743
3.726
3.717
3.701
3.692
3.686
3.675
3.658
3.649
3.642
3.631
3.728
3.928
4.096
4.287
4.293
4.396
4.546
4.735
7.197
7.177
7.169
7.152
7.147
7.14
7.118
7.115
7.303
7.791
8.183
8.183
8.183
8.183
8.183
8.187
8.183
8.183
8.187
8.183
8.183
8.187
8.191
8.191
8.187
8.191
8.191
6.828
6.82
6.819
6.803
6.812
6.795
6.795
6.787
6.786
6.788
6.786
6.787
6.778
6.788
6.779
6.788
6.796
6.795
6.796
6.794
6.802
6.802
6.811
6.811
6.818
6.819
6.834
6.835
6.843
6.859
6.9
6.777
6.58
6.414
6.235
6.091
5.909
5.778
5.622
5.502
5.364
5.261
5.143
5.046
4.92
4.836
4.736
4.661
4.566
4.492
4.404
4.344
4.253
4.188
4.125
4.061
3.985
3.941
3.869
3.766
3.72
3.728
3.755
3.772
3.869
3.853
3.951
5.388
5.49
5.516
5.548
5.585
5.623
5.658
5.658
5.6
5.642
5.673
5.61
5.589
5.665
5.703
5.756
5.794
5.841
5.884
5.944
5.983
6.02
8.183
8.183
8.183
8.183
8.183
8.183
8.183
8.183
8.183
8.183
8.183
8.183
8.183
8.183
8.183
8.183
8.183
2.342
2.335
2.309
2.311
2.307
2.296
2.283
2.281
2.264
2.254
2.239
2.23
2.223
2.214
2.205
2.196
2.179
2.173
2.164
2.153
2.155
2.138
2.129
2.12
2.111
2.103
2.095
2.095
2.085
2.077
2.068
2.07
2.06
2.052
2.043
2.035
2.034
1.8937 12.5653 2.28776
