1 361
5.453
5.363
5.32
5.251
5.149
5.095
4.94
4.872
4.796
4.746
4.697
4.669
4.633
4.648
4.77
4.724
4.76
4.666
4.607
4.37
4.291
4.249
4.208
4.177
4.15
4.136
4.348
4.426
4.271
3.76
3.735
3.711
3.683
3.65
3.621
3.599
3.572
3.556
3.527
3.503
3.485
3.459
3.444
3.426
3.405
3.38
3.373
3.349
3.334
3.315
3.292
3.286
3.269
3.254
3.238
3.219
3.211
3.195
3.186
3.168
3.16
3.143
3.129
3.121
3.113
3.096
3.089
3.074
3.073
3.056
3.053
3.039
3.031
3.022
3.024
3.003
3.004
2.995
2.988
2.981
2.978
2.97
2.965
2.951
2.954
2.938
2.947
2.929
2.935
2.921
2.927
2.918
2.92
2.909
2.91
2.908
2.908
2.895
2.904
2.891
2.891
2.883
2.892
2.883
2.884
2.876
2.884
2.876
2.883
2.876
2.876
2.875
2.876
2.875
2.876
2.876
2.883
2.875
2.89
2.874
4.045
4.036
4.044
4.044
4.053
4.053
4.071
4.062
4.07
4.07
4.087
4.087
4.096
4.096
4.111
4.113
4.139
4.13
4.154
4.147
4.173
4.171
4.19
4.189
4.213
4.213
4.23
4.238
4.264
4.263
4.287
4.286
4.313
4.319
4.346
4.346
4.378
4.377
4.413
4.411
4.447
4.454
4.48
4.489
4.515
4.522
4.556
4.567
4.6
4.608
4.651
4.659
4.694
4.711
4.746
4.755
4.799
4.808
4.852
4.859
4.911
4.92
4.972
4.98
5.031
5.046
5.097
5.113
5.17
5.188
5.16
5.127
5.05
5.02
4.959
4.918
4.858
4.825
4.774
4.739
4.697
4.659
4.618
4.583
1.99
2.001
1.969
1.951
1.935
1.926
1.917
1.901
1.883
1.875
1.858
1.849
1.84
1.832
1.814
1.805
1.797
1.789
1.771
1.763
1.754
1.746
1.736
1.728
1.72
1.711
1.703
1.694
1.686
1.686
1.677
1.669
1.661
1.652
1.652
1.636
1.636
1.627
1.619
1.61
1.61
1.602
1.602
1.594
1.585
1.585
1.577
1.569
1.569
1.569
1.56
1.56
1.552
1.552
1.553
1.544
1.544
1.536
1.536
1.536
1.527
1.529
1.527
1.519
1.518
1.52
1.519
1.512
1.52
1.513
1.513
1.504
1.507
1.508
1.51
1.503
1.507
1.5
1.503
1.505
1.509
1.502
1.502
1.502
1.509
1.507
1.513
1.501
1.507
1.506
1.51
1.51
1.506
1.506
1.513
1.513
1.51
1.518
1.518
1.518
1.518
1.518
1.526
1.527
1.526
1.527
1.534
1.534
1.542
1.542
1.551
1.542
1.551
1.551
1.559
1.559
1.568
1.568
1.576
1.576
1.64
1.873
2.748
2.742
2.747
2.755
2.764
2.765
2.775
2.781
2.781
2.808
2.796
2.794
2.81
2.817
2.841
2.85
2.917
2.944
2.879
2.887
2.87
2.88
2.873
2.892
2.888
2.897
2.914
2.924
2.92
2.931
2.943
2.966
3.008
2.999
2.971
13.0918 7.06571 0.705288
