1 361
6.185
6.204
6.239
6.265
6.298
6.323
6.35
6.383
6.399
5.468
5.398
5.331
5.229
5.176
5.097
4.985
4.907
4.726
4.636
4.567
4.521
4.48
4.44
4.473
4.552
4.524
4.487
4.454
4.35
4.112
4.054
4.005
3.973
3.937
3.905
3.926
4.134
3.558
3.497
3.471
3.439
3.404
3.38
3.346
3.323
3.299
3.274
3.25
3.224
3.191
3.174
3.147
3.132
3.111
3.092
3.064
3.048
3.032
3.004
2.988
2.979
2.953
2.936
2.918
2.91
2.892
2.875
2.858
2.84
2.824
2.816
2.799
2.794
2.772
2.762
2.747
2.738
2.731
2.714
2.71
2.701
2.679
2.685
2.666
2.659
2.645
2.638
2.636
2.627
2.614
2.616
2.594
2.591
2.585
2.583
2.577
2.566
2.559
2.55
2.55
2.543
2.535
2.533
2.525
2.524
2.516
2.511
2.507
2.506
2.498
2.498
2.498
2.489
2.482
2.481
2.479
2.476
2.474
2.471
2.461
2.469
2.457
2.46
2.448
2.458
2.456
2.453
2.454
2.449
2.451
2.45
2.451
2.451
2.451
2.451
2.467
3.606
3.606
3.606
3.607
3.615
3.616
3.624
3.624
3.625
3.633
3.633
3.633
3.642
3.641
3.658
3.658
3.667
3.666
3.683
3.684
3.701
3.701
3.71
3.719
3.726
3.736
3.744
3.762
3.769
3.777
3.795
3.795
3.813
3.822
3.839
3.847
3.866
3.875
3.892
3.901
3.919
3.928
3.945
3.954
3.981
3.99
4.016
4.025
4.042
4.06
4.085
4.102
4.12
4.136
4.16
4.176
4.203
4.219
4.251
4.266
4.301
4.315
4.35
4.366
4.4
4.416
4.459
4.476
4.513
4.529
4.571
4.595
4.629
4.654
4.697
4.724
4.768
4.794
4.814
4.762
4.717
4.683
4.63
4.596
4.547
4.513
4.461
4.437
4.397
4.372
4.332
4.306
4.275
4.231
4.208
4.175
4.141
4.123
4.084
4.06
4.037
4.011
3.984
3.959
3.94
1.65
1.641
1.634
1.625
1.617
1.608
1.6
1.584
1.584
1.568
1.559
1.559
1.55
1.551
1.542
1.542
1.526
1.517
1.517
1.509
1.509
1.5
1.501
1.492
1.484
1.484
1.476
1.467
1.467
1.466
1.459
1.45
1.45
1.45
1.441
1.441
1.433
1.433
1.424
1.424
1.424
1.424
1.415
1.415
1.415
1.407
1.407
1.407
1.407
1.399
1.407
1.4
1.401
1.401
1.393
1.395
1.388
1.389
1.392
1.394
1.397
1.39
1.394
1.395
1.397
1.389
1.388
1.395
1.394
1.39
1.398
1.394
1.399
1.389
1.387
1.393
1.401
1.4
1.399
1.4
1.398
1.398
1.407
1.407
1.407
1.415
1.415
1.414
1.414
1.423
1.423
1.423
1.423
1.432
1.432
1.44
1.44
1.44
1.441
1.449
1.458
1.458
1.459
1.466
1.466
1.476
1.476
1.483
1.493
1.5
1.501
1.51
1.518
1.518
1.526
1.534
1.535
1.543
1.552
1.559
13.4169 7.30189 0.565539
