1 361
1.958
1.924
1.914
1.871
1.872
1.839
1.838
1.803
1.795
1.767
1.769
1.739
1.736
1.706
1.696
1.681
1.671
1.647
1.646
1.621
1.621
1.599
1.59
1.572
1.572
1.547
1.548
1.532
1.524
1.509
1.508
1.491
1.492
1.473
1.477
1.459
1.449
1.442
1.432
1.424
1.416
1.409
1.407
1.39
1.399
1.381
1.382
1.374
1.364
1.357
1.357
1.34
1.349
1.33
1.331
1.322
1.322
1.313
1.313
1.305
1.305
1.296
1.296
1.287
1.279
1.279
1.279
1.271
1.27
1.262
1.262
1.263
1.252
1.252
1.252
1.244
1.243
1.236
1.236
1.236
1.235
1.226
1.225
1.226
1.226
1.226
1.217
1.218
1.218
1.218
1.218
1.219
1.219
1.209
1.209
1.211
1.202
1.208
1.2
1.202
1.21
1.198
1.199
1.206
1.205
1.206
1.206
1.2
1.2
1.209
1.198
1.2
1.199
1.202
1.211
1.21
1.21
1.209
1.219
1.219
1.211
1.219
1.219
1.227
1.219
1.227
1.227
1.227
1.227
1.237
1.237
1.237
1.237
1.245
1.245
1.245
1.254
1.255
1.25
1.264
1.264
1.272
1.272
1.272
1.272
1.281
1.281
1.289
1.289
1.298
1.298
1.308
1.308
1.316
1.316
1.325
1.334
1.343
1.343
1.352
1.352
1.361
1.369
1.378
1.378
1.387
1.396
1.404
1.404
1.422
1.423
1.439
1.438
1.456
1.455
1.387
1.464
1.291
1.291
1.309
1.309
1.327
1.329
1.352
1.348
1.357
1.364
1.466
1.399
1.617
1.612
1.643
1.641
1.672
1.67
1.698
1.698
1.716
1.724
1.758
1.758
1.791
1.791
1.832
1.826
1.865
1.864
1.905
1.905
1.949
1.95
1.993
2.002
1.93
1.938
1.892
1.9
1.944
1.951
2.056
2.057
2.131
2.131
2.188
2.195
5.554
5.564
5.505
5.505
5.453
5.454
5.403
5.403
5.36
5.359
5.317
5.317
5.273
5.282
5.232
5.238
5.197
5.206
5.165
5.173
5.131
5.138
5.106
5.107
5.073
5.082
5.048
5.049
5.024
5.036
5.347
5.397
5.516
5.524
5.497
5.5
5.472
5.473
5.44
5.437
5.615
5.678
7.193
7.197
7.203
8.183
8.183
8.183
8.183
8.183
8.183
8.183
8.183
8.183
8.183
8.183
8.183
8.183
7.183
7.192
5.356
5.364
5.37
5.377
5.382
5.387
5.375
5.391
5.388
5.393
5.397
5.406
5.4
5.42
5.415
5.423
5.44
5.444
5.448
5.457
5.356
5.313
4.939
4.949
4.967
4.968
5.005
5.023
5.023
5.031
5.034
5.042
5.055
5.063
5.066
5.085
5.1
5.111
5.149
5.158
1.96
1.95
1.905
1.91
1.874
1.888
1.82
1.817
1.786
1.782
1.79
1.789
1.789
1.797
1.796
1.79
1.832
1.964
1.975
1.985
2.002
2.002
2.021
2.038
2.038
2.045
2.067
2.066
2.089
2.101
2.11
2.119
2.136
2.158
2.167
2.174
-3.47503 10.3952 0.595803
