1 361
1.041
1.049
1.041
1.044
1.039
1.051
1.04
1.045
1.018
1.046
1.041
1.054
1.037
1.049
1.047
1.042
1.04
1.039
1.046
1.045
1.045
1.049
1.053
1.045
1.045
0.964
0.981
0.898
0.906
0.906
0.906
0.905
0.904
0.907
0.906
0.913
0.91
0.936
0.936
0.945
0.944
0.944
0.944
0.944
0.952
0.953
0.962
0.962
0.962
0.962
0.961
0.969
0.968
0.978
0.978
0.98
0.988
0.986
0.995
0.995
1.003
1.003
1.003
1.012
1.02
1.02
1.029
1.029
1.029
1.037
1.044
1.053
1.053
1.061
1.061
1.072
1.074
1.086
1.086
1.094
1.103
1.111
1.119
1.12
1.128
1.137
1.146
1.154
1.163
1.172
1.171
1.18
1.188
1.205
1.203
1.213
1.231
1.239
1.248
1.257
1.264
1.283
1.289
1.308
1.317
1.324
1.338
1.351
1.36
1.376
1.395
1.404
1.421
1.436
1.446
1.47
1.479
1.502
1.521
1.535
1.553
1.568
1.585
1.611
1.635
1.652
1.675
1.7
1.717
1.751
1.77
1.805
1.826
1.852
1.886
1.92
1.945
1.981
2.013
2.056
2.083
2.127
2.164
2.215
2.256
2.313
2.33
2.367
2.493
2.897
2.946
3.043
3.104
3.198
3.276
3.285
3.285
3.27
3.269
3.253
3.309
3.471
3.572
3.71
3.73
3.69
3.683
3.658
3.64
3.617
3.609
3.582
3.574
3.549
3.547
3.515
3.505
3.487
3.479
3.454
3.445
3.433
3.466
3.503
3.526
3.562
3.598
3.63
3.663
3.698
3.741
3.774
3.818
3.853
3.891
8.183
8.183
8.183
8.183
8.183
8.183
8.183
8.183
8.183
8.183
8.183
8.183
8.183
8.183
8.183
8.183
8.183
8.183
8.183
8.183
8.183
8.183
8.183
8.183
8.183
8.183
8.081
7.861
7.588
7.394
7.15
6.969
6.766
6.604
6.413
6.277
6.108
5.978
5.83
5.708
5.576
5.475
5.346
5.247
5.125
5.036
4.938
4.852
4.758
4.679
4.6
4.523
4.443
4.385
4.299
4.191
4.177
4.207
4.225
4.254
4.175
4.135
4.069
4.019
3.957
3.914
3.862
3.818
3.788
8.183
8.183
8.183
8.183
8.183
8.183
8.183
8.183
8.183
7.3
8.183
8.183
8.183
8.183
3.003
2.968
2.961
2.936
2.879
2.554
2.501
2.477
2.454
2.445
2.436
2.42
2.415
2.402
2.41
2.406
2.413
2.407
2.424
2.415
2.442
2.447
2.48
2.503
2.521
2.516
2.5
2.482
2.467
2.455
2.445
2.426
2.419
2.401
2.395
2.385
2.37
2.362
2.352
2.336
2.329
2.321
2.305
2.296
2.288
2.28
2.273
2.261
2.253
2.245
2.235
2.236
2.218
2.218
2.21
2.2
2.2
2.18
2.18
2.168
2.159
2.148
2.148
2.139
2.128
2.116
2.107
2.096
2.096
2.074
2.075
2.055
2.045
2.045
2.043
2.022
2.029
2.014
2.013
1.996
1.997
1.99
1.99
7.56541 6.04209 1.81851
