1 361
0.639
0.64
0.64
0.643
0.635
0.637
0.635
0.64
0.634
0.619
0.619
0.63
0.628
0.639
0.635
0.64
0.637
0.64
0.638
0.637
0.636
0.693
0.7
1.09
1.089
1.094
1.086
1.073
1.058
1.053
1.049
1.498
1.545
1.777
1.883
2.144
2.255
2.589
2.663
4.3
4.762
6.335
6.326
8.026
8.183
8.183
8.183
8.183
8.183
8.183
8.183
8.183
8.183
8.183
8.183
8.183
8.183
8.183
8.183
8.187
8.187
8.191
8.191
8.191
8.191
8.187
8.191
8.187
8.187
8.187
8.187
8.183
8.183
8.183
8.183
8.183
8.183
8.183
8.183
8.183
8.183
8.183
8.183
8.183
8.183
8.183
8.116
7.846
7.736
7.491
7.383
7.168
7.074
6.838
6.845
6.873
6.875
6.685
6.599
6.435
6.122
5.915
5.85
5.721
5.658
5.536
5.474
5.36
5.309
5.204
5.154
5.05
5.007
4.921
4.867
4.791
4.75
4.671
4.633
4.551
4.518
4.45
4.415
4.347
4.317
4.214
4.239
4.277
4.301
4.285
4.26
4.196
4.174
4.117
4.092
4.033
4.016
3.975
3.95
3.909
3.88
3.838
3.821
3.777
3.563
3.521
3.511
3.487
3.479
3.437
3.42
3.388
3.371
3.339
3.324
3.297
3.284
3.258
3.242
3.216
3.208
3.183
3.168
3.141
3.131
3.106
3.108
3.082
3.075
3.046
3.037
3.018
3.02
2.994
2.985
2.968
2.96
2.942
2.941
2.915
2.916
2.899
2.891
2.873
2.873
2.856
2.848
2.829
2.83
2.814
2.813
2.796
2.798
2.789
2.781
2.772
2.772
2.756
2.756
2.746
2.738
2.731
2.731
2.721
2.722
2.712
2.714
2.704
2.704
2.695
2.695
2.695
2.696
2.662
2.662
2.654
2.663
2.813
2.809
2.8
2.809
2.793
2.803
2.795
2.794
2.786
2.795
2.791
2.792
2.789
2.795
2.791
2.794
2.786
2.793
2.792
2.8
2.8
2.807
2.799
2.807
2.805
2.816
2.815
2.823
2.823
2.83
2.839
2.839
2.848
2.856
2.856
2.864
2.868
2.827
2.712
2.721
2.728
2.745
2.759
2.768
2.768
2.783
2.783
2.793
2.801
2.809
2.816
2.824
2.834
2.842
2.85
2.87
2.881
2.818
2.389
2.261
2.256
2.255
2.247
2.237
2.229
2.237
2.228
2.228
2.219
2.219
2.211
2.211
2.202
2.202
2.194
2.194
2.194
2.184
2.184
2.183
2.175
2.184
2.175
2.175
2.167
2.175
2.168
2.175
2.168
2.167
2.207
3.451
3.486
3.511
3.536
3.562
3.597
3.624
3.657
3.68
3.713
3.726
3.776
4.014
4.051
4.09
4.132
4.173
4.21
4.252
4.303
4.345
4.395
4.437
4.497
4.544
4.514
4.496
4.458
4.486
4.576
4.628
4.696
4.749
4.821
4.87
4.949
5.003
5.085
5.143
5.224
5.295
5.383
5.453
5.564
5.635
5.748
5.827
5.952
6.034
7.564
7.538
7.677
7.778
3.81828 8.679 0.451002
