1 361
1.814
1.81
1.824
1.823
1.831
1.831
1.84
1.84
1.848
1.848
1.856
1.856
1.863
1.865
1.878
1.879
1.888
1.887
1.904
1.903
1.913
1.913
1.92
1.929
1.94
1.937
1.953
1.953
1.969
1.969
1.988
1.965
1.98
1.981
1.998
2.051
2.185
2.193
2.21
2.219
2.237
2.236
2.262
2.262
2.279
2.287
2.313
2.321
2.338
2.346
2.37
2.38
2.404
2.411
2.436
3.649
3.62
3.588
3.553
3.519
3.493
3.47
3.436
3.411
3.385
3.362
3.33
3.305
3.28
3.264
3.239
3.214
3.198
3.172
3.155
3.128
3.112
3.096
3.117
3.137
3.101
3.057
3.032
3.006
2.988
2.972
3.008
3.04
3.101
3.127
3.186
3.206
3.183
3.161
3.165
3.154
3.165
3.151
3.161
3.174
3.197
3.198
3.381
3.453
3.92
3.976
4.078
4.115
4.23
4.273
4.396
4.44
4.571
4.628
4.773
4.828
4.986
5.048
5.234
5.304
5.482
5.566
5.773
5.87
6.106
6.204
6.479
6.59
6.895
7.035
8.183
8.183
8.183
8.183
8.183
8.183
8.183
8.183
8.183
8.183
8.183
8.183
8.183
8.183
8.183
8.183
8.183
8.183
8.183
8.183
8.183
8.183
8.183
8.183
8.183
8.183
8.183
8.183
8.183
8.183
8.183
8.183
8.183
8.183
8.183
8.183
8.183
8.183
8.183
8.183
8.183
8.183
8.183
8.183
8.183
8.183
7.626
7.464
6.896
6.704
6.262
6.108
5.734
5.519
5.512
5.51
5.525
5.406
4.551
4.543
4.348
4.274
0.748
0.739
0.765
0.756
0.796
0.787
0.832
0.829
0.873
0.873
0.924
0.915
0.966
0.965
1.023
1.024
1.092
1.091
1.17
1.169
1.259
1.259
1.337
1.329
1.334
1.334
1.343
1.334
1.349
1.341
1.35
1.342
1.35
1.351
1.359
1.36
1.368
1.36
1.377
1.367
1.383
1.375
1.384
1.384
1.392
1.392
1.408
1.398
1.415
1.407
1.423
1.423
1.433
1.432
1.44
1.44
1.457
1.448
1.467
1.466
1.481
1.474
1.501
1.492
1.508
1.508
1.525
1.526
1.546
1.545
1.523
1.523
1.505
1.497
1.489
1.481
1.463
1.465
1.45
1.448
1.432
1.431
1.416
1.415
1.407
1.397
1.389
1.389
1.372
1.372
1.364
1.363
1.355
1.347
1.337
1.338
1.329
1.33
1.321
1.321
1.311
1.311
1.295
1.304
1.295
1.294
1.286
1.285
1.278
1.278
1.269
1.269
1.261
1.261
1.251
1.251
1.242
1.242
1.242
1.242
1.235
1.235
1.235
1.234
1.224
1.226
1.226
1.226
1.218
1.226
1.219
1.219
1.22
1.209
1.212
1.212
1.204
1.215
1.211
1.214
1.203
1.206
1.204
1.207
1.201
1.211
1.187
1.187
1.196
1.205
1.205
1.211
1.21
1.207
1.208
1.207
1.213
1.212
1.211
1.21
1.22
1.219
1.219
1.219
1.223
1.221
1.227
1.226
1.227
2.26794 13.942 6.27593
