1 361
2.19
2.174
2.174
2.155
2.146
2.137
2.128
2.119
2.107
2.099
2.09
2.082
2.072
2.062
2.062
2.053
2.045
2.033
2.027
2.026
2.017
2.007
2.008
1.999
1.999
1.991
1.943
1.809
1.809
1.8
1.802
1.816
1.806
1.796
1.796
1.187
1.186
1.163
1.166
1.14
1.141
1.112
1.114
1.098
1.098
1.073
1.072
1.048
1.048
1.03
1.023
1.016
1.016
1
0.991
0.982
0.973
0.964
0.964
0.949
0.949
0.932
0.932
0.924
0.924
0.906
0.906
0.888
0.897
0.889
0.889
0.872
0.872
0.863
0.864
0.855
0.855
0.846
0.846
0.837
0.837
0.829
0.829
0.821
0.821
0.812
0.803
0.804
0.804
0.801
0.799
1.788
0.836
1.806
1.814
1.814
1.823
1.831
1.831
1.841
1.84
1.849
1.849
1.857
1.866
1.874
1.874
1.883
1.891
1.9
1.909
1.917
1.917
1.934
1.934
1.944
1.945
1.968
1.968
1.985
1.984
2.003
2.011
2.028
2.029
2.047
2.047
2.064
2.073
2.09
2.1
2.118
2.124
2.143
2.15
2.17
2.178
2.196
2.205
2.232
2.241
2.241
2.246
2.267
2.276
2.503
2.52
2.553
2.561
2.596
2.603
2.638
2.646
2.682
2.69
2.724
2.74
2.783
2.8
2.832
2.849
2.892
2.91
2.961
2.97
3.023
3.043
3.03
3.021
2.986
2.978
2.97
2.986
3.066
3.084
3.143
3.169
3.229
3.263
3.32
3.342
3.417
3.442
3.526
3.551
3.63
3.663
3.756
3.792
3.878
3.922
4.015
4.067
4.166
4.211
4.335
4.387
4.512
4.563
6.08
6.174
6.401
6.48
6.7
6.784
6.99
6.979
6.947
6.941
6.915
6.906
6.881
6.871
6.85
6.946
7.455
7.47
7.838
8
8.183
8.183
8.183
8.183
8.183
8.183
8.183
8.183
8.183
8.183
8.183
8.183
8.183
8.191
8.183
8.183
8.183
8.183
8.183
8.183
8.183
8.183
8.183
8.183
8.183
8.183
8.183
8.183
8.183
8.183
8.183
8.183
8.183
8.183
8.183
8.183
8.183
8.183
8.183
8.183
8.183
8.183
7.797
7.547
7.042
6.879
6.431
6.45
6.484
6.611
6.562
7.409
7.669
7.755
4.608
4.592
4.399
4.342
4.168
4.102
3.951
3.886
3.743
3.695
3.563
3.516
3.408
3.366
3.261
3.221
3.124
3.089
3.003
2.976
2.897
2.87
2.796
2.762
2.695
2.669
2.608
2.591
2.531
2.507
2.452
2.427
2.379
2.362
2.31
2.291
2.253
2.237
2.193
2.175
2.133
2.123
2.088
2.08
2.045
2.035
1.992
1.986
1.95
1.941
1.917
1.9
1.875
1.857
1.832
1.827
1.8
1.791
1.775
1.757
1.74
1.731
1.706
1.706
1.684
1.674
1.658
1.649
1.632
1.625
1.601
1.602
1.585
1.579
1.562
1.555
1.547
1.538
1.523
1.522
1.506
1.505
1.49
1.481
1.473
1.464
1.456
1.447
4.27969 9.95366 2.03808
