1 361
2.438
2.455
2.463
2.47
2.479
2.494
2.494
2.521
2.517
2.534
2.541
2.559
2.566
2.561
2.533
2.483
2.458
2.408
2.392
2.341
2.324
2.282
2.267
2.222
2.213
2.17
2.151
2.133
2.139
2.162
2.171
2.187
2.196
2.223
2.232
2.262
2.271
2.292
2.301
2.324
2.333
2.367
2.374
2.401
2.416
2.441
2.457
2.49
2.497
2.537
2.544
2.579
2.597
2.632
2.649
2.687
2.701
2.741
2.759
2.801
2.826
2.877
2.896
2.939
2.964
3.016
3.92
4.023
4.047
4.086
4.202
4.532
4.575
4.666
4.709
4.794
4.838
4.944
4.976
4.947
4.929
4.899
4.973
5.108
5.169
5.286
5.283
5.254
5.245
5.219
5.201
5.177
5.17
5.136
5.128
5.099
5.127
5.287
5.386
5.57
5.669
5.871
6
6.221
6.352
6.616
6.788
7.285
7.852
7.845
7.837
8.183
8.183
8.183
8.183
8.183
8.183
8.183
8.183
8.183
8.183
4.648
4.645
4.628
4.621
4.604
4.603
4.586
4.586
4.57
4.569
4.561
4.553
4.544
4.544
4.537
4.538
4.528
4.52
4.52
4.511
4.505
4.504
4.504
4.504
4.495
4.496
4.496
4.496
4.496
4.496
4.487
4.496
4.487
4.496
4.496
4.496
4.496
4.505
4.504
4.512
4.511
4.51
4.52
4.52
4.529
4.528
4.596
4.525
4.37
4.279
4.125
4.05
3.922
3.842
3.722
3.658
3.548
3.5
3.39
3.341
3.255
3.202
3.116
3.076
3.004
2.959
2.884
2.863
2.788
2.762
2.697
2.668
2.608
2.582
2.535
2.51
2.454
2.428
2.387
2.373
2.318
2.303
2.252
2.243
2.201
2.186
2.148
2.138
2.105
2.087
2.051
2.042
2.016
1.997
1.971
1.962
1.93
1.919
1.886
1.881
1.853
1.845
1.819
1.811
1.786
1.776
1.76
1.752
1.73
1.719
1.695
1.684
1.667
1.662
1.645
1.637
1.6
1.582
1.566
1.558
1.541
1.553
1.567
1.59
1.607
1.632
1.692
1.74
1.768
1.793
3.759
3.803
3.856
3.909
3.973
4.024
4.082
8.183
8.183
8.183
8.183
8.183
8.183
8.183
8.183
8.183
8.183
8.183
8.183
6.544
6.526
6.508
6.555
6.678
6.853
6.994
7.181
7.342
7.541
7.717
7.972
8.177
8.183
8.183
8.183
8.183
8.183
8.183
8.183
8.183
8.183
8.183
8.183
8.183
8.183
8.183
8.183
8.183
8.183
8.183
8.183
8.183
8.183
8.183
8.183
8.183
8.183
8.183
8.183
8.183
8.183
5.753
5.748
5.749
5.739
5.733
5.746
5.746
5.737
5.742
5.737
5.744
5.753
5.75
5.747
5.753
5.761
5.76
5.765
5.774
5.773
5.783
5.783
5.79
5.794
5.69
5.405
5.199
4.928
4.781
4.556
4.315
4.143
4.001
3.858
3.735
3.608
3.499
3.386
3.285
3.183
3.102
2.685
2.4
2.374
2.324
2.339
2.364
2.534
2.482
-0.472586 13.5425 3.08798
