1 361
1.808
1.834
1.825
1.852
1.842
1.867
1.867
1.885
1.884
1.91
1.91
1.932
1.93
1.965
1.953
1.993
1.982
2.016
2.016
2.04
2.032
2.066
2.064
2.093
2.093
2.127
2.127
2.162
2.152
2.193
2.194
2.231
2.23
2.263
2.265
2.305
2.296
2.345
2.346
2.386
2.387
2.443
2.435
2.486
2.485
2.542
2.541
2.6
2.599
2.659
2.661
2.722
2.721
4.429
4.411
4.378
4.369
4.321
4.312
4.271
4.271
4.23
4.221
4.191
4.181
4.148
4.14
4.107
4.108
4.073
4.064
4.041
4.032
4.006
3.997
3.979
3.97
3.945
3.944
3.917
3.918
3.892
3.892
3.866
3.866
3.846
3.839
3.822
3.821
3.203
3.214
3.337
3.332
2.688
2.688
2.679
2.679
2.67
2.67
2.653
2.653
2.644
2.653
2.635
2.644
2.635
2.635
2.628
2.628
2.619
2.619
2.619
2.62
2.603
2.611
2.603
2.611
2.604
2.604
2.605
2.604
2.598
2.608
2.598
2.599
2.596
2.604
2.604
2.604
2.611
2.611
2.61
2.611
2.619
2.619
2.619
2.628
2.628
2.628
2.636
2.636
2.644
2.645
2.644
2.654
2.662
2.662
2.671
2.679
2.679
2.688
2.688
2.697
2.707
2.706
2.715
2.715
2.732
2.732
2.75
2.75
2.766
2.765
2.783
2.783
2.799
2.808
2.816
2.824
3.954
3.954
3.981
3.991
4.017
4.017
4.043
4.052
4.085
4.085
4.119
4.127
4.16
4.167
4.193
4.202
4.234
4.241
4.284
4.29
4.331
4.339
4.382
4.39
4.433
4.442
4.485
4.501
4.543
4.553
4.604
4.62
4.67
4.68
4.731
4.748
4.801
4.82
4.87
4.889
4.958
4.966
5.042
5.059
5.125
5.14
5.215
5.239
5.308
5.334
5.409
5.436
5.521
5.538
5.626
5.654
5.75
5.776
5.88
5.905
6.004
6.038
6.152
6.187
6.309
6.343
6.47
6.505
6.632
6.67
6.812
6.845
6.952
6.951
6.884
6.876
6.817
6.808
6.748
6.742
6.688
6.689
5.933
5.923
5.857
5.859
5.788
5.775
5.942
5.98
6.433
6.425
6.383
6.383
6.34
6.283
5.639
5.642
5.613
5.617
5.851
5.871
6.194
6.161
6.169
6.169
5.6
5.602
5.565
5.571
5.552
5.553
5.533
5.536
6.043
6.043
5.416
5.415
5.407
5.409
4.954
4.861
4.835
4.844
4.826
4.827
4.818
4.827
4.81
4.818
4.809
4.817
4.81
4.811
4.81
4.815
4.808
4.809
4.809
4.81
4.809
4.82
4.822
4.827
4.828
4.827
4.837
4.836
4.837
4.848
4.861
4.862
4.868
4.868
4.886
4.895
4.904
4.912
4.919
4.928
4.945
4.951
4.965
4.974
4.982
4.998
5.013
5.022
5.046
5.047
5.073
5.086
5.093
5.101
5.123
5.14
5.15
5.172
5.189
5.198
5.225
5.24
6.522
6.531
6.576
6.585
6.63
6.648
6.682
6.7
6.752
6.759
11.2927 5.79859 5.2968
