1 361
7.623
7.583
7.574
7.768
7.87
8.016
8.139
8.183
8.183
8.183
8.183
8.183
8.183
8.183
8.183
8.183
8.183
8.183
8.183
8.183
8.183
8.183
8.183
8.183
8.183
8.183
8.183
8.183
8.183
8.183
8.183
8.183
8.183
8.183
8.183
8.183
8.183
0.952
0.957
0.958
0.958
0.949
0.949
0.949
0.95
0.949
0.949
0.946
0.947
0.884
0.909
0.482
0.542
0.388
0.393
0.386
0.397
0.41
0.415
0.412
0.412
0.415
0.412
0.411
0.41
0.429
0.432
0.435
0.433
0.436
0.434
5.114
5.116
5.126
5.127
5.136
5.145
5.153
5.152
5.163
5.179
5.187
5.197
5.204
5.213
5.228
4.529
4.461
4.571
8.189
4.1
4.198
3.961
3.687
3.603
3.488
3.487
3.331
3.223
3.006
2.985
3.026
2.987
2.876
2.83
2.76
2.715
2.649
2.608
2.553
2.525
2.456
2.437
2.378
2.346
2.342
2.377
5.83
5.847
5.882
5.101
5.108
5.974
6.003
5.955
5.997
6.022
6.039
6.082
6.114
6.14
6.173
6.201
6.216
6.252
6.313
6.37
6.473
6.514
6.485
6.415
6.358
6.3
3.817
3.814
6.622
6.685
6.752
6.81
6.833
6.765
6.821
6.898
6.91
6.863
7.586
7.652
7.727
5.605
5.543
7.986
8.046
8.132
8.183
8.183
8.183
8.183
8.183
8.183
8.183
7.738
7.632
7.54
7.443
7.516
7.47
7.413
6.884
6.856
6.795
6.843
6.963
7.064
6.998
6.071
6.055
6.156
6.803
6.498
6.326
6.295
6.261
6.234
6.158
6.136
6.123
6.23
6.382
6.611
6.658
6.79
8.183
8.183
8.183
8.183
8.183
8.183
8.183
8.183
8.183
8.183
8.183
8.183
8.183
8.183
8.183
8.183
8.183
8.183
8.183
1.929
1.859
1.812
1.784
8.183
8.183
8.183
8.183
8.183
8.183
8.183
8.183
8.183
8.183
8.183
8.183
1.948
1.88
1.838
1.814
1.797
1.802
1.808
1.817
1.822
1.822
1.831
1.839
1.838
1.846
1.855
1.854
1.862
1.864
1.873
1.879
1.889
1.898
1.906
1.905
1.914
1.923
1.933
1.943
1.979
2.068
2.258
2.26
2.109
2.17
2.103
2.045
1.983
1.912
1.654
1.621
1.603
1.576
1.545
1.513
1.469
1.435
1.364
1.373
1.126
1.019
1.003
0.99
0.97
0.955
0.941
0.924
0.917
0.9
0.892
0.883
0.866
0.857
0.85
0.832
0.825
0.816
0.799
0.8
0.782
0.775
0.768
0.76
0.752
0.744
0.736
0.736
0.719
0.718
0.713
0.704
0.696
0.688
0.681
0.68
0.672
0.664
0.656
0.664
0.647
0.64
0.641
0.63
0.623
0.623
0.624
0.615
0.615
0.607
0.606
0.598
0.599
0.59
0.589
0.582
0.583
0.582
0.576
0.574
0.575
0.566
0.565
0.567
0.557
0.557
0.557
0.548
0.548
0.549
0.539
0.539
0.532
0.54
0.532
0.531
0.531
4.60278 8.26903 3.14612
