1 361
7.984
8.14
8.183
8.183
8.183
8.183
8.183
8.183
8.183
8.183
8.183
8.183
8.183
0.365
0.368
0.373
0.37
0.373
0.372
0.386
0.387
0.394
0.392
0.385
0.392
0.383
0.385
0.389
0.389
0.407
0.398
0.402
0.405
0.4
0.406
0.419
0.412
0.467
0.466
0.508
0.511
0.567
0.569
0.648
0.657
0.775
0.798
1.148
1.263
1.474
1.622
2.019
2.308
3.134
4.215
5.064
5.063
5.055
5.054
5.054
5.063
5.061
5.062
5.062
5.062
5.062
5.071
5.072
5.08
5.086
5.095
5.097
5.104
5.112
5.113
5.12
5.137
5.145
5.153
5.163
5.16
4.387
4.57
4.461
4.02
4.143
3.875
3.609
3.523
3.408
3.376
3.198
3.132
2.921
2.931
2.928
2.859
2.766
2.713
2.646
2.596
2.529
2.501
2.427
2.395
2.338
2.3
2.244
2.259
5.663
5.682
5.709
5.735
5.761
5.787
4.978
4.957
5.873
5.907
5.863
5.891
5.923
5.958
5.953
6.003
6.026
6.05
6.082
6.103
6.145
6.173
6.236
6.287
6.378
6.417
6.362
6.32
6.235
3.713
3.712
3.717
6.531
6.599
6.657
6.72
6.72
6.669
6.718
6.783
6.807
6.757
7.476
7.536
5.499
5.5
5.443
5.528
7.925
8.004
8.106
8.183
8.183
8.183
8.183
8.183
8.183
7.704
7.489
7.366
7.314
7.338
7.274
7.274
6.778
6.762
6.71
6.69
6.803
6.963
6.93
6.145
5.934
5.968
6.737
6.785
6.233
6.201
6.162
6.148
6.101
6.041
6.012
6.017
6.126
6.254
6.518
6.552
8.183
8.183
7.984
7.977
8.183
8.183
8.183
8.183
8.183
8.183
8.183
8.183
8.183
8.183
8.183
8.183
8.183
8.183
8.183
8.183
8.183
1.817
1.734
1.704
1.662
1.68
2.016
8.183
8.183
8.183
8.183
8.183
8.183
8.183
8.183
8.183
2.015
2.017
1.833
1.778
1.735
1.712
1.693
1.699
1.696
1.704
1.704
1.712
1.72
1.72
1.729
1.736
1.737
1.746
1.754
1.764
1.764
1.772
1.781
1.789
1.788
1.796
1.805
1.815
1.822
1.831
1.841
1.839
1.876
2.081
2.061
2.092
2.087
2.024
1.973
1.923
1.868
1.826
1.734
1.552
1.532
1.516
1.489
1.468
1.439
1.414
1.372
1.333
1.289
1.278
1.55
1.536
1.521
1.085
0.958
0.925
0.919
0.903
0.895
0.877
0.869
0.86
0.852
0.836
0.826
0.818
0.81
0.802
0.794
0.785
0.777
0.77
0.762
0.754
0.747
0.746
0.739
0.731
0.721
0.713
0.706
0.705
0.698
0.689
0.69
0.683
0.674
0.673
0.667
0.659
0.658
0.65
0.642
0.642
0.643
0.632
0.625
0.624
0.617
0.616
0.61
0.61
0.608
0.602
0.602
0.592
0.603
0.594
0.593
0.583
0.584
0.584
0.576
0.578
0.578
0.567
0.568
0.56
0.567
0.567
0.56
0.561
0.551
0.552
4.47504 8.26647 3.17683
