1 361
5.572
5.523
5.475
5.416
5.338
5.296
5.247
5.252
5.042
4.988
4.944
4.917
4.891
4.871
4.843
4.86
5.197
5.167
5.163
5.194
4.936
4.891
4.877
4.836
4.747
4.701
4.665
4.694
4.643
4.72
4.839
5.025
5.147
5.21
4.762
4.127
4.108
4.084
4.076
4.049
4.04
4.022
4.005
3.988
3.98
3.962
3.943
3.935
3.918
3.91
3.901
3.887
3.879
3.869
3.861
3.853
3.836
3.835
3.826
3.811
3.81
3.801
3.793
3.785
3.776
3.768
3.759
3.751
3.747
3.749
3.742
3.736
3.731
3.734
3.726
3.717
3.718
3.718
3.712
3.712
3.712
3.711
3.712
3.71
3.707
3.709
3.711
3.707
3.708
3.708
3.705
3.703
3.712
3.711
3.714
3.713
3.72
3.731
3.723
3.731
3.731
3.732
3.739
3.738
3.746
3.747
3.754
3.762
3.763
3.772
3.779
3.785
3.786
3.824
4.977
4.987
5.002
5.013
5.03
5.037
5.053
5.069
5.077
5.093
5.103
5.119
5.134
5.152
5.159
5.184
5.2
5.226
5.242
5.258
5.277
5.302
5.32
5.345
5.364
5.387
5.406
5.421
5.447
5.473
5.498
5.525
5.557
5.583
5.61
5.644
5.663
5.699
5.725
5.76
5.788
5.822
5.856
5.891
5.922
5.967
5.998
6.04
6.081
6.122
6.164
6.199
6.243
6.185
6.115
6.051
5.982
5.929
5.87
5.818
5.761
3.018
2.994
2.957
2.941
2.914
2.898
2.872
2.846
2.823
2.806
2.789
2.763
2.747
2.73
2.714
2.687
2.679
2.661
2.643
2.626
2.609
2.592
2.584
2.559
2.542
2.534
2.518
2.502
2.493
2.485
2.469
2.452
2.443
2.435
2.427
2.41
2.401
2.393
2.376
2.367
2.359
2.35
2.341
2.333
2.325
2.317
2.308
2.3
2.292
2.283
2.274
2.274
2.265
2.265
2.256
2.248
2.248
2.239
2.23
2.221
2.221
2.221
2.212
2.212
2.212
2.203
2.194
2.194
2.193
2.184
2.176
2.176
2.176
2.179
2.842
2.862
2.896
2.966
3.005
3.114
3.419
3.422
3.438
3.422
3.48
3.555
3.859
3.984
3.983
3.778
3.956
3.975
3.966
3.467
3.221
3.222
3.217
3.217
3.22
3.166
3.232
3.748
3.922
3.912
3.445
3.302
3.257
3.261
3.666
3.495
3.37
3.238
3.225
3.229
3.235
3.241
3.258
3.263
3.85
3.727
3.601
3.486
3.37
3.265
3.183
3.183
3.191
3.2
3.208
3.208
3.225
3.234
3.243
3.251
3.268
3.277
3.624
3.578
3.53
3.489
3.437
3.399
3.36
3.325
3.342
7.9
7.938
7.974
8.008
8.043
8.075
8.116
8.16
8.183
8.183
8.183
8.183
8.183
8.183
4.938
4.859
4.842
4.801
4.705
4.685
4.671
4.655
4.649
4.621
4.611
4.594
4.578
4.559
4.554
4.545
4.535
4.716
5.332
5.376
5.418
5.459
5.512
5.564
5.607
5.66
5.704
12.295 6.08113 0.937608
