1 361
1.524
1.517
1.52
1.522
1.516
1.519
1.514
1.497
1.489
1.49
1.484
1.476
1.484
1.621
1.603
1.625
1.628
1.627
1.624
1.625
1.623
1.63
1.657
1.7
1.7
1.708
1.699
1.707
1.707
1.706
1.715
1.714
1.714
1.723
1.723
1.731
1.723
1.732
1.732
1.741
1.74
1.749
1.748
1.757
1.757
1.766
1.766
1.775
1.8
1.835
1.835
1.843
1.843
1.851
1.861
1.869
1.869
1.877
1.886
1.894
1.894
1.911
1.911
1.929
1.929
1.937
1.946
1.956
1.964
1.97
1.967
1.904
1.887
1.886
1.894
1.911
1.911
1.936
1.932
1.946
1.93
1.89
1.881
1.84
1.836
1.858
1.867
1.903
1.914
1.939
1.948
1.964
1.982
1.999
2.007
2.027
2.044
2.06
2.078
2.096
2.104
2.131
2.138
2.166
2.183
2.202
2.219
2.245
2.252
2.277
2.287
6.536
6.589
6.668
6.724
6.809
6.876
6.963
7.035
7.124
7.185
7.297
7.364
7.488
7.561
7.672
7.765
7.888
7.965
8.105
8.183
8.183
8.183
8.183
8.183
8.183
8.183
8.183
8.183
8.183
4.644
4.613
4.604
4.59
4.659
4.765
4.842
4.968
5.043
5.183
5.278
5.431
5.519
5.685
5.798
5.97
6.102
6.305
6.456
6.668
6.833
7.088
7.094
7.07
7.068
7.047
7.032
7.013
7.004
6.988
6.98
6.968
6.968
6.946
6.947
6.927
6.93
6.908
6.903
6.891
6.894
6.881
6.884
6.869
6.871
6.863
6.865
6.854
6.854
6.854
6.862
6.846
6.846
6.844
6.849
6.844
6.859
6.553
5.637
4.749
4.295
3.904
3.905
3.905
3.913
3.913
3.923
3.922
3.929
3.931
3.94
3.939
3.957
3.956
3.956
3.965
3.973
3.983
3.983
3.991
3.999
4.009
4.024
4.025
4.034
4.043
4.052
4.06
4.077
4.084
4.094
4.101
4.126
4.133
4.145
4.07
3.995
3.897
3.836
3.743
3.676
3.598
3.544
3.469
3.418
3.345
3.297
3.232
3.181
3.121
3.079
3.025
2.991
2.937
2.895
2.852
2.816
2.767
2.733
2.691
2.656
2.611
2.587
2.554
2.529
2.488
2.471
2.423
2.409
2.372
2.355
2.321
2.306
2.274
2.257
2.23
2.213
2.186
2.179
2.141
2.134
2.109
2.089
2.072
2.064
2.037
2.02
2.003
1.994
1.968
1.963
1.935
1.927
1.909
1.903
1.885
1.868
1.86
1.843
1.835
1.826
1.809
1.801
1.794
1.777
1.768
1.76
1.741
1.742
1.725
1.727
1.708
1.691
1.691
1.683
1.667
1.666
1.658
1.65
1.641
1.633
1.626
1.627
1.609
1.609
1.601
1.601
1.592
1.584
1.576
1.569
1.432
1.394
1.385
1.385
1.377
1.358
1.354
1.372
1.369
1.369
1.358
1.352
1.344
1.374
1.431
1.508
1.508
1.498
1.5
1.504
1.494
1.491
1.495
1.488
1.486
1.479
1.479
1.482
1.474
1.475
-2.17434 12.5425 4.25581
