1 361
1.157
1.157
1.15
1.15
1.158
1.163
1.168
1.181
1.173
1.034
1.029
1.197
1.19
1.177
1.191
1.097
1.094
1.105
1.104
1.112
1.111
1.112
1.111
1.119
1.118
1.125
1.125
1.133
1.132
1.141
1.132
1.151
1.151
1.158
1.156
1.165
1.164
1.173
1.173
1.179
1.178
1.195
1.195
1.2
1.211
1.218
1.217
1.233
1.233
1.241
1.251
1.258
1.266
1.284
1.284
1.301
1.301
1.33
1.34
1.35
1.36
1.379
1.388
1.408
1.417
1.444
1.453
1.474
1.492
1.509
1.509
1.535
1.543
1.562
1.57
1.588
1.597
1.622
1.632
1.647
1.655
1.682
1.69
1.707
1.714
1.741
1.748
1.779
1.787
1.808
1.816
1.85
1.86
1.894
1.902
1.93
1.945
1.977
1.995
2.03
2.038
2.082
2.101
2.134
2.152
2.196
2.214
2.26
2.269
2.325
2.34
2.391
2.407
2.472
2.488
2.555
2.579
2.648
2.666
2.743
2.768
2.851
2.877
2.965
2.995
3.084
3.119
3.226
3.258
3.36
3.409
3.532
3.577
3.726
3.78
3.925
3.991
4.114
4.236
5.607
5.614
5.637
5.71
5.612
5.612
5.596
5.59
5.964
6.116
6.532
6.734
7.23
7.473
8.092
8.183
8.183
8.183
8.183
8.183
8.183
8.183
8.183
8.183
8.183
8.183
8.183
8.183
8.183
8.183
8.183
8.183
8.183
8.183
8.183
8.183
8.183
8.183
8.183
8.183
8.183
8.183
8.183
8.183
8.183
8.183
8.187
8.183
8.183
8.183
8.183
8.183
8.183
8.183
8.183
8.183
8.183
8.183
7.617
7.448
7.1
6.969
6.672
6.542
6.288
6.178
5.953
5.822
5.739
5.755
5.773
5.704
5.518
5.453
4.889
4.821
4.697
4.657
4.524
4.46
4.347
4.305
4.197
4.147
4.048
4.006
3.918
3.882
3.792
3.76
3.674
3.64
3.563
3.537
3.46
3.434
3.36
3.336
3.279
3.254
3.188
3.17
3.108
3.07
3.032
3.058
3.075
3.101
3.12
3.116
3.065
3.053
2.999
2.981
2.945
2.927
2.884
2.875
2.833
2.816
2.782
2.773
2.731
2.724
2.69
2.681
2.645
2.636
2.602
2.594
2.403
2.352
2.327
2.324
2.31
2.309
2.286
2.286
2.26
2.25
2.226
2.227
2.208
2.199
2.173
2.173
2.146
2.148
2.129
2.12
2.112
2.104
2.085
2.076
2.068
2.059
2.051
2.042
2.025
2.027
2.016
2.017
1.998
1.991
1.982
1.972
1.966
1.966
1.956
1.957
1.942
1.939
1.93
1.922
1.914
1.914
1.906
1.897
1.888
1.888
1.88
1.88
1.878
1.872
1.863
1.871
1.854
1.854
1.855
1.855
1.847
1.847
1.838
1.847
1.836
1.838
1.83
1.83
1.821
1.83
1.823
1.822
1.828
1.821
1.822
1.826
1.817
1.809
1.793
1.793
1.793
1.793
1.8
1.809
1.818
1.824
1.822
1.819
1.821
1.821
1.818
1.827
5.42276 12.8778 0.048826
