1 361
0.77
0.768
0.776
0.779
0.776
0.776
0.784
0.784
0.793
0.793
0.793
0.793
0.799
0.801
0.808
0.807
0.806
0.816
0.815
0.815
0.823
0.822
0.83
0.83
0.84
0.838
0.846
0.855
0.853
0.854
0.862
0.863
0.871
0.874
0.878
0.882
0.889
0.889
0.897
0.907
0.914
0.914
0.922
0.931
0.939
0.939
0.948
0.948
0.966
0.966
0.973
0.982
0.99
0.991
1.007
1.007
1.024
1.032
1.041
1.041
1.057
1.066
1.074
1.083
1.109
1.109
1.126
1.135
1.152
1.153
1.169
1.178
1.195
1.205
1.222
1.23
1.257
1.257
1.284
1.292
1.318
1.327
1.353
1.362
1.388
1.405
1.43
1.438
1.473
1.481
1.513
1.531
1.562
1.579
1.613
1.628
1.67
1.687
1.738
1.746
1.796
1.814
1.873
1.896
1.948
1.974
2.044
2.069
2.132
2.165
2.244
2.271
2.362
2.395
2.494
2.533
2.644
2.687
2.821
2.873
3.011
3.075
3.237
3.303
3.494
3.589
3.807
3.922
4.091
4.081
4.081
4.073
4.063
4.063
4.054
4.046
4.045
4.046
4.038
4.038
4.038
4.038
4.029
4.03
4.021
4.021
4.02
4.021
4.02
4.021
4.03
4.021
4.03
4.03
4.029
4.03
4.039
4.039
3.273
3.26
3.319
3.266
2.71
2.575
2.364
2.27
1.784
1.762
1.769
1.766
1.761
1.753
1.711
1.654
1.456
1.435
1.396
1.394
1.349
4.173
4.191
4.202
4.212
4.221
4.238
4.246
4.27
4.271
4.299
4.299
4.322
4.331
4.354
4.363
4.379
4.398
4.422
4.424
4.457
4.458
4.491
4.499
4.523
4.533
4.568
4.575
3.706
3.718
4.659
4.669
4.704
4.698
4.666
4.674
4.717
4.736
4.734
4.766
4.805
4.815
4.841
4.848
4.877
4.911
4.952
4.977
5.025
5.055
5.145
5.177
5.21
5.182
5.11
5.076
5.002
4.979
5.057
5.425
5.346
5.318
2.523
2.519
5.447
5.494
5.486
5.519
5.608
5.642
5.615
5.591
6.369
6.402
6.506
6.553
4.462
4.352
4.34
4.339
4.366
4.439
7.152
7.2
7.346
7.408
7.537
7.591
7.134
7.089
6.614
6.607
6.618
5.915
5.863
5.83
5.765
5.909
5.698
5.684
5.608
5.63
5.672
5.623
5.525
5.591
6.682
8.183
5.045
4.948
4.936
4.971
5.402
5.605
5.073
5.152
5.205
5.196
5.175
5.163
5.165
5.172
5.331
5.435
5.216
5.161
4.933
4.838
8.183
8.183
8.183
8.183
5.267
5.324
8.183
8.183
5.975
8.168
8.145
8.145
8.137
8.136
8.076
7.816
7.26
7.2
7.198
7.197
7.308
8.015
7.665
7.658
7.436
7.3
7.207
7.234
7.284
7.324
7.774
7.766
7.773
7.827
8.077
8.187
8.187
6.056
4.317
4.382
4.63
4.672
4.758
4.84
4.728
4.601
4.309
4.195
3.935
3.864
3.633
3.563
3.322
3.259
2.713
3.09502 8.40567 2.28004
