1 361
0.912
0.88
0.877
0.854
0.849
0.825
0.818
0.819
0.812
0.74
0.741
0.673
0.673
0.679
0.671
0.685
0.677
0.685
0.676
0.691
0.682
0.689
0.681
0.688
0.686
0.695
0.688
0.703
0.693
0.701
0.694
0.702
0.702
0.709
0.7
0.717
0.708
0.718
0.709
0.726
0.717
0.733
0.725
0.733
0.725
0.741
0.732
0.75
0.741
0.751
0.742
0.749
0.749
0.758
0.757
0.767
0.768
0.773
0.774
0.781
0.773
0.79
0.79
0.798
0.79
0.805
0.807
0.822
0.814
0.831
0.822
0.831
0.831
0.847
0.848
0.856
0.855
0.874
0.865
0.882
0.882
0.901
0.902
0.918
0.918
0.937
0.936
0.962
0.954
0.982
0.982
1.011
1.002
1.046
1.045
1.092
1.084
1.112
1.111
1.03
1.053
1.013
1.013
1.004
1.004
0.997
0.997
0.987
0.988
0.979
0.978
0.97
0.97
0.962
0.962
0.953
0.953
0.944
0.935
0.935
0.935
0.918
0.927
0.909
0.91
0.899
0.9
0.891
0.891
0.882
0.882
0.874
0.874
0.865
0.865
1.058
1.001
1.05
1.052
1.043
1.043
1.034
1.034
1.034
1.034
1.028
1.027
1.021
1.021
1.012
1.01
1.008
1.006
1.005
1.005
1.001
1.001
0.997
0.998
0.993
0.989
0.983
0.994
0.984
0.984
0.975
0.981
0.979
0.978
0.724
0.74
0.733
0.735
0.707
0.707
0.707
0.702
0.683
0.695
0.691
0.688
0.688
0.688
0.689
0.689
0.687
0.695
0.696
0.694
0.695
0.694
0.694
0.695
0.694
0.703
0.704
0.702
0.703
0.703
0.702
0.712
0.711
0.711
0.71
0.719
0.718
0.718
0.727
0.728
0.728
0.727
0.734
0.736
0.736
0.734
0.743
0.743
0.744
0.751
0.75
0.759
0.76
0.759
0.767
0.767
0.774
0.774
0.78
0.783
0.79
0.791
0.8
0.799
0.809
0.809
0.815
0.816
0.823
0.822
0.833
0.83
0.841
0.848
0.857
0.857
0.866
0.865
0.883
0.884
0.892
0.892
0.9
0.908
0.916
0.916
0.933
0.941
0.949
0.958
0.966
0.965
0.983
0.982
0.999
0.999
1.016
1.023
1.039
1.038
1.064
1.072
1.088
1.089
1.114
1.113
1.139
1.138
1.234
1.242
1.253
1.262
1.257
1.266
1.283
1.29
1.315
1.322
1.349
1.35
4.952
4.942
4.912
4.911
4.851
4.851
4.806
4.797
4.754
4.754
4.692
4.692
4.649
4.649
4.608
4.597
4.565
4.565
4.524
4.523
4.489
4.489
4.446
4.44
4.411
4.412
4.386
4.379
4.352
4.353
4.319
4.329
4.29
4.297
4.262
4.27
4.246
4.246
4.212
4.221
4.197
4.206
4.18
4.185
4.164
4.164
4.15
4.158
4.116
4.127
4.262
4.262
4.252
4.25
4.233
4.235
4.22
4.226
4.211
4.22
4.204
4.212
4.198
4.198
4.191
4.194
4.192
4.202
4.19
4.172
4.19
4.192
2.47817 8.74932 5.52496
