1 361
0.97
0.961
0.963
0.963
0.954
0.954
0.954
0.954
0.945
0.945
0.945
0.944
0.945
0.936
0.935
0.936
0.935
0.936
0.935
0.925
0.936
0.927
0.926
0.926
0.927
0.927
0.927
0.92
0.922
0.924
0.918
0.919
0.927
0.921
0.924
0.915
0.907
0.907
0.907
0.915
0.924
0.904
0.906
0.907
0.912
0.912
0.911
0.908
0.908
0.915
0.915
1.068
1.068
1.068
1.069
1.067
1.068
1.067
1.077
1.076
1.085
1.086
1.086
1.086
1.085
1.094
1.093
1.093
1.101
1.102
1.101
1.101
1.111
1.109
1.111
1.119
1.127
1.126
1.127
1.135
1.134
1.143
1.143
1.153
1.152
1.152
1.16
1.17
1.179
1.179
1.179
1.188
1.188
1.197
1.204
1.215
1.214
1.222
1.222
1.231
1.239
1.24
1.249
1.257
1.266
1.284
1.284
1.292
1.292
1.302
1.31
1.327
1.326
1.336
1.344
1.353
1.362
1.379
1.387
1.397
1.405
1.422
1.431
1.449
1.452
1.449
1.449
1.423
1.422
1.405
1.397
1.381
1.381
1.366
1.366
1.378
1.385
1.401
1.41
1.456
1.473
1.489
1.507
1.524
1.54
1.561
1.573
1.595
1.612
1.637
1.654
1.678
1.694
1.725
1.748
1.769
1.788
1.821
1.837
1.88
1.898
1.938
1.963
2.006
2.03
2.08
2.102
2.155
2.182
2.233
2.27
2.323
2.359
2.416
2.462
2.532
2.572
2.64
2.706
2.782
2.837
2.936
2.999
3.108
3.169
3.283
3.889
4.061
4.149
4.142
4.141
4.126
4.126
4.362
4.5
4.595
4.574
4.548
4.531
4.497
4.488
4.461
4.454
4.419
4.411
4.383
4.376
4.351
4.341
4.331
4.364
4.408
4.444
4.495
4.537
4.58
4.622
4.674
4.718
4.761
8.183
8.183
8.183
8.183
8.183
8.183
8.183
8.183
8.183
8.183
8.183
8.183
8.183
8.183
8.183
8.183
8.183
8.183
8.183
8.183
8.183
8.183
8.183
8.183
8.183
8.183
8.183
8.045
7.854
7.561
7.376
7.122
6.971
6.731
6.601
6.396
6.265
6.072
5.956
5.788
5.691
5.533
5.441
5.312
5.233
5.092
4.971
4.977
5.001
5.021
4.968
4.857
4.802
4.703
4.631
4.553
4.571
8.183
8.183
8.183
8.183
8.183
8.183
8.183
8.183
3.653
3.26
3.137
3.111
3.082
3.072
3.046
3.048
3.035
3.037
3.034
3.041
3.041
3.063
3.074
3.102
3.091
3.066
3.022
3.005
2.978
2.952
2.927
2.9
2.876
2.859
2.825
2.808
2.784
2.767
2.735
2.727
2.701
2.682
2.664
2.649
2.622
2.606
2.59
2.571
2.557
2.54
2.523
2.505
2.492
2.474
2.455
2.446
2.429
2.411
2.394
2.376
2.359
2.339
2.331
2.306
2.287
2.278
2.258
2.247
2.228
2.211
2.201
2.178
2.172
2.155
2.146
2.127
2.127
2.106
2.098
2.091
2.085
2.077
2.069
2.062
7.7122 5.04677 1.56527
