1 361
5.559
5.514
5.457
5.407
5.329
5.285
5.237
5.245
5.04
4.993
4.937
4.905
4.886
4.863
4.832
4.849
5.189
5.174
5.157
5.168
4.933
4.889
4.864
4.805
4.708
4.663
4.643
4.639
4.612
4.675
4.83
5.032
5.164
5.22
4.752
4.125
4.098
4.09
4.064
4.047
4.029
4.02
4.004
3.987
3.978
3.97
3.951
3.935
3.925
3.908
3.9
3.884
3.884
3.866
3.858
3.842
3.833
3.823
3.816
3.809
3.807
3.799
3.79
3.783
3.774
3.765
3.757
3.749
3.754
3.746
3.74
3.734
3.73
3.723
3.723
3.714
3.715
3.716
3.709
3.71
3.711
3.71
3.71
3.708
3.705
3.704
3.7
3.706
3.709
3.705
3.703
3.71
3.71
3.708
3.713
3.71
3.717
3.718
3.729
3.721
3.73
3.73
3.737
3.746
3.745
3.745
3.753
3.761
3.761
3.769
3.776
3.774
3.784
3.823
4.984
4.992
5
5.01
5.026
5.035
5.051
5.067
5.077
5.09
5.1
5.118
5.133
5.149
5.167
5.183
5.198
5.215
5.24
5.256
5.274
5.301
5.316
5.335
5.362
5.376
5.404
5.42
5.444
5.471
5.496
5.523
5.556
5.582
5.607
5.634
5.661
5.697
5.724
5.75
5.785
5.821
5.854
5.888
5.931
5.964
5.996
6.038
6.079
6.119
6.155
6.198
6.234
6.171
6.114
6.048
5.983
5.927
5.87
5.81
5.76
3.005
2.982
2.955
2.93
2.912
2.896
2.869
2.844
2.819
2.804
2.788
2.761
2.745
2.728
2.711
2.693
2.676
2.659
2.641
2.624
2.606
2.59
2.581
2.564
2.549
2.532
2.516
2.499
2.49
2.475
2.466
2.45
2.441
2.433
2.425
2.408
2.399
2.391
2.382
2.365
2.357
2.348
2.339
2.331
2.322
2.314
2.306
2.297
2.297
2.281
2.28
2.272
2.263
2.263
2.254
2.246
2.245
2.237
2.228
2.219
2.219
2.21
2.21
2.201
2.201
2.201
2.192
2.182
2.182
2.182
2.182
2.174
2.174
2.176
2.838
2.85
2.883
2.954
2.994
3.093
3.417
3.43
3.433
3.42
3.467
3.544
3.806
3.981
3.972
3.758
3.954
3.963
3.963
3.473
3.219
3.21
3.214
3.214
3.222
3.164
3.224
3.755
3.92
3.91
3.434
3.299
3.255
3.259
3.664
3.503
3.372
3.236
3.223
3.227
3.232
3.239
3.255
3.269
3.848
3.734
3.599
3.485
3.368
3.271
3.179
3.18
3.189
3.198
3.206
3.206
3.223
3.223
3.241
3.248
3.266
3.275
3.625
3.573
3.531
3.488
3.449
3.406
3.36
3.327
3.334
7.903
7.935
7.974
8.008
8.039
8.086
8.116
8.162
8.183
8.183
8.183
8.183
8.183
8.183
4.928
4.863
4.84
4.814
4.702
4.686
4.668
4.654
4.637
4.63
4.601
4.598
4.578
4.561
4.554
4.545
4.53
4.705
5.331
5.374
5.416
5.467
5.51
5.56
5.596
5.649
5.702
12.2949 6.08091 0.937608
