1 361
2.231
2.222
2.213
2.196
2.196
2.177
2.168
2.159
2.159
2.141
2.132
2.123
2.114
2.106
2.106
2.096
2.086
2.079
2.079
2.059
2.059
2.05
2.043
2.034
2.034
2.038
2.035
2.023
2.022
2.013
2.014
2.006
2.006
2.001
1.995
1.988
1.979
1.979
1.971
1.982
1.976
1.97
1.97
1.961
1.962
1.959
1.961
1.962
1.953
1.953
1.953
1.952
1.952
1.954
1.957
1.957
1.948
1.949
1.949
1.951
1.944
1.941
1.942
1.948
1.949
1.948
1.946
1.953
1.953
1.947
1.955
1.955
1.955
1.969
1.962
1.969
1.969
1.976
1.976
1.978
1.977
1.987
1.987
1.995
1.995
2.003
2.008
2.003
2.007
2.017
2.013
2.02
2.027
2.03
2.029
2.044
2.045
2.059
2.058
2.066
2.067
2.079
2.078
2.097
2.097
2.103
2.111
2.118
2.119
3.391
3.399
3.423
3.431
3.456
3.456
3.482
3.49
3.517
3.524
3.551
3.56
3.587
3.595
3.63
3.629
3.663
3.672
3.705
3.714
3.748
3.764
3.797
3.807
3.851
3.859
3.895
3.903
3.947
3.964
4.007
4.017
4.059
4.077
4.117
4.135
4.184
4.192
4.25
4.266
4.333
4.349
4.4
4.418
4.478
4.495
4.562
4.579
4.656
4.673
4.743
4.761
4.839
4.865
4.944
4.968
5.001
4.989
4.922
4.922
4.862
4.856
4.806
4.797
4.753
4.747
4.692
4.692
4.639
4.651
4.6
4.598
4.557
4.547
4.524
4.506
4.471
4.474
4.429
4.429
4.396
4.39
4.364
4.354
4.329
4.323
4.299
4.301
4.265
4.268
4.239
4.25
4.238
4.239
4.213
4.213
4.189
4.189
4.172
4.172
4.146
4.146
4.129
4.129
4.104
4.103
4.085
4.086
4.076
2.145
2.131
2.14
2.131
2.131
2.123
2.122
2.115
2.123
2.115
2.117
2.11
2.119
2.115
2.117
2.111
2.112
2.107
2.116
2.109
2.118
2.107
2.114
2.111
2.109
2.115
2.111
2.117
2.116
2.114
2.114
2.113
2.122
2.122
2.131
2.13
2.139
2.13
2.139
2.138
2.149
2.148
2.156
2.157
2.156
2.156
2.174
2.174
2.183
2.183
2.193
2.193
2.201
2.209
2.209
2.218
2.227
2.227
2.236
2.245
2.253
2.261
2.271
2.279
2.287
2.287
2.305
2.305
2.321
2.33
2.338
2.347
2.355
2.371
2.38
2.387
2.397
2.413
2.421
2.439
2.445
2.462
2.478
2.485
2.502
2.517
2.526
2.551
2.563
3.925
3.952
3.998
3.98
3.933
3.929
3.957
3.981
4.097
4.26
4.197
4.163
4.105
4.08
4.035
4.052
4.093
4.111
4.152
4.178
4.219
4.248
4.466
4.458
4.416
4.408
4.376
4.387
6.036
6.02
5.983
5.956
5.893
5.883
5.866
5.868
5.85
5.853
5.85
5.843
5.838
5.841
5.894
6.873
6.998
7.047
7.174
7.227
7.375
7.425
7.574
7.632
7.015
7.186
1.3608 -1.53279 -0.45129
