1 361
0.896
0.923
0.923
0.946
0.947
0.979
0.978
1.006
1.011
1.041
1.04
1.073
1.081
1.115
1.114
1.158
1.158
1.2
1.206
1.25
1.258
1.3
1.307
1.359
1.373
1.424
1.43
1.496
1.495
1.569
1.573
1.685
1.67
1.779
1.808
1.902
1.927
2.03
2.057
2.17
2.188
2.34
2.373
2.536
2.568
2.778
2.842
3.029
3.104
3.259
3.261
3.257
3.249
3.241
3.241
3.242
3.241
3.232
3.233
3.225
3.226
3.224
3.224
3.226
3.226
3.225
3.226
3.224
3.224
3.225
3.224
3.225
3.226
3.232
3.233
3.232
3.24
3.241
3.241
3.249
3.25
3.251
3.259
3.259
3.267
3.267
3.277
3.275
3.276
3.283
3.291
3.3
3.3
3.316
3.316
3.326
3.324
3.338
3.348
3.354
3.365
3.379
3.388
3.396
3.404
3.421
3.429
3.445
3.444
3.462
3.47
3.488
3.496
3.514
3.522
3.548
3.555
3.575
3.584
3.6
3.609
3.632
3.641
3.668
3.675
3.7
3.708
3.743
3.759
3.778
3.794
3.82
3.829
3.865
3.875
3.909
3.927
3.962
3.97
3.998
4.011
3.988
4.073
4.058
4.004
4.148
4.185
4.232
4.249
4.296
4.322
4.365
4.39
4.433
4.461
4.5
4.526
4.587
4.609
4.668
4.694
4.749
4.781
4.835
4.869
4.925
4.969
5.031
5.065
5.15
5.183
5.25
5.291
5.371
5.41
5.503
5.546
5.637
5.69
5.785
5.838
5.938
5.994
6.11
6.174
6.292
6.347
6.48
6.543
6.671
6.743
2.223
2.226
2.208
2.208
2.19
2.181
2.163
2.171
2.203
2.237
2.297
2.321
2.394
2.42
2.499
2.535
2.617
2.652
2.735
2.789
2.889
2.945
3.054
3.114
3.24
3.298
3.448
3.519
3.682
3.776
3.966
4.051
4.281
4.397
4.435
4.45
4.429
4.431
4.419
4.411
4.402
4.394
4.386
4.384
4.377
4.375
4.37
4.361
4.359
4.359
4.352
4.353
4.353
4.355
4.345
4.352
4.343
4.346
4.348
4.347
4.348
4.357
4.354
4.358
4.355
4.361
4.36
4.372
4.369
4.379
4.384
4.385
4.386
4.404
4.407
4.41
4.419
4.425
4.428
4.438
4.446
4.462
4.461
4.473
4.489
4.489
4.503
4.509
4.517
4.537
4.427
4.337
4.173
4.105
3.952
3.899
3.774
3.714
3.599
3.548
3.444
3.402
3.313
3.265
3.182
3.147
3.061
3.03
2.961
2.926
2.865
2.821
2.764
2.731
2.68
2.656
2.602
2.576
2.528
2.494
2.452
2.428
2.387
2.37
2.32
2.304
2.272
2.254
2.211
2.195
2.168
2.15
2.14
2.15
2.166
2.184
2.193
2.21
2.236
2.246
2.265
2.276
2.301
2.319
2.334
2.352
2.377
2.393
2.419
2.435
2.46
2.485
2.51
2.526
2.559
2.576
2.612
2.628
2.663
2.69
2.715
2.741
2.775
2.801
2.844
2.868
2.912
2.938
2.978
3
-3.89376 10.4821 3.79785
