1 361
1.283
1.307
1.348
1.364
1.355
1.346
1.371
1.439
1.401
1.414
1.399
1.31
1.297
1.214
1.2
1.197
1.201
1.219
1.259
1.493
1.489
1.492
1.488
1.488
1.493
1.476
1.47
1.47
1.474
1.479
1.477
1.487
1.513
1.614
1.606
1.614
1.612
1.62
1.612
1.635
1.661
1.696
1.696
1.705
1.705
1.712
1.713
1.721
1.722
1.721
1.731
1.73
1.74
1.749
1.749
1.759
1.758
1.766
1.766
1.775
1.775
1.783
1.785
1.793
1.801
1.853
1.862
1.869
1.878
1.886
1.894
1.904
1.911
1.92
1.92
1.936
1.945
1.954
1.962
1.981
1.981
1.997
1.998
2.018
2.031
2.017
1.991
1.96
1.94
1.954
1.963
1.98
1.987
2.006
2.009
1.988
1.979
1.948
1.929
1.917
1.925
1.942
1.959
2.006
2.022
2.042
2.06
2.076
2.087
2.104
2.121
2.147
2.157
2.191
2.2
2.228
2.244
2.27
2.286
2.311
2.329
2.361
2.379
6.848
6.898
6.998
7.059
7.163
7.219
7.34
7.403
7.525
7.601
7.731
7.803
7.942
8.02
8.173
8.183
8.183
8.183
8.183
8.183
8.183
8.183
8.183
8.183
8.183
8.183
4.76
4.753
4.727
4.712
4.798
4.859
5
5.064
5.217
5.304
5.475
5.563
5.745
5.85
6.041
6.154
6.379
6.506
6.753
6.906
7.204
7.236
7.207
7.207
7.188
7.177
7.155
7.153
7.134
7.129
7.11
7.109
7.092
7.081
7.064
7.064
7.049
7.047
7.033
7.041
7.024
7.023
7.012
7.014
7.006
7.006
7.004
7.006
6.995
7.007
7
7.008
7
7.009
7.001
7.01
6.012
5.404
4.565
4.211
4.054
4.062
4.062
4.062
4.062
4.07
4.075
4.087
4.086
4.095
4.096
4.104
4.112
4.119
4.129
4.136
4.135
4.143
4.153
4.162
4.168
4.185
4.185
4.198
4.208
4.216
4.232
4.242
4.247
4.264
4.269
4.29
4.248
4.169
4.05
3.993
3.888
3.839
3.728
3.689
3.589
3.544
3.458
3.423
3.345
3.307
3.231
3.189
3.122
3.086
3.027
2.999
2.937
2.902
2.851
2.816
2.774
2.739
2.7
2.673
2.629
2.604
2.561
2.539
2.505
2.479
2.447
2.422
2.39
2.375
2.34
2.322
2.29
2.281
2.24
2.232
2.194
2.186
2.159
2.151
2.127
2.116
2.092
2.083
2.056
2.046
2.019
2.011
1.986
1.977
1.952
1.946
1.926
1.92
1.903
1.895
1.877
1.87
1.853
1.846
1.827
1.819
1.811
1.801
1.785
1.778
1.769
1.76
1.743
1.742
1.726
1.727
1.708
1.708
1.692
1.692
1.675
1.676
1.659
1.486
1.469
1.469
1.462
1.454
1.435
1.446
1.437
1.436
1.427
1.42
1.416
1.443
1.482
1.578
1.569
1.563
1.555
1.564
1.558
1.558
1.549
1.542
1.541
1.537
1.534
1.535
1.527
1.527
1.518
1.519
1.511
1.512
-2.09753 12.6883 4.19528
