1 361
6.391
6.424
6.458
6.493
5.531
5.467
5.395
5.339
5.267
5.207
5.081
5.028
4.888
4.788
4.711
4.662
4.606
4.571
4.531
4.576
4.637
4.618
4.563
4.558
4.474
4.232
4.172
4.122
4.091
4.057
4.029
4.019
4.263
4.172
3.645
3.612
3.587
3.559
3.533
3.497
3.472
3.455
3.422
3.398
3.374
3.356
3.333
3.308
3.293
3.268
3.249
3.231
3.213
3.188
3.179
3.155
3.138
3.121
3.106
3.088
3.078
3.062
3.043
3.034
3.017
2.998
2.99
2.972
2.967
2.951
2.943
2.925
2.918
2.905
2.902
2.885
2.884
2.86
2.863
2.845
2.846
2.831
2.825
2.811
2.814
2.805
2.807
2.785
2.785
2.777
2.77
2.764
2.757
2.748
2.748
2.737
2.733
2.731
2.734
2.721
2.719
2.709
2.718
2.709
2.708
2.7
2.699
2.693
2.702
2.684
2.693
2.685
2.685
2.677
2.677
2.677
2.677
2.668
2.677
2.669
2.678
2.669
2.678
2.669
2.678
2.669
2.677
2.668
3.821
3.83
3.838
3.83
3.838
3.838
3.847
3.847
3.856
3.847
3.865
3.865
3.874
3.874
3.892
3.892
3.9
3.901
3.918
3.918
3.936
3.936
3.954
3.954
3.972
3.973
3.99
3.999
4.008
4.017
4.034
4.043
4.061
4.06
4.085
4.095
4.111
4.12
4.145
4.154
4.179
4.178
4.205
4.212
4.245
4.245
4.278
4.285
4.318
4.326
4.359
4.369
4.402
4.411
4.444
4.453
4.497
4.504
4.537
4.554
4.588
4.605
4.647
4.664
4.698
4.716
4.759
4.779
4.822
4.84
4.883
4.907
4.951
4.977
5.026
4.972
4.915
4.865
4.814
4.779
4.724
4.692
4.647
4.614
4.566
4.529
4.49
4.464
4.424
4.397
4.362
4.33
4.293
4.263
1.824
1.812
1.796
1.787
1.779
1.762
1.753
1.744
1.735
1.726
1.709
1.701
1.692
1.684
1.675
1.667
1.659
1.65
1.642
1.634
1.625
1.617
1.609
1.608
1.601
1.593
1.583
1.583
1.575
1.568
1.559
1.559
1.551
1.551
1.542
1.534
1.534
1.526
1.526
1.517
1.517
1.509
1.51
1.5
1.501
1.493
1.493
1.484
1.484
1.484
1.476
1.476
1.476
1.467
1.467
1.466
1.459
1.459
1.459
1.459
1.459
1.459
1.451
1.452
1.453
1.444
1.447
1.448
1.443
1.446
1.448
1.442
1.445
1.447
1.447
1.448
1.447
1.446
1.443
1.441
1.446
1.444
1.441
1.447
1.444
1.453
1.452
1.45
1.45
1.45
1.459
1.459
1.466
1.458
1.466
1.466
1.466
1.466
1.475
1.475
1.483
1.483
1.483
1.492
1.491
1.5
1.499
1.5
1.509
1.508
1.516
1.517
1.525
1.525
1.533
1.533
1.541
1.55
1.55
1.558
1.558
1.567
1.575
1.575
1.592
1.592
1.6
1.6
2.789
2.795
2.748
2.75
2.77
2.78
2.792
2.792
2.792
2.796
2.809
13.2442 7.18494 0.626957
