1 361
1.262
1.281
1.281
1.28
1.28
1.281
1.272
1.273
1.274
1.267
1.27
1.271
1.274
1.272
1.269
1.265
1.256
1.256
1.256
1.256
1.256
1.265
1.274
1.276
1.276
1.266
1.269
1.275
1.274
1.273
1.277
1.277
1.285
1.276
1.284
1.284
1.284
1.292
1.292
1.293
1.292
1.292
1.301
1.301
1.309
1.31
1.309
1.307
1.318
1.318
1.318
1.328
1.327
1.336
1.336
1.336
1.345
1.345
1.354
1.354
1.362
1.361
1.371
1.374
1.381
1.38
1.389
1.396
1.397
1.405
1.415
1.415
1.422
1.431
1.439
1.438
1.447
1.456
1.459
1.472
1.48
1.488
1.498
1.505
1.514
1.514
1.522
1.529
1.537
1.546
1.561
1.571
1.576
1.585
1.601
1.611
1.624
1.636
1.652
1.657
1.665
1.682
1.692
1.707
1.724
1.733
1.75
1.768
1.785
1.802
1.819
1.83
1.843
1.861
1.886
1.904
1.92
1.938
1.964
1.985
2.004
2.023
2.048
2.065
2.09
6.05
6.129
6.19
6.254
6.355
6.451
5.155
3.575
3.524
3.516
3.49
3.481
3.46
3.518
3.604
3.657
3.714
3.783
3.837
3.905
3.968
4.039
4.11
4.183
4.263
4.326
4.309
4.3
4.276
4.27
4.243
4.242
4.218
4.21
4.194
4.185
4.169
4.16
4.147
4.231
4.424
4.7
4.811
4.802
4.925
5.096
5.289
7.714
7.688
7.684
7.662
7.654
7.628
7.623
7.607
7.815
8.183
8.183
8.183
8.183
8.183
8.183
8.183
8.183
8.183
8.183
8.187
8.187
8.183
8.191
8.187
8.187
7.3
7.294
7.286
7.278
7.269
7.267
7.253
7.252
7.246
7.245
7.237
7.238
7.228
7.228
7.226
7.228
7.228
7.228
7.219
7.226
7.226
7.234
7.225
7.243
7.241
7.241
7.25
7.258
7.258
7.309
7.088
6.855
6.649
6.438
6.249
6.045
5.866
5.701
5.556
5.416
5.282
5.147
5.036
4.914
4.817
4.697
4.613
4.51
4.421
4.327
4.237
4.111
4.031
4.047
4.064
4.096
4.14
4.167
4.211
5.595
5.616
5.653
5.678
5.758
5.781
5.824
5.847
5.882
5.907
5.931
5.859
5.892
5.92
5.85
5.827
5.897
5.932
5.98
6.013
6.061
6.104
6.148
6.19
6.223
8.183
8.183
8.183
2.504
2.479
2.454
2.454
2.432
2.416
2.392
2.374
2.356
2.339
2.315
2.299
2.281
2.265
2.248
2.24
2.222
2.205
2.187
2.18
2.162
2.154
2.135
2.117
2.109
2.099
2.083
2.073
2.055
2.046
2.029
2.023
2.013
2.004
1.999
1.988
1.973
1.965
1.958
1.949
1.939
1.932
1.915
1.914
1.905
1.897
1.89
1.882
1.873
1.865
1.866
1.849
1.848
1.84
1.832
1.831
1.823
1.824
1.815
1.806
1.806
1.798
1.79
1.79
1.79
1.783
1.784
1.775
1.775
1.766
1.757
1.766
1.758
1.757
1.748
1.749
1.741
2.27393 12.1876 2.42973
