1 361
1.212
1.22
1.219
1.227
1.216
1.224
1.223
1.223
1.223
1.231
1.23
1.23
1.23
1.23
1.23
1.24
1.24
1.247
1.247
1.247
1.247
1.257
1.257
1.266
1.257
1.274
1.266
1.273
1.274
1.283
1.283
1.29
1.29
1.299
1.299
1.309
1.309
1.317
1.317
1.326
1.326
1.344
1.344
1.353
1.352
1.37
1.361
1.379
1.379
1.387
1.388
1.405
1.405
1.412
1.422
1.431
1.431
1.448
1.447
1.464
1.464
1.481
1.481
1.507
1.507
1.524
1.514
1.539
1.539
1.556
1.565
1.581
1.581
1.606
1.605
1.63
1.63
1.655
1.663
1.688
1.688
1.711
1.722
1.749
1.746
1.772
1.782
1.815
1.816
1.848
1.848
1.885
1.884
1.918
1.926
1.96
1.969
2.011
2.02
2.054
2.061
2.098
2.116
2.15
2.159
2.211
2.219
2.271
2.28
2.33
2.337
2.403
2.413
2.469
2.486
2.554
2.571
2.637
2.655
2.722
2.74
2.825
2.846
4.35
4.342
4.317
4.308
4.276
4.276
4.251
4.253
4.228
4.229
4.196
4.196
4.179
4.179
4.155
4.145
4.129
4.129
4.112
4.112
4.095
4.095
4.078
4.078
4.06
4.053
4.043
4.043
4.026
4.036
4.018
4.018
3.599
3.653
3.726
3.667
2.967
2.948
2.948
2.949
2.94
2.94
2.932
2.941
2.933
2.942
2.935
2.937
2.937
2.937
2.936
2.934
2.925
2.934
2.932
2.942
2.94
2.94
2.94
2.949
2.949
2.956
2.956
2.956
2.956
2.965
2.964
2.974
2.982
2.982
2.991
2.991
3.001
3.001
3.009
3.019
3.027
3.036
3.036
3.046
3.054
3.053
3.063
3.071
3.08
3.097
3.097
3.106
3.113
3.132
3.14
3.149
3.164
3.174
3.182
3.199
3.205
3.216
3.232
3.24
3.254
3.274
3.288
3.384
4.472
4.489
4.504
4.522
4.547
4.562
4.59
4.613
4.639
4.664
4.7
4.716
4.741
4.768
4.803
4.822
4.865
4.881
4.915
4.944
4.985
5.003
5.052
5.069
5.118
5.141
5.191
5.218
5.266
5.301
5.354
5.387
5.447
5.471
5.539
5.574
5.636
5.671
5.742
5.777
5.847
5.888
5.963
6.006
6.087
6.13
6.216
6.26
6.353
6.386
6.49
6.533
6.634
6.689
6.807
6.844
6.967
7.018
7.149
7.21
7.337
7.396
7.433
7.423
7.361
7.344
7.291
7.276
7.215
7.198
6.429
6.416
6.349
6.338
6.279
6.264
6.424
6.486
6.91
6.902
6.246
6.337
6.598
6.383
6.108
6.096
6.08
6.17
6.36
6.681
6.631
6.648
6.15
6.146
6.027
6.019
6.002
5.999
6.01
6.07
6.497
5.931
5.851
5.859
5.47
5.429
5.275
5.267
5.252
5.25
5.241
5.234
5.225
5.225
5.218
5.217
5.2
5.209
5.207
5.202
5.203
5.194
5.195
5.195
5.187
5.196
5.196
5.197
5.197
5.197
5.197
5.197
5.207
5.208
11.1528 6.22445 4.80546
