1 361
1.055
1.054
1.047
1.038
1.038
1.029
1.029
1.029
1.021
1.021
1.013
1.013
1.004
1.013
1.004
1.004
1.004
0.995
0.996
0.987
0.995
0.986
0.986
0.98
0.98
0.977
0.977
0.978
0.977
0.977
0.977
0.969
0.969
0.969
0.969
0.962
0.962
0.963
0.963
0.964
0.954
0.955
0.955
0.957
0.951
0.961
0.958
0.95
0.956
0.942
0.942
0.942
0.942
0.942
0.951
0.96
0.965
0.962
0.957
0.95
0.957
0.956
0.956
0.964
0.963
0.963
0.963
0.963
0.97
0.97
0.97
0.969
0.966
0.978
0.978
0.978
0.978
0.978
0.978
0.978
0.986
0.986
0.996
0.996
0.996
1.003
1.003
1.012
1.012
1.008
1.016
0.998
1.002
1.007
1.007
1.005
1.007
1.016
1.015
1.179
1.161
1.206
1.206
1.215
1.215
1.224
1.224
1.233
1.242
1.251
1.25
1.26
1.268
1.277
1.278
1.286
1.293
1.303
1.303
1.313
1.321
1.33
1.339
1.346
1.356
1.364
1.373
1.381
1.381
1.399
1.409
1.424
1.434
1.443
1.45
1.468
1.475
1.491
1.5
1.516
1.524
1.542
1.55
1.565
1.575
1.599
1.607
1.631
1.639
1.665
1.68
1.701
1.708
1.687
1.687
1.671
1.67
1.647
1.655
1.631
1.63
1.626
1.643
1.678
1.704
1.755
1.763
1.8
1.815
1.85
1.866
1.899
1.915
1.957
1.984
2.019
2.043
2.086
2.113
2.167
2.185
2.242
2.268
2.334
2.359
2.427
2.459
2.532
2.566
2.649
2.684
2.766
2.808
2.914
2.951
3.06
3.12
3.235
3.304
3.456
3.474
4.213
4.315
4.46
4.463
4.436
4.446
4.566
4.702
4.908
4.897
4.861
4.851
4.807
4.806
4.764
4.763
4.727
4.72
4.684
4.684
4.65
4.649
4.667
4.693
4.754
4.782
4.844
4.877
4.939
4.974
5.032
5.066
8.183
8.183
8.183
8.183
8.183
8.183
8.183
8.183
8.183
8.183
8.183
8.183
8.183
8.183
8.183
8.183
8.183
8.183
8.183
8.183
8.183
8.183
8.183
8.183
8.183
8.183
8.183
8.183
7.812
7.679
7.332
7.214
6.924
6.806
6.555
6.441
6.203
6.124
5.905
5.824
5.638
5.573
5.39
5.288
5.235
5.26
5.288
5.264
5.103
5.047
4.921
4.865
4.803
4.847
8.183
8.183
8.183
8.183
8.183
8.183
3.431
3.384
3.322
3.312
3.288
3.282
3.259
3.267
3.266
3.262
3.265
3.28
3.303
3.328
3.288
3.271
3.22
3.203
3.153
3.135
3.084
3.066
3.023
3.015
2.972
2.952
2.919
2.9
2.867
2.85
2.816
2.8
2.767
2.758
2.726
2.718
2.691
2.674
2.65
2.642
2.606
2.596
2.572
2.565
2.541
2.532
2.507
2.489
2.471
2.456
2.429
2.419
2.396
2.385
2.358
2.339
2.321
2.296
2.281
2.255
2.229
2.218
2.199
2.191
2.173
2.164
2.147
2.138
7.69289 4.71289 1.45401
