1 361
1.475
3.814
3.814
3.806
3.797
3.795
3.787
2.072
2.061
3.763
3.754
3.008
3.008
3.197
3.181
3.745
3.745
3.745
3.736
3.744
3.737
3.737
3.737
3.736
3.727
3.736
3.727
3.736
3.727
3.744
3.736
3.744
3.744
3.743
3.743
3.752
3.743
3.76
3.752
3.768
3.76
3.777
3.777
3.794
3.786
3.794
3.794
3.812
3.803
3.83
3.821
3.838
3.839
3.856
3.848
3.875
3.875
3.893
3.892
3.919
3.91
3.937
3.928
3.953
3.954
3.981
3.982
3.165
3.16
4.034
4.033
4.068
4.059
4.091
4.084
4.115
4.12
4.063
4.063
4.097
4.098
4.133
4.125
4.163
4.162
4.193
4.193
4.213
4.213
4.268
4.266
4.317
4.318
4.366
4.358
4.413
4.414
4.516
4.517
1.847
1.848
1.838
1.841
4.321
4.328
4.377
4.352
4.692
4.693
4.626
4.625
4.691
4.691
4.761
4.76
4.79
4.79
4.875
4.875
4.931
4.938
4.972
4.959
5.662
5.661
3.625
3.633
5.886
5.878
3.532
3.534
6.169
6.159
6.306
6.306
6.469
6.468
6.628
6.618
6.803
6.795
6.392
6.39
5.576
5.574
5.513
5.513
5.455
5.45
5.397
5.397
5.353
5.352
4.949
4.947
4.902
4.913
4.919
4.93
5.14
5.152
5.121
5.119
5.082
5.088
4.186
4.191
4.226
4.221
4.918
4.885
4.476
4.483
4.458
4.458
4.425
4.424
4.355
4.362
4.332
4.331
4.422
4.413
4.856
4.851
6.303
6.302
7.505
7.516
7.487
7.496
7.47
7.471
7.452
7.452
7.435
7.444
7.426
7.426
7.426
7.419
7.409
7.41
7.121
7.121
7.099
7.1
7.13
7.116
7.326
7.327
7.324
7.333
7.335
7.333
7.343
7.342
7.35
7.35
7.359
7.366
7.366
7.375
7.195
7.195
7.515
7.515
7.531
7.531
7.559
7.56
6.792
6.802
6.366
6.368
5.488
5.498
5.419
5.419
5.444
5.445
4.886
4.903
4.472
4.48
4.491
4.492
4.508
4.515
3.411
3.426
3.248
3.247
3.135
3.143
3.167
3.167
3.211
3.212
3.277
3.284
3.283
3.291
3.007
3.017
2.054
2.072
1.9
1.909
1.853
1.86
1.828
1.834
1.813
1.81
1.798
1.806
1.784
1.79
1.809
1.812
2.184
2.203
2.133
2.142
2.087
2.097
2.046
2.051
2.007
2.015
1.988
1.989
2.018
2.025
2.051
2.059
2.083
2.093
1.67
1.671
1.664
1.672
1.679
1.688
1.641
1.64
1.614
1.614
1.576
1.585
1.545
1.554
1.515
1.525
1.486
1.496
1.475
1.485
1.291
1.303
1.26
1.269
1.233
1.24
1.215
1.215
1.186
1.197
1.18
1.18
1.155
1.162
1.146
1.154
1.139
1.157
1.133
1.145
1.138
1.145
1.135
1.138
1.128
1.138
1.136
1.135
1.126
1.133
1.136
1.137
1.135
1.147
1.144
1.149
1.14
1.144
1.16
1.165
1.169
1.17
2.46387 9.0443 3.61121
