1 361
3.668
3.676
3.676
3.683
3.682
3.691
3.683
3.709
3.699
3.717
3.717
3.733
3.723
3.749
3.74
3.766
3.757
3.781
3.772
3.8
3.8
3.825
3.814
3.841
3.841
3.868
3.868
3.895
3.885
3.921
3.913
3.947
3.947
3.973
3.973
4.007
4.005
4.04
4.041
4.075
4.065
4.116
4.107
4.148
4.149
4.191
4.191
4.232
4.231
4.281
4.28
4.328
4.322
4.375
4.372
4.309
4.292
4.479
4.478
4.537
4.528
4.592
4.592
4.66
4.654
4.724
4.722
4.783
4.782
4.862
4.858
4.928
4.927
5.009
5.012
5.093
5.091
5.18
5.18
5.283
5.286
5.376
5.379
5.479
5.479
5.585
5.582
2.304
2.294
2.279
2.269
2.244
2.236
2.212
2.211
2.256
2.256
2.316
2.306
2.375
2.367
2.439
2.431
2.512
2.504
2.578
2.57
2.655
2.647
2.733
2.732
2.823
2.816
2.925
2.918
3.023
3.023
3.143
3.135
3.272
3.256
3.398
3.39
3.537
3.538
3.705
3.695
3.875
3.874
4.073
4.066
4.291
4.29
4.361
4.359
4.371
4.361
4.361
4.359
4.333
4.344
4.33
4.331
4.316
4.317
4.316
4.315
4.3
4.292
4.29
4.307
4.286
4.286
4.284
4.292
4.295
4.301
4.313
4.329
4.319
4.32
4.334
4.343
4.348
4.365
4.364
4.394
4.416
4.434
4.451
4.461
4.46
4.462
4.471
4.47
4.478
4.478
4.488
4.478
4.488
4.496
4.494
4.494
4.509
4.51
4.517
4.517
4.534
4.534
4.489
4.498
4.119
4.12
3.807
3.819
3.531
3.541
3.302
3.311
3.126
3.127
2.951
2.953
2.799
2.808
2.657
2.668
2.539
2.548
2.414
2.422
2.315
2.325
2.223
2.231
2.134
2.144
2.054
2.073
1.985
1.992
1.915
1.924
1.848
1.865
1.799
1.798
1.747
1.746
1.753
1.735
1.762
1.762
1.778
1.778
1.795
1.803
1.828
1.82
1.846
1.849
1.869
1.87
1.894
1.894
1.916
1.919
1.943
1.942
1.977
1.978
2.002
2.003
2.038
2.038
2.073
2.073
2.108
2.109
2.145
2.143
2.179
2.179
2.222
2.221
2.265
2.265
2.307
2.306
2.356
2.356
2.403
2.403
2.451
2.462
2.513
2.522
2.524
2.53
2.496
2.495
2.464
2.472
2.439
2.438
2.414
2.414
2.39
2.397
2.364
2.375
2.342
2.349
2.323
2.323
2.299
2.306
2.282
2.29
2.266
2.274
2.247
2.257
2.23
2.24
2.214
2.223
2.205
2.214
2.188
2.198
2.179
2.179
2.161
2.171
2.152
2.161
2.143
2.152
2.134
2.143
2.125
2.135
2.116
2.117
2.107
2.117
2.108
2.108
2.099
2.099
2.09
2.099
2.082
2.091
2.082
2.082
2.074
2.083
2.067
2.076
2.072
2.076
2.072
2.074
2.06
2.069
2.051
2.06
2.051
2.06
2.069
2.067
2.072
2.071
2.075
2.074
2.068
2.076
2.076
2.084
-3.94045 10.4372 4.61319
