1 361
1.894
1.878
1.878
1.868
1.861
1.843
1.843
1.834
1.825
1.816
1.807
1.798
1.798
1.79
1.79
1.781
1.771
1.764
1.764
1.754
1.745
1.746
1.736
1.737
1.728
1.72
1.72
1.711
1.702
1.703
1.693
1.703
1.694
1.685
1.694
1.685
1.685
1.677
1.677
1.669
1.669
1.669
1.669
1.661
1.66
1.661
1.661
1.654
1.654
1.655
1.646
1.648
1.65
1.654
1.648
1.652
1.654
1.65
1.652
1.652
1.652
1.652
1.65
1.648
1.645
1.648
1.646
1.65
1.65
1.657
1.655
1.655
1.663
1.662
1.662
1.67
1.67
1.67
1.67
1.678
1.678
1.813
1.677
3.327
3.363
3.428
3.421
3.18
3.137
2.852
2.839
2.825
2.823
2.834
2.833
2.845
2.852
2.848
2.9
3.206
3.217
3.004
2.998
2.915
2.93
3.101
3.103
3.017
2.999
2.94
2.943
2.96
2.968
2.993
2.992
3.043
3.187
3.254
3.227
3.144
3.129
3.05
3.033
2.975
2.986
3.013
3.012
3.039
3.047
3.074
3.083
3.11
3.118
3.145
3.16
3.396
3.388
3.34
3.339
3.292
3.283
3.244
3.249
8.183
8.183
8.183
8.183
4.955
4.943
4.867
4.857
4.833
4.809
4.737
4.736
4.711
4.722
4.702
4.704
4.685
4.686
4.668
4.67
4.658
4.661
4.657
4.675
5.648
5.677
5.781
5.817
5.919
5.945
6.058
6.092
6.213
6.247
6.374
6.416
6.547
6.589
3.887
3.918
3.867
3.869
3.832
3.824
3.789
3.79
3.755
3.756
3.724
3.714
3.688
3.679
3.654
3.647
3.631
3.621
3.606
3.597
3.572
3.571
3.545
3.545
3.528
3.528
3.503
3.503
3.484
3.476
3.469
3.46
3.445
3.442
3.427
3.426
3.409
3.409
3.402
3.402
3.387
3.386
3.377
3.378
3.369
3.37
3.361
3.361
3.355
3.355
3.347
3.348
3.339
3.34
3.333
3.341
3.327
3.336
3.324
3.334
3.327
3.326
3.327
3.328
3.326
3.333
3.328
3.328
3.327
3.333
3.332
3.34
3.338
3.347
3.346
3.353
3.353
3.361
3.36
3.369
3.367
3.375
3.375
3.383
3.391
3.399
3.399
3.406
3.416
3.423
3.431
3.442
3.448
3.448
3.463
3.464
3.48
3.5
3.508
3.515
3.532
3.541
3.549
3.557
3.575
3.584
3.593
3.61
3.619
3.633
3.643
3.659
3.677
3.683
3.71
3.72
3.735
3.751
3.777
3.785
3.812
3.821
3.847
3.864
3.884
3.901
3.926
3.946
3.97
3.986
4.015
4.032
4.066
4.083
4.117
4.132
4.167
4.183
4.224
4.249
4.282
4.308
4.348
4.377
4.413
4.439
4.482
4.507
4.548
4.582
4.631
4.649
4.709
4.736
4.789
4.815
4.876
4.902
4.962
4.996
5.062
5.094
5.171
5.295
6.9
6.878
6.81
6.786
6.718
6.692
6.632
6.606
6.543
6.526
6.465
6.447
6.396
6.372
6.32
6.303
2.13048 -1.20334 1.19543
