1 361
0.764
0.754
0.755
0.748
0.739
0.739
0.73
0.723
0.722
0.714
0.715
0.705
0.706
0.697
0.697
0.688
0.688
0.673
0.68
0.672
0.673
0.663
0.664
0.663
0.663
0.657
0.648
0.651
0.652
0.678
0.679
0.71
0.708
0.742
0.75
0.774
0.779
0.812
0.807
0.852
0.856
0.897
0.904
0.942
0.957
1
1.02
1.069
1.094
1.147
1.181
1.238
1.262
1.339
1.371
1.452
1.498
1.595
1.66
1.772
1.948
2.051
2.182
2.376
2.464
2.682
2.909
3.181
3.298
3.308
3.308
3.307
3.308
3.308
3.307
3.308
3.307
3.298
3.299
3.309
3.308
3.308
3.308
3.309
3.308
3.308
3.316
3.316
3.316
3.317
3.324
3.325
3.332
3.33
3.339
3.348
3.348
3.356
3.357
3.364
3.37
3.371
3.379
3.387
3.395
3.404
3.404
3.421
3.42
3.429
3.444
3.445
3.462
3.461
3.478
3.488
3.495
3.514
3.522
3.531
3.538
3.547
3.564
3.582
3.591
3.608
3.625
3.632
3.649
3.667
3.681
3.699
3.724
3.733
3.76
3.769
3.794
3.802
3.83
3.846
3.864
3.882
3.908
3.926
3.951
3.97
3.997
4.013
4.049
4.065
4.1
4.117
4.141
4.173
4.197
4.21
4.252
4.297
4.275
4.226
4.373
4.423
4.46
4.491
4.526
4.557
4.602
4.644
4.685
4.72
4.763
4.802
4.845
4.887
4.927
4.979
5.035
5.076
5.135
5.181
5.24
5.299
5.369
5.419
5.478
5.546
5.609
5.681
5.749
5.819
5.894
5.97
6.053
6.14
6.215
6.304
6.399
6.488
6.583
6.683
6.788
6.903
7.007
7.125
2.454
2.437
2.429
2.42
2.413
2.396
2.391
2.422
2.477
2.527
2.579
2.634
2.703
2.752
2.819
2.886
2.957
3.03
3.109
3.189
3.279
3.371
3.484
3.589
3.705
3.831
3.955
4.098
4.248
4.407
4.609
4.657
4.652
4.643
4.643
4.628
4.629
4.617
4.619
4.602
4.601
4.595
4.594
4.576
4.586
4.577
4.578
4.567
4.567
4.559
4.56
4.559
4.561
4.56
4.563
4.561
4.564
4.561
4.559
4.56
4.568
4.569
4.576
4.573
4.577
4.582
4.592
4.592
4.592
4.599
4.617
4.614
4.623
4.625
4.632
4.643
4.656
4.65
4.667
4.678
4.686
4.692
4.705
4.707
4.722
4.598
4.443
4.32
4.189
4.06
3.958
3.854
3.744
3.664
3.577
3.5
3.424
3.34
3.265
3.203
3.141
3.08
3.011
2.963
2.894
2.854
2.798
2.753
2.695
2.659
2.609
2.574
2.534
2.49
2.443
2.418
2.377
2.353
2.311
2.287
2.256
2.273
2.29
2.29
2.315
2.324
2.341
2.348
2.365
2.381
2.402
2.413
2.43
2.447
2.472
2.479
2.505
2.522
2.546
2.561
2.579
2.597
2.622
2.639
2.667
2.684
2.711
2.726
2.76
2.778
2.805
2.836
2.872
2.89
2.916
2.942
2.977
-3.70976 10.6002 3.65587
