1 361
4.966
4.915
4.871
4.843
4.814
4.786
4.826
4.836
4.813
4.78
4.74
4.703
4.65
4.509
4.465
4.433
4.408
4.384
4.357
4.338
4.517
4.473
4.446
4.41
3.986
3.96
3.942
3.923
3.898
3.879
3.861
3.843
3.826
3.801
3.782
3.764
3.757
3.729
3.713
3.698
3.692
3.675
3.657
3.638
3.632
3.616
3.607
3.583
3.574
3.564
3.556
3.54
3.541
3.522
3.513
3.507
3.497
3.486
3.478
3.468
3.461
3.456
3.45
3.442
3.438
3.427
3.425
3.415
3.415
3.406
3.409
3.402
3.4
3.389
3.393
3.377
3.382
3.378
3.38
3.373
3.37
3.365
3.372
3.363
3.364
3.361
3.359
3.36
3.362
3.358
3.359
3.35
3.359
3.353
3.36
3.352
3.358
3.359
3.367
3.356
3.367
3.364
3.375
3.374
3.381
3.37
3.4
4.552
4.559
4.56
4.578
4.569
4.585
4.594
4.601
4.613
4.618
4.628
4.645
4.644
4.662
4.67
4.688
4.697
4.714
4.722
4.739
4.747
4.764
4.775
4.793
4.799
4.827
4.835
4.854
4.871
4.896
4.905
4.931
4.939
4.964
4.973
5.007
5.025
5.057
5.066
5.099
5.106
5.149
5.156
5.198
5.215
5.25
5.264
5.307
5.315
5.36
5.375
5.419
5.452
5.485
5.512
5.554
5.58
5.632
5.652
5.705
5.731
5.698
5.643
5.57
5.517
5.46
5.406
5.351
5.305
2.481
2.494
2.48
2.454
2.439
2.423
2.406
2.38
2.363
2.338
2.33
2.313
2.296
2.27
2.261
2.244
2.235
2.218
2.209
2.191
2.173
2.165
2.147
2.138
2.129
2.111
2.102
2.084
2.084
2.066
2.057
2.049
2.041
2.031
2.022
2.006
2.005
1.988
1.979
1.971
1.962
1.954
1.945
1.937
1.937
1.919
1.919
1.911
1.911
1.893
1.893
1.885
1.876
1.876
1.868
1.86
1.867
1.851
1.851
1.842
1.843
1.833
1.833
1.824
1.824
1.815
1.824
1.815
1.815
1.807
1.807
1.798
1.807
1.798
1.8
1.791
1.791
1.792
1.793
1.784
1.785
1.788
1.781
1.782
1.785
1.779
1.781
1.776
1.777
1.778
1.777
1.777
1.783
1.779
2.358
2.377
2.586
2.842
2.976
2.987
3.102
3.551
3.37
3.509
3.51
3.527
3.508
3.494
3.129
2.898
2.886
2.891
2.89
2.894
2.899
2.894
2.908
3.082
3.073
2.981
2.921
2.922
2.918
2.913
2.94
3.181
3.083
3.04
2.962
2.948
2.969
2.97
2.985
2.995
3.009
3.043
3.346
3.297
3.204
3.164
3.076
3.042
2.964
2.958
2.976
2.976
2.996
3.003
3.021
3.03
3.047
3.057
3.084
3.092
3.395
3.386
3.338
3.321
3.28
3.256
3.215
3.199
3.179
8.137
8.183
8.183
8.183
8.183
8.183
8.183
8.183
8.183
4.843
4.809
4.766
4.739
4.669
4.642
4.625
4.607
4.592
4.591
4.572
4.565
4.558
12.6837 6.62864 0.903784
