1 361
1.048
1.024
1.018
0.991
0.99
0.967
0.955
0.933
0.934
0.909
0.908
0.89
0.882
0.87
0.861
0.845
0.843
0.827
0.821
0.813
0.803
0.796
0.786
0.779
0.77
0.761
0.762
1.733
1.73
1.737
1.737
1.73
1.731
1.727
1.73
1.726
1.73
1.729
1.726
1.73
1.732
1.728
1.719
1.719
1.719
1.719
1.728
1.73
1.727
1.729
1.732
1.733
1.729
1.729
1.73
1.73
1.729
1.737
1.737
1.746
1.745
1.745
1.745
1.754
1.754
1.763
1.763
1.767
1.765
1.772
1.772
1.781
1.781
1.789
1.789
1.797
1.796
1.806
1.805
1.814
1.818
1.823
1.831
1.831
1.84
1.849
1.849
1.857
1.866
1.874
1.874
1.883
1.893
1.9
1.908
1.916
1.925
1.933
1.942
1.959
1.959
1.968
1.985
1.993
2.001
2.01
2.027
2.036
2.046
2.057
2.044
2.056
2.066
2.082
2.262
2.296
2.312
2.337
2.337
2.363
2.371
2.394
2.405
2.428
2.445
2.47
2.478
2.503
2.519
2.544
2.552
2.584
2.602
2.628
2.647
2.681
2.697
2.73
2.748
2.782
2.808
2.776
2.766
2.732
2.724
2.707
2.736
2.784
2.814
2.857
2.881
2.923
2.951
2.995
3.024
3.064
3.1
3.152
3.186
3.243
3.278
3.326
3.367
3.423
3.466
3.528
3.577
3.645
3.69
3.763
3.816
3.897
3.956
4.041
4.102
4.197
4.266
4.424
5.793
5.912
6.025
6.177
6.297
6.47
6.601
6.689
6.678
6.652
6.641
6.618
6.608
6.582
6.573
6.549
6.652
7.077
7.175
7.439
7.668
8.183
8.183
8.183
8.183
8.183
8.183
8.183
8.183
8.183
8.183
8.183
8.183
8.187
8.183
8.191
8.183
8.183
8.183
8.183
8.183
8.183
8.183
8.183
8.183
8.183
8.183
8.183
8.183
8.183
8.183
8.183
8.183
8.183
8.183
8.183
8.183
8.183
8.183
8.183
8.183
8.183
8.183
8.183
8.063
7.584
7.282
6.881
6.625
6.149
6.147
6.156
6.192
6.22
6.269
7.142
7.418
7.511
7.571
4.329
4.259
4.122
4.036
3.916
3.835
3.723
3.653
3.557
3.491
3.394
3.337
3.25
3.204
3.131
3.079
3.01
2.966
2.895
2.862
2.794
2.755
2.705
2.67
2.618
2.574
2.533
2.5
2.46
2.426
2.389
2.363
2.319
2.295
2.262
2.236
2.202
2.184
2.149
2.132
2.105
2.08
2.057
2.035
2.01
1.993
1.967
1.951
1.924
1.911
1.892
1.876
1.85
1.833
1.817
1.809
1.793
1.774
1.752
1.741
1.723
1.716
1.698
1.69
1.672
1.664
1.648
1.639
1.626
1.616
1.6
1.593
1.584
1.569
1.561
1.552
1.545
1.536
1.528
1.512
1.507
1.496
1.488
1.488
1.471
1.462
1.463
1.455
1.437
1.438
1.43
1.421
1.413
1.406
1.404
1.396
1.396
1.388
1.379
1.379
1.37
1.361
1.362
1.353
4.11223 10.2226 2.19608
