1 361
0.378
0.378
0.378
0.378
0.378
0.377
0.366
0.378
0.369
0.367
0.365
0.366
0.366
0.366
0.367
0.376
0.364
0.382
0.376
0.379
0.37
0.378
0.38
0.379
0.378
0.379
0.378
0.375
0.38
0.393
0.379
0.401
0.391
0.393
0.395
0.471
0.403
0.823
0.646
1.426
0.856
1.422
1.426
0.425
0.469
0.399
0.4
0.396
0.391
0.411
0.403
0.418
0.406
0.412
0.413
0.412
0.413
0.415
0.415
0.412
0.41
0.486
0.466
0.504
0.513
0.891
0.698
1.462
8.189
1.468
1.475
1.485
1.483
1.517
1.6
1.633
1.633
1.643
1.643
1.719
1.728
1.737
1.747
1.746
1.755
1.762
1.763
1.78
1.781
1.788
1.797
1.805
1.815
1.822
1.83
1.84
1.84
1.857
1.865
1.873
1.882
1.95
1.951
1.976
1.977
1.993
2.002
2.019
2.028
2.046
2.046
2.072
2.081
2.091
2.109
2.126
2.136
2.159
2.165
2.121
2.12
2.082
2.084
2.108
2.117
2.142
2.152
2.156
2.151
2.116
2.107
2.08
2.08
2.106
2.115
2.177
2.185
2.219
2.239
2.272
2.282
2.313
2.331
2.373
2.381
2.423
2.442
2.481
2.505
2.546
2.562
2.623
7.633
7.781
7.853
7.993
8.07
8.183
8.183
8.183
8.183
8.183
8.183
8.183
8.183
8.183
8.183
8.183
8.183
8.183
8.183
5.013
5.011
4.986
4.978
5.014
5.087
5.246
5.336
5.499
5.586
5.783
5.877
6.107
6.215
6.458
6.605
6.87
7.009
7.315
7.492
7.49
7.487
7.472
7.463
7.436
7.433
7.418
7.41
7.388
7.391
7.371
7.382
7.356
7.355
7.347
7.34
7.329
7.328
7.312
7.321
7.312
7.312
7.294
7.303
7.294
7.296
7.295
7.303
7.294
7.294
7.303
7.305
7.299
6.978
5.72
5.275
4.531
4.357
4.361
4.361
4.36
4.37
4.377
4.383
4.386
4.39
4.401
4.411
4.406
4.417
4.419
4.434
4.432
4.444
4.451
4.468
4.466
4.482
4.482
4.5
4.51
4.52
4.526
4.534
4.55
4.567
4.579
4.588
4.437
4.376
4.245
4.176
4.053
4.001
3.901
3.848
3.751
3.697
3.61
3.568
3.475
3.441
3.358
3.321
3.244
3.219
3.153
3.119
3.058
3.023
2.969
2.933
2.89
2.855
2.799
2.78
2.729
2.704
2.66
2.639
2.6
2.583
2.533
2.517
2.479
2.46
2.42
2.411
2.378
2.362
2.33
2.311
2.278
2.27
2.236
2.227
2.201
2.184
2.157
2.15
2.124
2.114
2.088
2.08
2.062
2.045
2.027
2.018
2.002
1.992
1.968
1.959
1.933
1.933
1.912
1.902
1.884
1.887
1.787
1.665
1.648
1.648
1.609
1.626
1.617
1.615
1.599
1.592
1.583
1.616
1.675
1.752
1.731
1.735
1.728
1.718
1.71
1.7
1.683
1.693
1.678
1.67
1.671
1.661
1.655
1.657
1.647
1.64
1.637
1.631
-1.92274 12.9486 4.02839
