1 361
1.327
1.336
1.336
1.354
1.352
1.352
1.354
1.357
1.352
1.358
1.354
1.362
1.361
1.361
1.361
1.369
1.368
1.368
1.368
1.377
1.377
1.376
1.376
1.385
1.385
1.385
1.394
1.394
1.394
1.402
1.402
1.411
1.412
1.411
1.42
1.42
1.42
1.428
1.428
1.445
1.436
1.453
1.454
1.462
1.456
1.47
1.47
1.478
1.478
1.496
1.496
1.503
1.512
1.512
1.521
1.529
1.536
1.545
1.546
1.562
1.562
1.57
1.579
1.596
1.596
1.603
1.612
1.628
1.636
1.645
1.652
1.66
1.676
1.684
1.693
1.71
1.719
1.728
1.737
1.753
1.763
1.779
1.787
1.803
1.821
1.828
1.847
1.862
1.87
1.897
1.905
1.931
1.937
1.964
1.972
1.997
2.015
2.039
2.051
2.074
2.091
2.118
2.136
2.162
2.179
2.216
2.23
2.265
2.285
2.316
2.332
2.376
2.4
2.44
2.456
2.506
2.531
2.569
2.595
2.623
2.644
2.714
3.03
3.088
3.127
3.194
3.274
4.143
4.144
4.119
4.119
4.093
4.094
4.068
4.071
4.093
4.14
4.075
4.05
4.025
4.026
4.001
4.015
4.204
4.297
4.257
4.25
4.257
4.27
4.427
4.327
4.339
4.454
5.7
5.864
6.143
6.345
6.649
6.901
7.286
7.551
8.023
8.183
8.183
8.183
8.183
8.183
8.183
8.183
8.183
8.183
8.183
8.183
8.183
8.183
8.183
8.183
8.183
8.183
8.183
8.183
8.183
8.183
8.183
8.183
8.183
8.183
8.183
8.183
8.183
8.183
8.183
8.183
8.183
8.183
8.183
8.183
8.183
8.183
8.183
8.183
8.183
8.183
8.183
8.035
7.637
7.396
6.998
6.952
6.957
6.977
6.483
5.993
5.81
5.658
2.195
2.223
2.268
2.318
2.366
2.424
2.481
2.54
2.599
2.667
2.757
2.77
2.762
2.771
2.762
2.773
2.771
2.772
2.771
2.781
2.777
2.79
2.788
2.796
2.794
2.804
2.804
2.813
2.813
2.821
2.82
2.839
2.83
2.848
2.848
2.871
2.821
2.797
2.748
2.731
2.688
2.662
2.627
2.61
2.567
2.559
2.528
2.503
2.47
2.451
2.42
2.404
2.38
2.362
2.336
2.32
2.292
2.28
2.255
2.246
2.219
2.211
2.186
2.177
2.151
2.142
2.123
2.115
2.098
2.079
2.062
2.053
2.036
2.035
2.019
2.011
1.994
1.976
1.968
1.95
1.944
1.936
1.921
1.92
1.902
1.894
1.886
1.877
1.868
1.86
1.841
1.819
1.81
1.802
1.795
1.811
1.844
1.892
1.934
1.939
1.924
1.914
1.907
1.897
1.898
1.891
1.881
1.88
1.873
1.864
1.855
1.855
1.849
1.849
1.838
1.84
1.833
1.831
1.824
1.824
1.824
1.816
1.815
1.816
1.808
1.806
1.798
1.798
1.781
1.791
1.791
1.793
1.784
1.783
1.783
1.784
1.775
1.777
1.778
1.78
1.776
1.774
1.755
1.777
1.768
1.784
0.662787 13.8223 6.15087
