1 361
1.611
1.611
1.611
1.603
1.602
1.593
1.593
1.593
1.585
1.585
1.577
1.577
1.577
1.569
1.568
1.569
1.568
1.56
1.559
1.559
1.551
1.552
1.552
1.559
1.554
1.545
1.55
1.546
1.553
1.55
1.548
1.547
1.552
1.543
1.535
1.526
1.535
1.526
1.551
1.549
1.554
1.554
1.554
1.549
1.556
1.553
1.552
1.56
1.56
1.559
1.559
1.559
1.559
1.563
1.568
1.568
1.576
1.576
1.576
1.584
1.584
1.592
1.592
1.587
1.587
1.581
1.587
1.585
1.596
1.631
1.769
1.777
1.776
1.784
1.785
1.794
1.801
1.802
1.809
1.819
1.827
1.827
1.836
1.845
1.852
1.862
1.871
1.878
1.886
1.886
1.903
1.903
1.92
1.92
1.937
1.945
1.954
1.962
1.981
1.988
1.998
2.005
2.023
2.031
2.049
2.057
2.075
2.084
2.101
2.113
2.128
2.138
2.165
2.173
2.159
2.13
2.114
2.088
2.071
2.056
2.081
2.09
2.134
2.146
2.172
2.188
2.209
2.225
2.25
2.259
2.294
2.302
2.336
2.353
2.386
2.402
2.426
2.452
2.484
2.501
2.541
2.558
2.599
2.614
2.661
2.684
2.718
2.752
2.786
2.822
2.87
2.896
2.949
2.974
3.027
3.071
3.13
3.166
3.223
3.265
3.331
3.379
3.443
3.506
3.573
3.66
5.075
5.047
5.12
5.224
5.353
5.447
5.585
5.69
5.84
5.944
5.93
5.922
5.899
5.879
5.87
5.846
5.836
5.82
5.81
5.801
6.422
6.478
6.457
6.664
6.957
8.183
8.183
8.183
8.183
8.183
8.183
8.183
8.183
8.183
8.183
8.183
8.183
8.183
8.183
8.183
8.183
8.187
8.187
8.187
8.187
8.183
8.183
8.183
8.183
8.183
8.183
8.183
8.183
8.183
8.183
8.183
8.183
8.183
8.183
8.183
8.183
8.183
8.183
8.183
8.183
8.183
8.183
8.183
8.183
8.183
8.183
7.951
7.451
7.182
6.862
6.625
6.349
6.148
5.927
5.747
5.476
5.481
5.505
5.538
5.576
5.611
6.813
6.837
6.938
6.95
6.982
6.997
7.022
7.041
3.738
3.691
3.624
3.566
3.485
3.438
3.364
3.315
3.252
3.206
3.139
3.095
3.045
3.001
2.948
2.905
2.851
2.818
2.767
2.732
2.693
2.658
2.623
2.588
2.55
2.531
2.49
2.465
2.424
2.408
2.375
2.35
2.317
2.292
2.268
2.251
2.225
2.2
2.182
2.164
2.128
2.121
2.094
2.081
2.051
2.042
2.025
2.008
1.991
1.973
1.956
1.942
1.924
1.905
1.897
1.882
1.865
1.856
1.839
1.83
1.818
1.806
1.791
1.782
1.773
1.766
1.746
1.74
1.73
1.723
1.705
1.701
1.689
1.68
1.672
1.673
1.655
1.648
1.639
1.639
1.624
1.616
1.607
1.599
1.599
1.591
1.583
1.575
1.575
1.567
1.558
1.551
1.551
1.542
1.534
1.534
1.526
1.529
1.517
1.518
1.509
3.58103 10.8776 2.25305
