1 361
2.06
2.033
2.024
2.006
1.997
1.979
1.961
1.944
1.936
1.918
1.908
1.891
1.881
1.865
1.856
1.839
1.839
1.822
1.813
1.796
1.796
1.779
1.771
1.762
1.608
1.557
1.557
1.541
1.54
1.542
1.551
1.539
1.532
1.523
1.523
1.515
1.515
1.507
1.498
1.49
1.49
1.481
1.474
1.473
1.464
1.456
1.457
1.456
1.447
1.438
1.438
1.431
1.431
1.423
1.422
1.415
1.414
1.406
1.415
1.406
1.406
1.397
1.397
1.389
1.397
1.389
1.389
1.38
1.39
1.381
1.38
1.371
1.381
1.373
1.372
1.372
1.373
1.364
1.365
1.369
1.372
1.366
1.371
1.37
1.368
1.367
1.359
1.35
1.35
1.35
1.368
1.366
1.371
1.364
1.367
1.363
1.368
1.365
1.373
1.364
1.372
1.372
1.372
1.372
1.38
1.381
1.381
1.375
1.389
1.381
1.389
1.389
1.397
1.397
1.406
1.406
1.406
1.406
1.415
1.416
1.424
1.416
1.433
1.427
1.433
1.433
1.441
1.441
1.45
1.459
1.459
1.459
1.475
1.475
1.483
1.483
1.492
1.5
1.51
1.509
1.517
1.526
1.534
1.534
1.542
1.55
1.559
1.559
1.575
1.575
1.592
1.592
1.609
1.609
1.633
1.633
1.651
1.65
1.667
1.675
1.692
1.692
1.709
1.717
1.734
1.744
1.752
1.761
1.787
1.786
1.813
1.797
1.806
1.824
1.841
1.883
2.082
2.1
2.126
2.136
2.164
2.172
2.198
2.216
2.24
2.266
2.283
2.307
2.341
2.35
2.383
2.406
2.438
2.456
2.496
2.512
2.553
2.586
2.63
2.642
2.625
2.606
2.597
2.581
2.573
2.566
2.616
2.689
2.731
2.763
2.814
2.854
2.907
2.951
3.001
3.053
3.106
3.159
3.222
3.281
3.347
3.41
3.496
3.549
3.633
3.706
3.801
3.882
3.981
4.073
4.192
4.297
4.421
4.57
5.164
5.343
5.386
5.376
5.366
5.443
5.688
5.836
5.81
5.776
5.749
5.714
5.687
5.652
5.635
5.598
5.58
5.546
5.549
5.583
5.638
5.672
5.734
5.769
5.83
5.873
5.933
8.183
8.183
8.187
8.191
8.187
8.183
8.183
8.183
8.183
8.183
8.183
8.183
8.183
8.183
8.183
8.183
8.183
8.183
8.183
8.183
8.187
8.187
8.183
8.183
8.183
8.183
8.183
8.183
8.183
8.183
7.972
7.65
7.38
7.085
6.835
6.587
6.382
6.168
5.91
5.926
5.934
5.955
5.772
5.627
5.471
5.467
4.032
3.922
3.888
3.86
3.844
3.833
3.822
3.83
3.829
3.842
3.855
3.806
3.745
3.668
3.611
3.544
3.491
3.425
3.376
3.319
3.271
3.213
3.179
3.127
3.084
3.043
3.005
2.96
2.917
2.882
2.848
2.796
2.772
2.719
2.685
2.633
2.58
2.532
2.508
2.457
2.424
2.387
2.361
2.325
2.301
2.268
2.249
2.216
2.201
2.176
2.16
2.127
2.119
2.094
7.32367 3.73501 1.05301
