1 361
1.878
1.868
1.869
1.861
1.861
1.853
1.843
1.843
1.844
1.834
1.833
1.824
1.823
1.815
1.814
1.806
1.806
1.798
1.797
1.797
1.796
1.787
1.789
1.789
1.788
1.78
1.781
1.77
1.781
1.772
1.773
1.765
1.766
1.766
1.759
1.74
1.746
1.729
1.721
1.721
1.921
8.183
8.183
8.183
8.183
8.183
8.183
8.183
8.183
8.183
8.183
8.183
8.183
8.183
8.183
8.183
8.183
8.183
8.183
8.183
8.183
8.183
8.183
8.183
8.183
8.183
8.183
8.183
8.183
8.183
8.183
8.183
8.183
8.183
8.183
8.183
8.183
8.183
8.183
8.183
8.183
8.183
8.183
8.183
8.183
8.183
8.183
8.183
3.066
3.032
2.981
2.957
2.913
2.885
2.846
2.831
2.78
2.763
2.729
2.705
2.671
2.644
2.617
2.592
2.566
2.55
2.518
2.502
2.476
2.452
2.435
2.414
2.441
2.428
2.503
2.4
2.338
2.314
2.281
2.271
2.261
2.261
2.295
2.302
2.343
2.344
2.377
2.386
2.418
2.427
2.46
2.468
2.5
2.509
2.548
2.557
2.597
2.596
2.648
2.657
2.699
2.71
2.758
2.759
2.81
2.826
2.876
2.885
2.943
2.959
3.012
3.03
3.096
3.095
3.173
3.182
3.262
3.27
3.351
3.36
3.443
3.468
3.545
3.573
3.656
3.673
3.783
3.8
3.909
3.936
4.05
4.073
4.191
4.224
4.351
4.383
4.531
4.568
4.729
4.763
4.943
4.997
5.185
5.242
5.454
5.519
5.753
5.818
6.07
6.144
6.972
7.067
7.435
7.56
7.642
7.623
7.721
7.915
8.187
8.183
8.183
8.183
8.183
8.183
8.183
8.183
8.187
8.183
8.183
8.187
8.187
7.616
7.626
7.601
7.616
8.183
8.187
7.54
7.529
7.523
7.564
7.557
7.768
7.574
7.574
7.577
7.561
8.187
7.639
8.187
8.183
8.187
8.187
8.183
8.183
8.183
8.183
8.183
8.183
8.183
7.62
7.424
7.386
7.385
6.334
6.171
5.798
5.687
5.352
5.276
4.981
4.904
4.659
4.543
4.522
4.517
4.546
4.551
4.369
4.314
3.871
3.664
3.546
3.497
3.373
3.341
3.233
3.207
3.102
3.084
2.983
2.958
2.872
2.856
2.764
2.755
2.671
2.662
2.585
2.576
2.51
2.495
2.429
2.419
2.363
2.355
2.296
2.287
2.235
2.218
2.176
2.168
2.123
2.123
2.069
2.071
2.021
2.02
1.984
1.976
1.933
1.933
1.872
1.872
1.852
1.851
1.877
1.877
1.902
1.911
1.939
1.938
1.92
1.92
1.894
1.885
1.86
1.853
1.827
1.827
1.803
1.802
1.777
1.777
1.761
1.752
1.725
1.725
1.707
1.707
1.691
1.692
1.666
1.666
1.649
1.642
1.625
1.624
1.608
1.609
1.593
1.593
1.576
1.575
1.559
1.559
1.545
1.543
1.528
1.536
1.521
1.519
1.504
1.513
1.496
1.496
1.488
1.489
1.471
1.48
1.298
10.0178 13.5893 5.78414
