1 361
2.248
2.256
2.265
2.265
2.274
2.274
2.291
2.29
2.299
2.307
2.307
2.314
2.323
2.332
2.339
2.348
2.357
2.367
2.373
2.381
2.398
2.398
2.415
2.422
2.43
2.44
2.447
2.429
2.446
2.454
8.183
8.183
8.183
8.183
8.183
8.183
8.183
8.183
8.183
8.183
8.183
8.183
8.183
8.183
8.183
4.068
4.037
3.993
3.968
3.933
3.91
3.883
3.858
3.834
3.801
3.78
3.758
3.732
3.709
3.68
3.664
3.639
3.613
3.598
3.581
3.556
3.538
3.562
3.607
3.542
3.478
3.454
3.437
3.4
3.432
3.478
3.533
3.559
3.61
3.644
3.703
3.737
3.791
3.824
3.887
3.931
3.991
4.035
4.102
4.147
4.223
4.272
4.343
4.401
4.482
4.537
4.626
4.685
4.773
4.844
4.944
5.012
5.125
5.202
5.323
5.412
5.54
5.636
5.773
5.867
6.047
6.147
6.32
6.439
6.644
6.773
7.004
7.144
7.405
7.613
8.183
8.183
8.183
8.183
8.183
8.183
8.183
8.187
8.187
8.183
8.187
8.183
8.183
8.183
8.187
8.183
8.183
8.183
8.187
8.187
8.187
8.183
8.183
8.183
8.183
8.183
8.183
8.187
8.187
8.183
8.183
8.183
8.183
8.183
8.183
8.183
8.183
8.187
8.187
8.187
8.183
8.187
8.183
8.183
7.719
7.408
6.69
6.343
5.738
5.594
5.611
5.602
4.635
4.503
4.22
4.079
3.876
3.747
3.573
3.472
3.324
3.235
3.098
3.029
2.918
2.834
2.714
2.712
2.729
2.731
2.746
2.745
2.756
2.704
2.629
2.58
2.522
2.482
2.416
2.375
2.326
2.287
1.884
1.833
1.804
1.793
1.774
1.756
1.713
1.696
1.663
1.643
1.613
1.597
1.564
1.548
1.522
1.507
1.485
1.466
1.441
1.432
1.408
1.391
1.375
1.365
1.35
1.331
1.316
1.306
1.288
1.271
1.262
1.254
1.236
1.218
1.212
1.201
1.184
1.175
1.161
1.154
1.143
1.132
1.124
1.115
1.107
1.099
1.091
1.081
1.065
1.066
1.057
1.049
1.041
1.033
1.028
1.019
1.018
1.009
1
0.992
0.983
0.983
0.975
0.966
0.967
0.959
0.949
0.949
0.942
0.941
0.933
0.933
0.924
0.924
0.915
0.916
0.906
0.907
0.897
0.898
0.89
0.89
0.89
0.881
0.88
0.872
0.872
0.872
0.863
0.863
0.863
0.854
0.854
0.854
0.854
0.847
0.846
0.846
0.846
0.838
0.837
0.837
0.828
0.829
0.828
0.829
0.828
0.82
0.821
0.821
0.82
0.812
0.821
0.812
0.812
0.812
0.812
0.812
0.812
0.813
0.813
0.813
0.806
0.807
0.808
0.805
0.806
0.808
0.799
0.799
0.774
0.774
0.791
0.791
0.799
0.804
0.802
0.806
0.807
0.802
0.806
0.806
0.814
0.814
0.813
0.812
0.812
0.812
0.812
0.812
0.813
0.821
0.821
0.821
0.821
0.821
0.821
0.822
0.829
8.68166 13.7585 0.169882
