1 361
4.058
3.998
3.972
3.898
3.882
3.821
3.794
3.739
3.712
3.659
3.632
3.516
3.476
3.403
3.389
3.333
3.31
3.272
3.261
3.233
3.216
3.213
3.264
3.265
3.252
3.234
3.237
3.195
3.198
3.173
3.165
2.96
2.936
2.901
2.884
2.852
2.842
2.811
2.812
2.785
2.778
2.773
2.774
3.222
3.255
2.884
2.88
2.899
2.879
2.438
2.427
2.41
2.411
2.395
2.387
2.368
2.362
2.345
2.346
2.328
2.321
2.304
2.304
2.296
2.288
2.27
2.271
2.253
2.253
2.245
2.246
2.227
2.227
2.219
2.209
2.21
2.202
2.187
2.188
2.18
2.181
2.163
2.163
2.155
2.163
2.145
2.145
2.145
2.146
2.137
2.137
2.128
2.13
2.13
2.121
2.12
2.121
2.122
2.121
2.113
2.113
2.113
2.113
2.113
2.113
2.103
2.114
2.103
2.107
2.113
2.113
2.113
2.113
2.113
2.113
2.115
2.118
2.117
2.117
2.117
2.117
2.121
2.123
2.132
2.132
2.131
2.14
2.14
2.14
2.149
2.157
2.157
2.166
2.163
2.184
2.166
2.184
2.178
2.191
2.194
2.202
2.203
2.213
2.211
2.22
2.224
2.234
2.236
2.252
2.254
2.263
2.272
2.271
2.288
2.295
2.292
2.306
2.324
2.329
2.335
2.343
2.349
2.367
2.375
2.382
2.391
2.409
2.416
2.422
2.432
2.449
2.457
2.473
2.479
2.495
2.511
2.52
2.536
2.558
3.969
3.988
4.02
4.038
4.072
4.099
4.123
4.148
4.181
4.205
4.246
4.261
4.303
4.335
4.37
4.403
4.446
4.472
4.514
4.549
4.592
4.625
4.676
4.711
4.756
4.791
4.843
4.887
4.937
4.981
5.039
5.081
5.146
5.188
5.253
5.305
5.374
5.424
5.499
5.554
5.569
5.551
5.495
5.479
5.429
5.403
5.37
5.354
5.312
5.294
5.252
5.244
5.209
5.192
5.158
5.142
5.109
5.092
5.063
5.056
5.022
5.014
4.988
4.972
4.948
4.939
4.907
4.898
4.88
4.872
4.849
4.862
4.847
4.846
4.82
4.818
4.792
4.784
4.776
4.766
4.748
4.738
4.721
4.721
4.704
4.703
2.768
2.748
2.74
2.74
2.731
2.731
2.723
2.723
2.715
2.716
2.707
2.716
2.708
2.709
2.703
2.703
2.7
2.702
2.697
2.708
2.701
2.702
2.7
2.709
2.696
2.704
2.7
2.707
2.702
2.71
2.708
2.708
2.707
2.716
2.715
2.723
2.723
2.723
2.732
2.732
2.74
2.741
2.748
2.757
2.757
2.757
2.765
2.774
2.774
2.783
2.791
2.8
2.8
2.808
2.816
2.824
2.832
2.842
2.85
2.859
2.868
2.875
2.894
2.901
2.9
2.919
2.928
2.936
2.944
2.963
2.97
2.979
2.997
4.189
4.198
4.149
4.28
4.257
4.259
4.267
4.342
4.419
4.344
4.344
4.362
4.387
4.417
4.695
4.617
4.567
4.5
4.448
4.404
4.429
4.455
4.483
0.927505 -1.13148 -0.966223
