1 361
3.832
3.822
3.753
3.743
3.718
3.699
3.683
3.675
3.661
3.654
3.647
3.638
3.645
3.678
3.671
3.672
3.664
3.656
3.639
3.517
3.393
3.374
3.368
3.358
3.349
3.343
3.343
3.332
3.333
3.327
3.327
3.317
3.317
3.31
3.309
3.308
3.299
3.299
3.3
3.3
3.296
3.29
3.29
3.29
3.29
3.29
3.29
3.29
3.29
3.282
3.29
3.291
3.29
3.291
3.299
3.3
3.3
3.299
3.308
3.307
3.315
3.315
3.326
3.325
3.332
3.33
3.349
3.343
3.357
3.355
3.368
3.373
3.389
3.385
3.4
3.397
3.415
3.422
3.434
3.438
3.451
3.451
3.476
3.47
3.492
3.495
3.514
3.523
3.537
3.537
3.561
3.568
3.593
3.592
3.618
3.616
3.64
3.641
3.665
3.673
3.699
3.708
3.732
3.74
3.766
3.783
3.848
5.137
5.185
5.203
5.245
5.252
5.304
5.312
5.364
5.382
5.423
5.441
5.499
5.506
5.569
5.585
5.648
5.655
5.718
5.745
5.796
5.822
5.889
5.907
5.974
5.998
6.081
6.105
6.175
6.202
6.277
6.303
6.396
6.43
6.511
6.545
6.634
6.669
6.645
6.616
6.537
6.511
6.444
6.42
6.356
6.33
6.267
6.248
6.189
6.175
6.12
6.093
6.051
6.024
5.976
5.949
5.903
5.894
5.852
5.834
5.791
5.775
3.604
3.595
3.569
3.562
3.545
3.534
3.511
3.51
3.484
3.477
3.459
3.46
3.434
3.424
3.418
3.41
3.394
3.387
3.369
3.362
3.353
3.345
3.336
3.328
3.321
3.312
3.313
3.305
3.297
3.287
3.279
3.279
3.272
3.262
3.255
3.254
3.245
3.245
3.237
3.237
3.229
3.229
3.221
3.221
3.223
3.213
3.215
3.207
3.209
3.201
3.205
3.208
3.204
3.204
3.204
3.204
3.204
3.2
3.205
3.203
4.443
4.442
4.487
4.526
5.043
5.053
5.052
5.052
5.061
5.051
4.301
4.305
4.31
4.311
4.24
4.284
5.1
5.1
4.856
4.857
4.694
4.629
4.408
4.364
4.354
4.362
4.386
4.393
4.842
4.773
4.568
4.508
4.315
4.317
4.333
4.342
4.358
4.368
4.391
4.392
4.418
4.436
4.702
4.677
4.581
4.555
4.464
4.457
8.183
8.183
8.183
8.183
8.183
8.183
8.183
8.183
8.183
8.183
8.183
8.183
6.022
5.983
5.907
5.826
5.774
5.767
5.731
5.726
5.688
5.68
5.645
5.645
5.61
5.601
6.374
6.392
6.461
6.477
6.548
6.576
6.646
6.671
4.685
4.649
4.581
4.557
4.489
4.473
4.402
4.386
4.326
4.31
4.244
4.228
4.179
4.155
4.113
4.097
4.047
4.029
3.986
3.977
3.933
3.916
3.878
3.872
3.828
3.819
3.786
3.775
3.734
3.726
3.691
3.684
3.66
3.643
3.617
3.61
3.585
3.575
3.55
3.541
3.508
3.508
3.484
3.475
3.451
3.451
3.418
3.42
3.395
3.396
3.371
0.546658 -0.453591 -1.01073
