1 361
1.218
1.222
1.225
1.218
1.22
1.22
1.22
1.22
1.225
1.222
1.218
1.217
1.222
1.222
1.226
1.216
1.223
1.223
1.222
1.23
1.229
1.229
1.229
1.229
1.239
1.238
1.246
1.239
1.246
1.239
1.246
1.247
1.256
1.256
1.256
1.256
1.266
1.265
1.273
1.273
1.273
1.283
1.29
1.283
1.29
1.299
1.309
1.309
1.309
1.316
1.317
1.326
1.325
1.335
1.343
1.343
1.352
1.361
1.361
1.37
1.378
1.378
1.395
1.405
1.413
1.413
1.422
1.422
1.438
1.448
1.456
1.465
1.473
1.473
1.489
1.498
1.515
1.515
1.524
1.532
1.549
1.549
1.565
1.573
1.591
1.598
1.615
1.615
1.639
1.64
1.655
1.664
1.689
1.698
1.715
1.722
1.741
1.756
1.774
1.783
1.808
1.816
1.842
1.851
1.874
1.892
1.916
1.925
1.96
1.977
2.001
2.018
2.043
2.061
2.098
2.107
2.149
2.159
2.202
2.22
2.255
2.28
2.32
2.337
2.387
2.404
2.462
2.485
2.543
2.559
2.618
2.643
2.711
2.744
2.809
2.842
2.912
2.944
3.026
3.058
3.145
3.172
3.272
3.314
3.418
3.472
3.58
3.626
3.754
3.868
5.258
5.241
5.233
5.216
5.2
5.194
5.185
5.159
5.151
5.137
5.136
5.119
5.11
5.102
5.095
5.086
5.078
5.068
5.07
5.052
5.055
5.045
4.842
4.644
4.717
4.723
4.098
3.98
3.983
3.974
3.976
3.976
3.977
3.967
3.978
3.969
3.976
3.969
3.978
3.967
3.975
3.975
3.983
3.975
3.983
3.981
3.991
3.982
3.999
3.988
4.007
3.998
4.014
4.013
4.022
4.023
4.031
4.03
4.047
4.047
4.064
4.054
4.073
4.08
4.088
4.097
4.113
4.113
4.131
4.13
4.155
4.155
4.171
4.18
4.197
4.204
4.222
4.244
5.345
5.354
5.378
5.389
5.421
5.43
5.455
5.464
5.496
5.514
5.548
5.557
5.59
5.598
5.644
5.653
5.698
5.706
5.75
5.759
5.812
5.82
5.87
5.887
5.938
5.947
5.997
6.02
6.071
6.087
6.145
6.17
6.232
6.248
6.309
6.334
6.403
6.427
6.496
6.514
6.594
6.62
6.689
6.725
6.793
6.828
6.908
6.942
7.025
7.06
7.151
7.186
7.277
7.321
7.416
7.458
7.566
7.6
7.714
7.756
7.872
7.925
8.053
8.021
7.947
7.912
7.85
7.816
7.021
6.923
6.845
6.812
6.754
6.772
6.938
6.886
6.704
6.643
6.606
6.679
6.528
6.509
6.489
6.522
6.673
6.718
7.017
6.86
6.628
6.452
6.343
6.311
6.259
6.339
6.531
6.663
6.149
5.98
5.529
5.512
5.487
5.479
5.453
5.443
5.42
5.411
5.394
5.387
5.371
5.36
5.345
5.336
5.319
5.319
5.294
5.293
5.276
5.276
5.26
5.26
5.25
5.243
5.237
5.236
5.22
5.23
5.215
5.207
5.208
5.206
5.2
5.196
5.195
11.3226 7.36319 4.53531
