1 361
2.157
2.156
2.162
2.161
2.163
2.168
2.168
2.167
2.176
2.176
2.184
2.184
2.193
2.193
2.196
2.202
2.201
2.21
2.219
2.219
2.219
2.227
2.236
2.237
2.239
2.222
2.228
2.227
2.236
2.233
8.183
8.183
8.183
8.183
8.183
8.183
8.183
8.183
8.183
8.183
8.183
8.183
8.183
8.183
8.183
8.183
8.183
8.183
8.183
8.183
8.183
8.183
8.183
8.183
3.751
3.719
3.688
3.655
3.621
3.588
3.563
3.528
3.496
3.469
3.446
3.42
3.387
3.365
3.34
3.316
3.291
3.275
3.25
3.225
3.208
3.186
3.212
3.233
3.163
3.124
3.099
3.073
3.052
3.057
3.098
3.128
3.162
3.187
3.228
3.247
3.295
3.312
3.36
3.384
3.434
3.456
3.507
3.535
3.594
3.62
3.679
3.703
3.777
3.81
3.873
3.904
3.974
4.009
4.088
4.13
4.214
4.252
4.333
4.376
4.47
4.511
4.61
4.67
4.777
4.83
4.938
4.994
5.119
5.184
5.328
5.395
5.548
5.632
5.792
5.869
6.06
6.147
6.365
6.445
6.685
6.791
6.995
7.6
7.941
8.103
8.183
8.183
8.183
8.183
8.183
8.183
8.187
8.183
8.183
8.183
8.187
8.183
8.183
8.187
8.183
8.183
8.187
8.187
8.183
8.183
8.183
8.183
8.183
8.183
8.187
8.183
8.187
8.183
8.183
8.183
8.183
8.183
8.183
8.183
8.183
8.183
8.187
8.183
8.183
8.187
8.187
8.183
8.183
8.183
8.07
7.177
6.564
6.332
5.802
5.575
5.148
5.149
5.165
5.164
4.18
4.177
3.916
3.813
3.62
3.536
3.366
3.297
3.148
3.086
2.969
2.911
2.801
2.749
2.656
2.621
2.525
2.495
2.386
2.324
2.289
2.288
2.306
2.306
2.322
2.322
2.339
2.343
2.277
2.253
2.199
2.182
2.13
2.103
2.067
2.049
2.005
1.98
1.936
1.927
1.886
1.869
1.826
1.818
1.776
1.769
1.464
1.449
1.431
1.417
1.417
1.411
1.391
1.383
1.357
1.356
1.331
1.321
1.305
1.305
1.28
1.271
1.255
1.245
1.229
1.228
1.211
1.213
1.194
1.185
1.169
1.168
1.153
1.151
1.133
1.125
1.117
1.118
1.102
1.101
1.083
1.085
1.067
1.068
1.059
1.049
1.032
1.042
1.026
1.033
1.017
1.008
1.001
1.001
0.992
0.992
0.983
0.983
0.975
0.975
0.968
0.967
0.959
0.959
0.95
0.95
0.942
0.942
0.924
0.933
0.926
0.919
0.916
0.915
0.906
0.907
0.906
0.906
0.898
0.898
0.898
0.898
0.89
0.89
0.881
0.89
0.881
0.881
0.872
0.881
0.872
0.872
0.863
0.863
0.864
0.864
0.864
0.852
0.855
0.854
0.855
0.855
0.855
0.848
0.847
0.848
0.848
0.849
0.841
0.841
0.846
0.848
0.846
0.843
0.844
0.85
0.833
0.833
0.825
0.825
0.825
0.833
0.833
0.841
0.843
0.845
0.844
9.16928 13.7983 6.26347
