1 361
4.976
4.909
4.87
4.827
4.806
4.775
4.757
4.785
4.746
4.723
4.672
4.646
4.631
4.492
4.44
4.416
4.374
4.351
4.325
4.298
4.349
4.382
4.352
4.322
3.95
3.923
3.896
3.879
3.861
3.835
3.816
3.79
3.773
3.747
3.729
3.714
3.697
3.677
3.661
3.639
3.631
3.612
3.595
3.579
3.569
3.561
3.545
3.529
3.519
3.504
3.495
3.479
3.477
3.461
3.455
3.438
3.428
3.419
3.409
3.401
3.402
3.386
3.381
3.374
3.365
3.35
3.351
3.343
3.343
3.335
3.34
3.327
3.327
3.313
3.311
3.308
3.305
3.292
3.297
3.289
3.297
3.284
3.287
3.286
3.289
3.277
3.279
3.278
3.276
3.27
3.276
3.269
3.278
3.27
3.277
3.27
3.27
3.268
3.275
3.268
3.276
3.275
3.282
3.275
3.284
3.284
3.288
3.288
4.459
4.458
4.466
4.466
4.483
4.476
4.492
4.492
4.509
4.519
4.527
4.525
4.542
4.542
4.567
4.567
4.585
4.585
4.609
4.61
4.635
4.642
4.659
4.67
4.686
4.702
4.72
4.72
4.756
4.755
4.783
4.791
4.817
4.826
4.852
4.869
4.894
4.904
4.938
4.946
4.974
4.99
5.024
5.042
5.074
5.09
5.123
5.14
5.182
5.196
5.231
5.246
5.289
5.307
5.35
5.376
5.417
5.434
5.485
5.51
5.563
5.58
5.632
5.599
5.535
5.483
5.413
5.365
5.304
5.264
5.2
5.152
2.403
2.387
2.372
2.346
2.329
2.312
2.295
2.269
2.261
2.243
2.226
2.208
2.199
2.182
2.164
2.155
2.137
2.119
2.11
2.101
2.083
2.066
2.057
2.048
2.039
2.022
2.013
2.005
1.996
1.978
1.97
1.961
1.953
1.936
1.936
1.927
1.918
1.91
1.901
1.892
1.884
1.875
1.866
1.86
1.86
1.842
1.842
1.833
1.833
1.824
1.815
1.815
1.807
1.798
1.798
1.798
1.789
1.79
1.78
1.772
1.772
1.764
1.764
1.755
1.755
1.754
1.755
1.746
1.746
1.737
1.737
1.737
1.737
1.728
1.729
1.729
1.73
1.723
1.723
1.724
1.717
1.719
1.721
1.715
1.719
1.711
1.724
1.717
1.717
1.709
1.717
1.708
1.713
1.711
1.716
1.713
1.72
1.71
2.219
2.306
2.862
2.918
2.925
3.07
3.324
3.338
3.458
3.464
3.454
3.442
3.198
3.05
2.844
2.835
2.843
2.837
2.849
2.854
2.8
2.836
3.215
3.079
2.908
2.897
2.883
2.884
2.886
2.887
3.087
3.059
2.972
2.942
2.936
2.943
2.95
2.959
2.974
2.983
3.348
3.309
3.216
3.182
3.098
3.071
2.991
2.966
2.94
2.949
2.967
2.976
2.994
3.003
3.02
3.038
3.056
3.065
3.092
3.13
3.348
3.332
3.29
3.274
3.234
3.219
3.175
3.17
8.183
8.183
8.183
8.183
8.183
8.183
8.183
8.183
4.818
4.784
4.761
4.751
4.652
4.651
4.635
12.7585 6.72133 0.879751
