1 361
5.561
5.506
4.025
3.982
3.974
3.987
4.039
5.242
5.038
4.992
4.946
4.908
4.888
4.862
4.833
4.85
5.19
5.168
5.155
5.187
4.934
4.885
4.866
4.806
4.728
4.665
4.655
4.632
4.626
4.693
4.829
5.034
5.164
5.212
4.749
4.127
4.101
4.092
4.065
4.058
4.039
4.023
4.006
3.989
3.98
3.971
3.953
3.937
3.927
3.909
3.902
3.887
3.879
3.868
3.861
3.842
3.845
3.827
3.819
3.81
3.802
3.801
3.793
3.786
3.776
3.767
3.759
3.76
3.757
3.749
3.743
3.736
3.732
3.725
3.727
3.727
3.717
3.718
3.72
3.712
3.712
3.713
3.714
3.71
3.707
3.707
3.7
3.706
3.708
3.708
3.705
3.712
3.712
3.712
3.712
3.713
3.718
3.721
3.723
3.732
3.73
3.732
3.738
3.74
3.747
3.747
3.754
3.762
3.763
3.77
3.779
3.786
3.786
3.827
4.978
4.994
5.004
5.021
5.028
5.044
5.053
5.061
5.078
5.093
5.102
5.119
5.135
5.151
5.158
5.185
5.2
5.226
5.242
5.259
5.277
5.302
5.32
5.337
5.364
5.387
5.406
5.429
5.447
5.473
5.498
5.524
5.556
5.584
5.609
5.636
5.672
5.699
5.725
5.76
5.787
5.821
5.856
5.89
5.922
5.957
5.989
6.032
6.08
6.122
6.156
6.2
6.243
6.176
6.115
6.049
5.982
5.92
5.87
5.81
5.76
3.007
2.985
2.957
2.94
2.914
2.897
2.873
2.847
2.83
2.807
2.781
2.765
2.748
2.73
2.713
2.686
2.679
2.661
2.643
2.626
2.609
2.592
2.575
2.567
2.551
2.535
2.518
2.51
2.493
2.477
2.468
2.452
2.443
2.435
2.418
2.41
2.401
2.393
2.384
2.367
2.367
2.351
2.35
2.333
2.324
2.317
2.308
2.3
2.3
2.292
2.283
2.274
2.265
2.256
2.256
2.248
2.248
2.239
2.23
2.23
2.221
2.221
2.212
2.212
2.203
2.204
2.194
2.184
2.185
2.185
2.176
2.176
2.176
2.179
2.841
2.861
2.885
2.946
3.004
3.105
3.418
3.423
3.436
3.419
3.476
3.542
3.835
3.984
3.975
3.771
3.956
3.974
3.966
3.475
3.22
3.214
3.217
3.217
3.223
3.166
3.231
3.755
3.922
3.903
3.433
3.301
3.258
3.26
3.664
3.503
3.371
3.244
3.225
3.23
3.236
3.24
3.257
3.27
3.85
3.734
3.601
3.487
3.371
3.274
3.182
3.182
3.191
3.2
3.208
3.208
3.217
3.234
3.243
3.251
3.26
3.277
3.622
3.582
3.531
3.49
3.448
3.404
3.37
3.324
3.337
7.9
7.937
7.973
8.006
8.042
8.077
8.118
8.161
8.183
8.183
8.183
8.183
8.183
8.183
4.926
4.864
4.84
4.814
4.705
4.683
4.668
4.654
4.639
4.629
4.611
4.593
4.576
4.564
4.554
4.547
4.528
4.715
5.341
5.376
5.418
5.46
5.512
5.564
5.607
5.659
5.703
12.295 6.08102 0.938053
