1 361
1.741
1.798
1.816
1.817
1.805
1.815
1.816
1.809
1.812
1.819
1.818
1.817
1.817
1.825
1.824
1.825
1.824
1.832
1.832
1.839
1.838
1.838
1.838
1.848
1.849
1.851
1.841
1.752
1.76
1.761
1.769
1.768
1.769
1.779
1.793
1.787
1.735
1.672
1.667
1.671
1.671
1.688
1.68
1.72
1.72
1.738
1.738
1.746
1.755
1.764
1.773
1.782
1.79
1.79
1.797
1.815
1.824
1.834
1.833
1.851
1.85
1.867
1.875
1.884
1.895
1.911
1.919
1.927
1.936
1.943
1.961
1.978
1.985
1.988
5.457
5.51
5.536
5.581
5.613
5.667
5.705
5.744
5.789
5.836
5.879
5.929
5.916
6.001
5.955
6.148
6.195
6.252
6.304
6.371
6.424
6.494
6.548
6.626
6.688
6.762
6.83
6.912
6.974
7.066
7.14
7.234
7.308
7.407
7.482
7.583
7.664
7.792
7.872
7.997
8.096
8.183
8.183
8.183
4.236
4.206
4.188
4.167
4.186
4.271
4.332
4.412
4.475
4.569
4.639
4.733
4.811
4.924
5.013
5.129
5.228
5.358
5.455
5.603
5.716
5.879
5.993
6.166
6.309
6.499
6.636
6.613
6.604
6.587
6.575
6.547
6.542
6.521
6.517
6.504
6.484
6.475
6.467
6.454
6.451
6.434
6.428
6.418
6.407
6.402
6.397
6.387
6.386
6.373
6.376
6.362
6.367
6.361
6.356
6.351
6.352
6.351
6.351
6.34
6.349
6.336
6.347
6.345
6.348
5.104
4.377
3.669
3.395
3.39
3.397
3.392
3.398
3.399
3.406
3.399
3.417
3.414
3.422
3.421
3.431
3.431
3.436
3.448
3.445
3.456
3.464
3.462
3.481
3.481
3.489
3.497
3.506
3.514
3.524
3.531
3.54
3.55
3.566
3.566
3.582
3.582
3.6
3.617
3.626
3.634
3.644
3.591
3.523
3.446
3.388
3.317
3.265
3.2
3.148
3.089
3.044
2.991
2.94
2.896
2.852
2.802
2.77
2.725
2.69
2.648
2.615
2.571
2.546
2.506
2.481
2.442
2.416
2.382
2.357
2.325
2.299
2.276
2.249
2.222
2.206
2.18
2.161
2.136
2.118
2.092
2.074
2.055
2.038
2.021
2.003
1.98
1.962
1.943
1.927
1.91
1.902
1.886
1.867
1.851
1.839
1.827
1.809
1.801
1.792
1.778
1.766
1.751
1.742
1.733
1.727
1.706
1.7
1.691
1.683
1.666
1.657
1.65
1.642
1.633
1.626
1.617
1.611
1.601
1.593
1.584
1.576
1.569
1.568
1.551
1.551
1.544
1.535
1.535
1.527
1.52
1.519
1.511
1.511
1.501
1.502
1.494
1.485
1.478
1.477
1.469
1.468
1.462
1.46
1.461
1.455
1.445
1.445
1.445
1.436
1.436
1.436
1.427
1.427
1.42
1.419
1.42
1.42
1.422
1.412
1.413
1.417
1.405
1.405
1.407
1.407
1.403
1.405
1.398
1.4
1.395
1.398
1.394
1.397
1.405
1.399
1.39
1.346
-2.3932 12.0151 4.37108
