1 361
1.376
1.376
1.383
1.383
1.382
1.391
1.391
1.4
1.408
1.408
1.416
1.416
1.425
1.424
1.424
1.433
1.441
1.45
1.45
1.457
1.457
1.466
1.473
1.483
1.49
1.499
1.5
1.508
1.516
1.525
1.533
1.541
1.55
1.55
1.558
1.575
1.583
1.591
1.6
1.607
1.616
1.623
1.641
1.649
1.657
1.664
1.682
1.69
1.698
1.714
1.732
1.741
1.749
1.766
1.783
1.793
1.809
1.827
1.835
1.852
1.868
1.885
1.893
1.918
1.934
1.97
1.989
2.004
2.022
2.046
2.065
2.083
2.107
2.125
2.16
2.179
2.195
2.223
2.247
2.273
2.299
2.324
2.357
2.382
2.414
2.447
2.48
2.521
2.554
2.586
2.629
2.662
2.707
2.748
2.79
2.832
2.892
2.934
2.988
3.032
3.093
3.15
3.211
3.279
3.343
3.398
3.489
3.55
3.635
3.708
3.791
3.868
3.975
4.056
4.163
4.26
4.389
4.5
6.002
5.977
5.969
5.952
5.944
5.926
5.918
5.901
5.894
5.876
5.868
5.852
5.851
5.834
5.832
5.818
5.818
5.8
5.8
5.572
5.742
5.775
5.15
4.736
4.738
4.728
4.728
4.729
4.727
4.72
4.729
4.721
4.72
4.72
4.72
4.72
4.728
4.719
4.728
4.727
4.736
4.728
4.737
4.735
4.745
4.745
4.754
4.754
4.762
4.771
4.779
4.78
4.788
4.796
4.807
4.804
4.824
4.824
4.84
4.849
4.858
4.865
4.883
4.882
4.908
4.907
5.978
5.985
6.011
6.019
6.043
6.052
6.077
6.094
6.119
6.126
6.154
6.169
6.195
6.212
6.249
6.257
6.282
6.306
6.342
6.359
6.392
6.408
6.451
6.468
6.512
6.52
6.566
6.591
6.626
6.653
6.695
6.722
6.774
6.8
6.85
6.875
6.924
6.957
7.016
7.04
7.093
7.137
7.188
7.221
7.282
7.324
7.386
7.43
7.489
7.537
7.609
7.653
7.719
7.767
7.843
7.899
7.975
8.026
8.111
8.165
8.183
8.183
8.183
8.183
8.183
8.183
8.183
7.431
7.265
7.21
7.125
7.103
7.224
7.274
7.415
7.731
7.683
7.036
6.816
6.778
6.81
6.888
6.95
7.204
7.325
6.685
6.642
6.606
6.567
6.528
6.496
6.519
5.744
5.72
5.685
5.656
5.639
5.614
5.588
5.569
5.545
5.525
5.5
5.477
5.461
5.443
5.417
5.403
5.387
5.37
5.355
5.337
5.322
5.305
5.288
5.287
5.272
5.253
5.245
5.23
5.221
5.213
5.198
5.198
5.19
5.175
5.169
5.168
5.152
5.144
5.135
5.13
5.124
5.115
5.113
5.112
5.111
5.099
5.09
5.09
5.082
5.083
5.074
5.075
5.074
5.067
5.066
5.067
6.216
6.215
6.215
6.215
6.225
6.225
6.225
6.224
6.234
6.233
6.242
6.243
6.251
6.258
6.269
6.267
6.277
6.287
6.296
6.302
6.31
6.32
6.337
6.345
6.355
6.363
6.381
6.396
6.404
11.3293 8.18035 4.86999
