1 361
0.61
0.619
0.611
0.619
0.62
0.628
0.626
0.637
0.634
0.644
0.644
0.652
0.66
0.66
0.667
0.675
0.674
0.681
0.682
0.692
0.698
0.698
0.707
0.723
0.722
0.731
0.739
0.747
0.747
0.762
0.762
0.771
0.778
0.787
0.795
0.803
0.812
0.821
0.828
0.837
0.853
0.863
0.862
0.88
0.887
0.904
0.913
0.922
0.938
0.946
0.954
0.979
0.984
1.002
1.01
1.033
1.045
1.062
1.071
1.093
1.109
1.136
1.151
1.165
1.192
1.216
1.298
1.335
1.333
1.354
1.371
1.394
1.41
1.427
1.452
4.9
4.879
4.854
4.827
4.802
4.783
4.766
4.74
4.724
4.695
4.678
4.661
4.635
4.618
4.602
4.585
4.568
4.551
4.533
4.516
4.5
4.49
4.474
4.456
4.448
4.431
4.421
4.404
4.388
4.387
4.369
4.361
4.345
4.345
4.328
4.319
4.311
4.303
4.295
4.287
4.279
4.257
4.25
4.37
4.399
4.391
4.384
4.384
4.377
4.371
4.363
4.371
4.361
4.36
4.352
4.353
4.345
4.355
4.339
4.343
4.338
4.333
4.335
4.341
4.341
4.351
4.346
4.333
4.188
4.195
4.199
4.209
4.208
4.223
4.214
4.223
4.231
4.239
4.238
4.246
4.249
4.254
4.254
4.27
4.271
4.282
4.285
4.303
4.302
4.32
4.32
4.336
4.336
4.354
4.363
4.379
4.378
4.396
4.405
4.423
4.431
4.449
4.456
4.474
4.484
4.508
4.507
4.532
4.542
4.568
4.568
4.602
4.61
4.644
4.651
4.678
4.687
4.723
4.732
4.734
1.393
1.412
1.385
1.371
1.354
1.327
1.308
1.311
1.301
1.297
1.287
1.279
1.289
1.222
1.176
1.174
1.174
1.164
1.164
1.164
1.155
1.155
1.146
1.147
1.146
1.138
1.13
1.137
1.13
1.13
1.119
1.13
1.12
1.121
1.111
1.112
1.104
1.112
1.103
1.102
1.104
1.103
1.104
1.104
1.095
1.095
1.095
1.097
1.098
1.093
1.096
1.095
1.088
1.092
1.086
1.098
1.091
1.094
1.093
1.091
1.094
1.095
1.084
1.095
1.091
1.092
1.089
1.097
1.095
1.096
1.096
1.104
1.134
2.492
2.516
2.59
2.624
2.693
2.719
2.803
2.836
2.932
2.974
3.074
3.117
3.227
3.278
3.398
3.466
3.595
3.663
3.82
3.899
4.06
2.181
4.349
2.201
4.669
4.801
4.954
4.943
2.733
2.357
2.294
2.253
2.244
2.238
2.244
2.242
2.282
2.272
2.653
2.658
2.696
2.72
2.922
2.922
2.922
2.921
2.928
2.642
2.613
2.597
2.569
2.575
2.555
2.571
2.202
2.552
2.124
2.168
2.029
2.062
1.974
1.997
1.919
1.923
1.891
1.882
1.859
1.859
1.87
1.86
1.519
1.515
1.505
1.502
1.51
1.505
1.505
1.507
1.509
1.509
1.508
1.506
1.52
1.516
1.534
1.522
1.538
1.532
1.543
1.547
1.552
1.564
1.574
4.17456 2.34252 0.465977
