1 361
1.101
1.102
1.103
1.105
1.098
1.099
1.101
1.104
1.097
1.099
1.101
1.103
1.103
1.114
1.107
1.109
1.114
1.113
1.11
1.115
1.112
1.111
1.118
1.116
1.116
1.124
1.124
1.123
1.124
1.131
1.123
1.131
1.131
1.131
1.131
1.132
1.14
1.149
1.149
1.149
1.149
1.158
1.158
1.158
1.158
1.167
1.167
1.175
1.167
1.174
1.175
1.184
1.184
1.193
1.193
1.194
1.201
1.202
1.211
1.22
1.22
1.22
1.228
1.228
1.238
1.246
1.246
1.256
1.256
1.273
1.272
1.282
1.282
1.289
1.298
1.308
1.308
1.316
1.324
1.334
1.342
1.352
1.36
1.369
1.369
1.377
1.394
1.404
1.412
1.411
1.42
1.436
1.446
1.455
1.471
1.48
1.497
1.506
1.514
1.53
1.537
1.554
1.562
1.579
1.596
1.603
1.621
1.637
1.654
1.671
1.687
1.704
1.72
1.737
1.755
1.78
1.797
1.812
1.83
1.855
1.872
1.906
1.922
1.947
1.972
2.007
2.024
2.059
2.077
2.112
2.139
2.175
2.203
2.236
2.27
2.304
2.336
2.378
2.412
2.46
2.492
2.55
2.583
2.644
2.687
2.737
2.79
2.857
2.901
2.969
3.041
3.111
3.189
4.634
4.626
4.6
4.601
4.577
4.575
4.55
4.551
4.533
4.527
4.509
4.509
4.491
4.492
4.475
4.474
4.459
4.458
4.441
4.441
4.424
4.424
4.416
4.413
4.398
4.406
4.389
4.121
3.977
4.029
4.058
4.169
3.346
3.339
3.332
3.333
3.325
3.334
3.326
3.326
3.326
3.326
3.326
3.334
3.333
3.341
3.333
3.34
3.331
3.347
3.339
3.347
3.347
3.355
3.355
3.363
3.362
3.371
3.372
3.386
3.387
3.385
3.394
3.401
3.402
3.419
3.419
3.427
3.434
3.442
3.441
3.46
3.468
3.484
3.483
3.501
3.499
3.518
3.517
3.541
3.552
3.559
3.567
3.584
3.593
3.611
3.62
3.634
3.643
3.669
3.676
3.835
4.842
4.868
4.886
4.913
4.929
4.954
4.971
5.006
5.03
5.055
5.08
5.106
5.131
5.162
5.186
5.221
5.244
5.287
5.304
5.348
5.372
5.407
5.449
5.483
5.516
5.56
5.595
5.63
5.674
5.72
5.763
5.806
5.849
5.9
5.941
5.992
6.041
6.099
6.151
6.202
6.262
6.314
6.374
6.44
6.492
6.563
6.625
6.695
6.763
6.828
6.904
6.977
7.059
7.135
7.222
7.301
7.391
7.468
7.56
7.653
7.751
7.736
7.684
7.65
7.59
7.564
7.52
7.485
6.694
6.65
6.6
6.564
6.528
6.585
6.736
6.68
6.563
6.444
6.354
6.425
6.393
6.353
6.321
6.326
6.487
6.537
6.346
6.299
6.24
6.212
6.159
6.099
6.025
5.997
5.997
6.475
6.58
6.062
6.043
6.016
5.595
5.456
5.439
5.429
5.413
5.413
5.397
5.389
5.381
5.372
5.364
5.355
5.355
5.349
5.34
5.332
11.175 6.65597 4.55222
