1 361
4.481
4.493
4.5
4.517
4.535
4.563
4.613
4.656
4.693
4.717
4.726
4.736
4.727
2.919
2.869
2.07
2.06
2.073
2.063
2.071
2.071
2.08
2.071
2.08
2.08
2.089
2.078
2.086
2.087
2.092
2.091
2.1
2.092
2.099
2.1
2.118
2.108
2.127
2.119
2.134
2.125
2.144
2.133
2.153
2.144
2.161
2.161
2.178
2.171
2.188
2.189
2.205
2.197
2.214
2.214
2.232
2.232
2.249
2.241
2.266
2.258
2.284
2.276
2.299
2.293
2.325
2.318
2.342
2.333
2.367
2.358
2.391
2.383
2.409
2.409
2.388
2.389
2.322
2.32
2.263
2.272
2.212
2.212
2.161
2.161
2.118
2.119
2.064
2.074
2.029
2.03
1.986
1.988
1.945
1.947
1.912
1.913
1.87
1.869
1.836
1.837
1.81
1.813
1.777
1.778
1.753
1.753
1.727
1.727
1.702
1.701
1.678
1.677
1.653
1.652
1.637
1.635
1.612
1.614
1.587
1.587
1.572
1.572
1.555
1.555
1.539
1.539
1.523
1.523
1.505
1.505
1.488
1.488
1.472
1.472
1.464
1.464
1.447
1.447
1.438
1.438
1.422
1.422
1.413
1.413
1.404
1.404
1.387
1.396
1.379
1.379
1.369
1.378
1.362
1.369
1.353
1.361
1.352
1.353
1.344
1.344
1.335
1.344
1.326
1.326
1.326
1.326
1.327
1.326
1.317
1.318
1.31
1.318
1.31
1.31
1.311
1.31
1.3
1.3
1.301
1.302
1.294
1.303
1.293
1.302
1.294
1.294
1.29
1.3
1.296
1.296
1.298
1.298
1.295
1.294
1.297
1.295
1.299
1.298
1.294
1.294
1.3
1.301
1.3
1.31
1.31
1.31
1.31
1.31
1.317
1.309
1.317
1.317
1.317
1.326
1.326
1.325
1.326
1.335
1.335
1.335
1.343
1.352
1.352
1.352
1.361
1.361
1.361
1.369
1.369
1.378
1.377
1.377
1.386
1.395
1.396
1.404
1.402
1.412
1.42
1.421
1.428
1.437
1.446
1.446
1.453
1.462
1.47
1.47
1.48
1.487
1.496
1.504
1.512
1.513
1.529
1.53
1.546
1.546
1.562
1.57
1.578
1.586
1.602
1.602
1.618
1.626
1.643
1.651
1.667
1.674
1.691
1.692
1.718
1.718
1.74
1.749
1.767
1.775
1.799
1.8
1.827
1.835
1.86
1.859
1.892
1.9
1.925
1.933
1.771
1.779
1.751
1.77
1.8
1.809
1.848
1.85
2.134
2.145
2.185
2.19
2.238
2.246
2.297
2.295
2.352
2.361
2.415
2.424
2.493
2.502
2.505
2.494
2.424
2.43
2.501
2.517
2.671
2.68
5.999
5.999
5.95
5.949
5.901
5.909
5.857
5.858
5.817
5.823
5.78
5.78
5.746
5.745
5.718
5.719
5.674
5.682
5.647
5.656
5.622
5.63
5.609
5.723
6.105
6.112
6.085
6.096
6.061
6.061
6.044
6.043
6.006
6.172
7.768
7.772
8.183
8.183
8.183
8.183
8.183
8.183
-3.77233 10.3147 6.07877
