1 361
5.55
5.505
5.466
5.41
5.331
5.288
5.24
5.244
5.038
4.986
4.937
4.909
4.89
4.862
4.835
4.848
5.194
5.166
5.163
5.186
4.932
4.883
4.868
4.796
4.719
4.652
4.644
4.631
4.619
4.675
4.829
5.034
5.164
5.221
4.752
4.125
4.1
4.081
4.065
4.048
4.031
4.022
4.004
3.987
3.979
3.97
3.952
3.935
3.926
3.907
3.902
3.885
3.876
3.868
3.85
3.849
3.841
3.826
3.826
3.808
3.809
3.8
3.791
3.783
3.774
3.766
3.758
3.758
3.754
3.739
3.741
3.734
3.73
3.724
3.726
3.716
3.715
3.716
3.708
3.711
3.711
3.711
3.712
3.708
3.706
3.704
3.703
3.708
3.711
3.707
3.704
3.701
3.713
3.708
3.712
3.719
3.718
3.72
3.723
3.731
3.729
3.729
3.738
3.737
3.747
3.745
3.752
3.753
3.762
3.771
3.769
3.775
3.784
3.822
4.975
4.985
5.001
5.011
5.019
5.036
5.045
5.06
5.076
5.091
5.1
5.118
5.133
5.15
5.159
5.183
5.198
5.215
5.239
5.257
5.275
5.301
5.319
5.336
5.362
5.377
5.405
5.419
5.445
5.47
5.496
5.523
5.555
5.583
5.608
5.634
5.661
5.698
5.724
5.759
5.786
5.82
5.855
5.888
5.921
5.965
5.989
6.039
6.072
6.121
6.154
6.207
6.244
6.187
6.115
6.052
5.988
5.921
5.87
5.812
5.762
3.006
2.991
2.965
2.939
2.912
2.896
2.87
2.846
2.829
2.805
2.779
2.761
2.745
2.728
2.711
2.685
2.676
2.65
2.633
2.624
2.606
2.59
2.573
2.557
2.549
2.532
2.516
2.499
2.491
2.482
2.467
2.45
2.441
2.433
2.425
2.408
2.399
2.392
2.382
2.366
2.357
2.348
2.339
2.332
2.323
2.314
2.306
2.298
2.298
2.281
2.281
2.272
2.263
2.263
2.254
2.246
2.246
2.238
2.228
2.219
2.219
2.219
2.21
2.21
2.201
2.201
2.192
2.192
2.192
2.183
2.183
2.174
2.165
2.178
2.829
2.859
2.883
2.955
2.994
3.084
3.417
3.428
3.434
3.414
3.457
3.546
3.759
3.973
3.982
3.76
3.954
3.973
3.963
3.474
3.219
3.22
3.215
3.215
3.22
3.166
3.226
3.745
3.921
3.91
3.434
3.298
3.255
3.251
3.664
3.503
3.372
3.233
3.223
3.228
3.235
3.24
3.256
3.267
3.848
3.726
3.591
3.486
3.371
3.263
3.181
3.18
3.189
3.199
3.206
3.206
3.223
3.232
3.241
3.249
3.258
3.275
3.622
3.573
3.534
3.488
3.45
3.398
3.367
3.322
3.335
7.905
7.94
7.973
8.009
8.052
8.086
8.121
8.16
8.183
8.183
8.183
8.183
8.183
8.183
4.928
4.865
4.84
4.807
4.704
4.686
4.67
4.653
4.635
4.621
4.607
4.595
4.578
4.572
4.555
4.536
4.531
4.698
5.341
5.373
5.417
5.467
5.51
5.562
5.606
5.658
5.702
12.2949 6.08091 0.937608
