1 361
1.534
1.527
1.526
1.526
1.525
1.517
1.518
1.509
1.509
1.508
1.509
1.508
1.508
1.498
1.499
1.498
1.497
1.499
1.498
1.498
1.499
1.493
1.494
1.496
1.492
1.492
1.492
1.492
1.499
1.502
1.498
1.491
1.496
1.492
1.499
1.498
1.497
1.505
1.498
1.506
1.504
1.505
1.504
1.511
1.512
1.513
1.511
1.511
1.521
1.52
1.52
1.528
1.528
1.529
1.535
1.537
1.546
1.546
1.554
1.554
1.561
1.562
1.57
1.58
1.581
1.586
1.592
1.527
1.508
1.461
1.444
1.442
1.451
1.459
1.468
1.473
1.496
1.507
1.507
1.515
1.524
1.532
1.532
1.541
1.549
1.557
1.557
1.574
1.581
1.59
1.598
1.606
1.615
1.623
1.63
1.633
1.649
1.655
1.672
1.681
1.689
1.706
1.714
1.722
1.739
1.749
1.767
1.774
1.79
1.8
1.816
1.826
1.843
1.859
1.868
1.893
1.903
1.917
1.934
1.96
1.976
1.993
2.011
2.028
2.048
2.071
2.088
2.106
2.124
2.152
2.177
2.202
2.219
2.253
2.28
2.305
2.328
2.363
2.388
2.421
2.454
2.487
2.52
2.559
2.592
2.627
2.67
2.705
2.746
2.792
4.371
4.272
4.257
4.23
4.223
4.236
4.344
4.437
4.508
4.61
4.684
4.791
4.877
4.994
5.102
5.087
5.078
5.053
5.046
5.02
5.02
4.995
4.987
4.97
4.962
4.945
4.968
5.161
5.3
5.517
5.709
5.937
6.122
8.183
8.183
8.183
8.183
8.183
8.183
8.183
8.183
8.183
8.183
8.183
8.183
8.183
8.187
8.183
8.191
8.183
8.183
8.183
8.187
8.187
8.191
8.095
8.092
8.076
8.069
8.062
8.064
8.046
8.043
8.029
8.036
8.021
8.018
8.012
8.02
8.015
8.021
8.014
8.013
8.001
8.015
8.005
8.02
8.013
8.023
8.017
8.028
7.955
7.709
7.416
7.177
6.832
6.614
6.384
6.197
6
5.834
5.656
5.52
5.363
5.237
5.094
4.975
4.758
4.74
4.761
4.782
4.876
4.849
4.964
6.224
6.24
6.266
6.29
6.315
6.341
6.427
6.446
6.48
6.508
6.544
6.559
6.532
6.505
6.532
6.468
3.081
3.031
3.028
2.989
2.944
2.917
2.883
2.839
2.807
2.773
2.738
2.715
2.68
2.654
2.619
2.592
2.568
2.544
2.518
2.487
2.463
2.438
2.415
2.398
2.373
2.347
2.331
2.306
2.289
2.264
2.247
2.23
2.213
2.195
2.18
2.161
2.153
2.135
2.118
2.1
2.081
2.065
2.055
2.047
2.032
2.021
2.005
1.996
1.978
1.972
1.956
1.946
1.937
1.922
1.912
1.905
1.895
1.888
1.879
1.863
1.854
1.847
1.838
1.829
1.82
1.812
1.803
1.795
1.786
1.787
1.779
1.779
1.763
1.761
1.752
1.744
1.735
1.735
1.727
1.728
1.718
1.71
1.71
1.702
1.693
1.695
1.693
1.686
1.685
1.677
1.677
2.93558 11.6025 2.3652
