1 361
1.486
1.493
1.503
1.511
1.502
1.511
1.519
1.519
1.528
1.543
1.535
1.552
1.543
1.56
1.559
1.576
1.576
1.593
1.584
1.6
1.601
1.617
1.617
1.633
1.632
1.65
1.649
1.666
1.666
1.691
1.683
1.708
1.708
1.724
1.725
1.751
1.751
1.777
1.768
1.794
1.795
1.818
1.819
1.842
1.844
1.873
1.873
1.906
1.906
1.931
1.931
1.963
1.964
1.999
1.998
2.033
2.031
2.068
2.068
2.103
2.103
2.146
2.145
2.19
2.19
2.233
2.233
2.277
2.284
2.332
2.333
2.384
2.384
2.441
2.44
2.507
2.508
2.564
2.573
2.632
2.641
2.711
2.71
4.332
4.322
4.284
4.283
4.243
4.243
4.21
4.201
4.176
4.167
4.135
4.135
4.102
4.093
4.068
4.068
4.043
4.043
4.007
4.006
3.99
3.99
3.963
3.963
3.937
3.937
3.919
3.919
3.891
3.9
3.875
3.874
3.856
3.856
3.839
3.838
3.387
3.384
3.713
2.921
2.741
2.75
2.741
2.741
2.732
2.732
2.724
2.724
2.716
2.724
2.716
2.717
2.708
2.708
2.699
2.708
2.7
2.701
2.702
2.702
2.695
2.704
2.694
2.704
2.701
2.701
2.7
2.709
2.708
2.708
2.708
2.717
2.716
2.716
2.725
2.725
2.725
2.733
2.733
2.741
2.742
2.751
2.75
2.759
2.759
2.766
2.767
2.776
2.785
2.784
2.792
2.801
2.809
2.809
2.817
2.825
2.833
2.843
2.851
2.859
2.867
2.875
2.893
2.902
2.909
2.918
2.936
2.945
2.953
2.961
2.978
2.987
8.189
4.136
4.169
4.179
4.202
4.211
4.235
4.251
4.275
4.291
4.325
4.333
4.365
4.373
4.409
4.425
4.458
4.476
4.51
4.527
4.57
4.577
4.62
4.638
4.68
4.698
4.739
4.767
4.811
4.828
4.882
4.899
4.959
4.967
5.026
5.049
5.109
5.132
5.199
5.215
5.291
5.309
5.386
5.411
5.486
5.513
5.599
5.617
5.706
5.733
5.819
5.853
5.938
5.971
6.079
6.111
6.224
6.259
6.363
6.4
6.529
6.562
6.699
6.739
6.873
6.908
7.062
7.106
7.137
7.13
7.068
7.06
7
6.991
6.925
6.925
6.234
6.153
6.105
6.094
6.03
6.025
6.001
6.064
6.307
6.474
6.601
6.574
6.555
6.549
5.973
5.852
5.812
5.821
5.905
6.03
6.41
6.399
6.369
6.375
5.804
5.794
5.764
5.764
5.742
5.746
5.728
5.737
6.24
5.927
5.605
5.616
5.598
5.43
5.041
5.041
5.025
5.025
5.008
5.016
4.999
5.008
4.992
5.001
4.991
4.993
4.983
4.994
4.978
4.984
4.978
4.986
4.978
4.985
4.987
4.995
4.986
4.995
4.994
5.003
5.001
5.01
5.021
5.021
5.029
5.037
5.044
5.05
5.059
5.059
5.075
5.081
5.098
5.105
5.113
5.123
5.134
5.141
5.157
5.163
5.178
5.192
5.211
5.221
5.233
5.25
11.2194 5.94103 5.08852
