1 361
0.697
0.688
0.688
0.673
0.672
0.663
0.662
0.663
0.655
0.644
0.642
0.654
0.654
0.676
0.674
0.69
0.69
0.714
0.714
0.739
0.736
0.759
0.759
0.787
0.787
0.824
0.821
0.856
0.856
0.89
0.898
0.931
0.93
0.976
0.976
1.018
1.024
1.072
1.078
1.132
1.137
1.194
1.2
1.27
1.277
1.343
1.366
1.435
1.464
1.549
1.576
1.684
1.72
1.901
1.952
2.081
2.144
2.297
2.38
2.573
2.625
2.92
2.986
3.245
3.282
3.275
3.275
3.274
3.274
3.264
3.265
3.266
3.265
3.267
3.265
3.259
3.266
3.258
3.267
3.267
3.266
3.268
3.267
3.276
3.276
3.276
3.275
3.275
3.283
3.29
3.291
3.292
3.301
3.3
3.299
3.308
3.315
3.323
3.323
3.329
3.338
3.338
3.348
3.354
3.363
3.371
3.38
3.386
3.395
3.405
3.412
3.419
3.436
3.445
3.452
3.462
3.478
3.487
3.495
3.513
3.522
3.53
3.547
3.555
3.574
3.589
3.607
3.622
3.641
3.658
3.674
3.691
3.708
3.725
3.743
3.768
3.785
3.803
3.82
3.846
3.863
3.881
3.901
3.926
3.944
3.969
3.988
4.022
4.04
4.073
4.099
4.111
4.147
4.12
4.206
4.149
4.132
4.3
4.338
4.374
4.398
4.442
4.468
4.515
4.541
4.584
4.624
4.66
4.693
4.747
4.791
4.834
4.874
4.92
4.971
5.016
5.07
5.124
5.179
5.239
5.295
5.359
5.409
5.488
5.547
5.619
5.678
5.761
5.819
5.903
5.977
6.07
6.144
6.24
6.324
6.428
6.505
6.608
6.714
6.822
6.918
7.051
2.371
2.362
2.354
2.337
2.337
2.311
2.313
2.332
2.371
2.428
2.477
2.533
2.582
2.649
2.702
2.767
2.834
2.905
2.975
3.069
3.135
3.248
3.328
3.45
3.545
3.672
3.784
3.943
4.054
4.228
4.386
4.576
4.584
4.567
4.567
4.557
4.548
4.533
4.54
4.533
4.526
4.516
4.515
4.509
4.51
4.499
4.509
4.5
4.498
4.491
4.498
4.493
4.493
4.493
4.492
4.487
4.499
4.494
4.494
4.498
4.5
4.501
4.499
4.508
4.508
4.51
4.515
4.523
4.532
4.533
4.538
4.538
4.549
4.556
4.564
4.568
4.579
4.58
4.596
4.6
4.616
4.624
4.634
4.642
4.654
4.663
4.603
4.445
4.33
4.19
4.086
3.968
3.887
3.773
3.688
3.597
3.524
3.441
3.374
3.3
3.244
3.169
3.115
3.057
3.002
2.935
2.887
2.839
2.789
2.747
2.704
2.652
2.609
2.567
2.535
2.493
2.467
2.418
2.386
2.352
2.329
2.296
2.271
2.236
2.23
2.238
2.255
2.264
2.29
2.298
2.315
2.331
2.343
2.362
2.378
2.395
2.413
2.43
2.455
2.47
2.488
2.512
2.529
2.554
2.57
2.595
2.612
2.639
2.665
2.692
2.71
2.734
2.761
2.785
2.82
2.846
2.881
2.896
2.933
-3.78412 10.5565 3.69148
