1 361
1.519
1.51
1.51
1.511
1.501
1.501
1.501
1.501
1.492
1.493
1.491
1.491
1.491
1.49
1.491
1.49
1.49
1.482
1.483
1.484
1.484
1.479
1.486
1.486
1.466
1.483
1.483
1.466
1.478
1.485
1.479
1.483
1.482
1.481
1.49
1.48
1.489
1.488
1.488
1.496
1.496
1.497
1.496
1.495
1.505
1.503
1.504
1.512
1.511
1.512
1.52
1.52
1.529
1.528
1.53
1.539
1.542
1.541
1.545
1.462
1.443
1.399
1.4
1.408
1.409
1.408
1.417
1.439
1.449
1.457
1.457
1.457
1.465
1.475
1.482
1.491
1.49
1.499
1.508
1.515
1.515
1.524
1.532
1.54
1.549
1.548
1.566
1.574
1.575
1.581
1.589
1.606
1.606
1.623
1.63
1.639
1.646
1.655
1.672
1.68
1.691
1.704
1.723
1.73
1.738
1.758
1.766
1.782
1.791
1.807
1.819
1.833
1.849
1.867
1.877
1.901
1.91
1.924
1.943
1.966
1.984
2.001
2.019
2.036
2.054
2.08
2.098
2.122
2.15
2.177
2.193
2.22
2.245
2.271
2.305
2.329
2.363
2.388
2.419
2.453
2.486
2.516
2.559
2.596
2.627
2.67
2.707
4.353
4.202
4.157
4.148
4.124
4.115
4.195
4.291
4.373
4.45
4.531
4.625
4.721
4.815
4.919
4.997
4.978
4.969
4.954
4.943
4.917
4.917
4.892
4.886
4.865
4.858
4.849
4.87
5.039
5.197
5.372
5.594
5.809
6.009
8.183
8.183
8.183
8.183
8.183
8.183
8.183
8.183
8.183
8.183
8.183
8.183
8.183
8.187
8.183
8.183
8.183
8.183
8.183
8.183
8.191
8.191
7.997
8.004
7.975
7.986
7.969
7.97
7.952
7.949
7.942
7.944
7.927
7.926
7.924
7.924
7.909
7.916
7.907
7.916
7.904
7.916
7.908
7.917
7.916
7.927
7.923
7.934
7.93
7.851
7.577
7.326
7.052
6.751
6.517
6.331
6.127
5.947
5.774
5.62
5.45
5.315
5.186
5.056
4.924
4.789
4.642
4.663
4.677
4.713
4.827
4.784
6.118
6.153
6.17
6.197
6.215
6.25
6.292
6.359
6.386
6.418
6.436
6.474
6.493
6.421
6.436
6.449
6.362
3.02
2.988
2.96
2.948
2.91
2.877
2.841
2.808
2.773
2.74
2.708
2.682
2.655
2.62
2.596
2.562
2.537
2.513
2.496
2.471
2.438
2.415
2.397
2.381
2.357
2.33
2.314
2.29
2.275
2.255
2.241
2.222
2.197
2.186
2.17
2.153
2.137
2.117
2.109
2.101
2.084
2.066
2.058
2.039
2.032
2.016
2.006
1.998
1.98
1.972
1.954
1.945
1.929
1.922
1.915
1.906
1.897
1.89
1.871
1.863
1.855
1.847
1.838
1.838
1.821
1.822
1.812
1.804
1.795
1.787
1.787
1.78
1.771
1.762
1.762
1.753
1.744
1.745
1.736
1.728
1.719
1.719
1.719
1.711
1.703
1.702
1.694
1.694
1.686
1.686
1.683
2.85641 11.6791 2.38167
