1 361
1.084
1.092
1.084
1.084
1.076
1.075
1.075
1.066
1.066
1.066
1.066
1.057
1.057
1.053
1.057
1.048
1.049
1.048
1.048
1.048
1.04
1.04
1.048
1.041
1.04
1.043
1.035
1.036
1.039
1.044
1.043
1.044
1.042
1.038
1.029
1.038
1.029
1.029
1.029
1.046
1.039
1.04
1.039
1.043
1.038
1.035
1.044
1.043
1.049
1.049
1.048
1.048
1.048
1.057
1.057
1.057
1.056
1.054
1.058
1.064
1.065
1.065
1.073
1.065
1.073
1.073
1.073
1.082
1.081
1.082
1.089
1.09
1.098
1.099
1.106
1.106
1.106
1.114
1.121
1.123
1.122
1.132
1.131
1.132
1.141
1.149
1.149
1.157
1.157
1.166
1.175
1.174
1.183
1.183
1.192
1.201
1.203
1.208
1.218
1.217
1.235
1.234
1.243
1.253
1.261
1.259
1.269
1.278
1.284
1.296
1.303
1.315
1.322
1.329
1.337
1.347
1.355
1.363
1.372
1.389
1.398
1.408
1.423
1.433
1.448
1.459
1.472
1.484
1.498
1.508
1.523
1.533
5.077
5.126
5.181
5.22
5.291
5.343
5.402
5.451
5.521
5.57
5.628
5.701
5.783
3.045
3.004
2.961
2.953
2.934
2.918
2.899
2.917
2.973
3.026
3.08
3.124
3.174
3.224
3.277
3.322
3.38
3.44
3.507
3.567
3.628
3.703
3.758
3.743
3.726
3.717
3.7
3.691
3.674
3.667
3.66
3.648
3.632
3.616
3.608
3.609
3.59
3.591
3.598
3.729
3.92
4.059
4.17
4.248
4.421
4.601
4.767
7.135
7.125
7.12
7.102
7.096
7.077
7.067
7.079
7.495
8
8.183
8.183
8.183
8.183
8.183
8.183
8.191
8.183
8.183
8.189
8.187
8.191
8.191
8.187
8.187
8.191
6.785
6.778
6.769
6.769
6.761
6.754
6.753
6.744
6.744
6.744
6.743
6.744
6.736
6.736
6.744
6.737
6.743
6.744
6.744
6.752
6.762
6.76
6.769
6.768
6.768
6.777
6.794
6.792
6.802
6.81
6.817
6.875
6.687
6.51
6.343
6.185
6.034
5.87
5.726
5.589
5.454
5.333
5.226
5.12
5.006
4.91
4.82
4.72
4.636
4.555
4.475
4.396
4.312
4.25
4.173
4.12
4.049
3.99
3.93
3.867
3.805
3.703
3.694
3.711
3.737
3.779
3.842
3.853
5.362
5.447
5.488
5.523
5.561
5.585
5.636
5.646
5.583
5.615
5.653
5.607
5.563
5.607
5.678
5.721
5.766
5.808
5.857
5.91
5.958
6.01
8.183
8.183
8.183
8.183
8.183
8.183
8.183
8.183
8.183
8.183
8.183
8.183
8.183
8.183
8.183
8.183
8.183
8.183
2.341
2.327
2.319
2.303
2.302
2.3
2.293
2.284
2.268
2.257
2.248
2.23
2.223
2.215
2.207
2.199
2.191
2.18
2.165
2.155
2.148
2.148
2.139
2.13
2.122
2.111
2.105
2.104
2.096
2.086
2.079
2.079
2.06
2.061
2.052
1.85326 12.6115 2.2931
