1 361
5.574
5.521
5.47
5.407
5.329
5.286
5.241
5.141
5.022
4.968
4.938
4.916
4.894
4.861
4.833
4.902
5.183
5.165
5.168
5.132
4.935
4.893
4.891
4.826
4.77
4.717
4.678
4.707
4.669
4.736
4.937
5.073
5.192
4.922
4.746
4.116
4.1
4.073
4.066
4.049
4.03
4.012
3.996
3.987
3.97
3.952
3.944
3.926
3.926
3.91
3.896
3.884
3.877
3.859
3.85
3.843
3.834
3.826
3.819
3.809
3.8
3.792
3.783
3.776
3.775
3.767
3.758
3.757
3.748
3.74
3.732
3.736
3.733
3.723
3.724
3.717
3.718
3.707
3.71
3.709
3.71
3.71
3.711
3.704
3.702
3.703
3.705
3.706
3.707
3.707
3.7
3.707
3.7
3.711
3.707
3.711
3.715
3.715
3.723
3.722
3.722
3.73
3.729
3.738
3.746
3.746
3.754
3.753
3.762
3.769
3.769
3.782
3.786
3.905
4.977
4.994
5.003
5.01
5.026
5.035
5.043
5.06
5.076
5.086
5.101
5.118
5.133
5.158
5.167
5.183
5.199
5.216
5.24
5.258
5.275
5.292
5.317
5.335
5.361
5.379
5.403
5.428
5.446
5.471
5.496
5.53
5.555
5.581
5.608
5.635
5.662
5.697
5.724
5.76
5.785
5.82
5.854
5.888
5.93
5.964
5.996
6.038
6.078
6.12
6.163
6.197
6.233
6.161
6.096
6.031
5.967
5.908
5.853
5.802
5.75
2.994
2.974
2.956
2.93
2.905
2.878
2.862
2.835
2.813
2.796
2.771
2.753
2.738
2.721
2.703
2.685
2.668
2.651
2.633
2.616
2.599
2.582
2.574
2.549
2.541
2.525
2.508
2.499
2.484
2.475
2.459
2.45
2.433
2.425
2.408
2.408
2.392
2.383
2.375
2.366
2.357
2.34
2.333
2.324
2.315
2.314
2.307
2.298
2.29
2.282
2.273
2.264
2.255
2.255
2.247
2.247
2.238
2.229
2.22
2.22
2.211
2.211
2.202
2.202
2.202
2.193
2.184
2.184
2.184
2.175
2.175
2.175
2.166
2.163
2.827
2.831
2.854
2.91
2.957
3.055
3.399
3.411
3.421
3.392
3.422
3.501
3.658
3.973
3.974
3.745
3.946
3.956
3.939
3.478
3.211
3.211
3.207
3.208
3.218
3.149
3.224
3.737
3.904
3.754
3.385
3.275
3.236
3.241
3.664
3.492
3.367
3.227
3.214
3.228
3.234
3.24
3.255
3.261
3.839
3.726
3.591
3.477
3.37
3.264
3.177
3.173
3.181
3.189
3.197
3.207
3.215
3.224
3.233
3.25
3.258
3.275
3.614
3.572
3.522
3.48
3.437
3.394
3.367
3.322
3.331
7.901
7.936
7.973
8.008
8.038
8.076
8.116
8.161
8.183
8.183
8.183
8.183
8.183
8.183
4.927
4.863
4.832
4.805
4.702
4.685
4.664
4.653
4.633
4.616
4.601
4.586
4.58
4.562
4.551
4.537
4.528
4.635
5.331
5.374
5.417
5.469
5.509
5.563
5.605
5.658
5.703
12.2969 6.08372 0.9474
