1 361
1.256
1.256
1.254
1.253
1.259
1.258
1.26
1.259
1.255
1.254
1.261
1.259
1.259
1.258
1.267
1.258
1.267
1.267
1.274
1.274
1.274
1.274
1.284
1.284
1.283
1.284
1.29
1.29
1.29
1.29
1.299
1.299
1.309
1.309
1.318
1.317
1.326
1.326
1.326
1.326
1.335
1.335
1.344
1.353
1.352
1.352
1.362
1.371
1.378
1.378
1.387
1.387
1.396
1.405
1.413
1.413
1.422
1.431
1.439
1.439
1.448
1.456
1.471
1.482
1.499
1.499
1.516
1.516
1.533
1.533
1.55
1.549
1.566
1.574
1.591
1.591
1.607
1.607
1.631
1.64
1.648
1.656
1.682
1.681
1.699
1.716
1.733
1.74
1.757
1.767
1.793
1.792
1.817
1.827
1.851
1.86
1.883
1.893
1.925
1.934
1.969
1.977
2.01
2.021
2.054
2.063
2.098
2.115
2.142
2.158
2.204
2.213
2.254
2.264
2.313
2.33
2.381
2.396
2.445
2.462
2.511
2.535
2.593
2.618
2.688
2.704
2.771
2.797
2.868
2.903
2.972
3.009
3.087
3.122
3.213
3.247
3.346
3.387
3.492
3.534
3.643
3.697
3.823
3.886
5.38
5.363
5.345
5.337
5.32
5.303
5.294
5.276
5.267
5.251
5.251
5.235
5.227
5.211
5.21
5.192
5.193
5.175
5.177
5.167
5.161
5.151
4.864
4.773
4.821
4.874
4.103
4.084
4.088
4.079
4.089
4.081
4.082
4.073
4.084
4.075
4.084
4.075
4.083
4.082
4.089
4.071
4.089
4.078
4.086
4.085
4.094
4.094
4.102
4.1
4.108
4.11
4.118
4.117
4.125
4.125
4.142
4.141
4.159
4.149
4.166
4.166
4.183
4.182
4.198
4.197
4.214
4.224
4.239
4.237
4.262
4.261
4.288
4.287
4.312
4.311
5.422
5.421
5.455
5.464
5.49
5.492
5.534
5.541
5.567
5.577
5.611
5.619
5.655
5.664
5.707
5.717
5.761
5.768
5.812
5.821
5.864
5.872
5.922
5.93
5.98
5.988
6.054
6.063
6.121
6.129
6.188
6.206
6.267
6.278
6.353
6.361
6.436
6.454
6.524
6.542
6.612
6.64
6.709
6.735
6.812
6.835
6.918
6.943
7.035
7.061
7.157
7.178
7.282
7.316
7.41
7.446
7.548
7.582
7.691
7.732
7.845
7.884
8.004
8.053
8.036
7.998
7.921
7.895
7.816
7.08
6.91
6.878
6.813
6.781
6.923
6.949
7.171
6.75
6.673
6.677
6.566
6.546
6.51
6.511
6.672
6.708
7.068
7.061
6.721
6.683
6.386
6.366
6.328
6.32
6.398
6.483
6.157
6.146
5.528
5.529
5.495
5.487
5.452
5.443
5.419
5.411
5.386
5.377
5.359
5.353
5.336
5.326
5.31
5.299
5.275
5.274
5.258
5.258
5.243
5.243
5.225
5.225
5.227
5.217
5.202
5.202
5.189
5.188
5.182
5.172
5.175
5.169
5.169
5.173
5.162
5.162
5.158
5.158
5.153
5.158
5.153
11.3421 7.48339 4.57803
