1 361
2.174
2.177
2.176
2.176
2.168
2.192
2.184
2.176
2.175
2.176
2.175
2.175
2.175
2.183
2.174
2.183
2.183
2.193
2.182
2.192
2.192
2.2
2.194
2.21
2.211
2.208
2.208
2.216
2.207
2.216
2.216
2.23
2.23
3.424
3.415
3.432
3.432
3.457
3.449
3.473
3.465
3.49
3.49
3.516
3.507
3.533
3.524
3.56
3.56
3.577
3.577
3.613
3.604
3.63
3.63
3.663
3.655
3.698
3.689
3.731
3.722
3.766
3.765
3.8
3.799
3.835
3.835
3.88
3.878
3.913
3.914
3.967
3.958
4.009
4.001
4.051
4.052
4.103
4.103
4.162
4.153
4.212
4.212
4.269
4.271
4.337
4.336
4.395
4.395
4.463
4.462
4.532
4.532
4.606
4.606
4.684
4.692
4.771
4.771
4.859
4.859
4.86
4.848
4.779
4.781
4.711
4.71
4.642
4.64
4.575
4.571
4.513
4.513
4.456
4.458
4.406
4.406
4.353
4.353
4.303
4.305
4.257
4.256
4.208
4.209
4.167
4.161
4.127
4.128
4.088
4.095
4.061
4.053
4.023
4.025
4.016
4.016
3.99
3.99
3.963
3.953
3.937
3.927
3.9
3.9
1.86
1.86
1.852
1.853
1.835
1.835
1.826
1.827
1.818
1.827
1.809
1.809
1.8
1.809
1.793
1.801
1.793
1.793
1.784
1.793
1.784
1.785
1.777
1.786
1.777
1.777
1.772
1.771
1.766
1.775
1.769
1.769
1.766
1.766
1.761
1.771
1.765
1.773
1.765
1.773
1.77
1.77
1.763
1.772
1.767
1.776
1.765
1.771
1.77
1.777
1.776
1.776
1.776
1.784
1.784
1.785
1.793
1.793
1.793
1.8
1.801
1.809
1.809
1.809
1.818
1.818
1.818
1.827
1.834
1.834
1.843
1.843
1.852
1.852
1.86
1.868
1.868
1.877
1.886
1.886
1.894
1.902
1.91
1.91
1.919
1.928
1.936
1.945
1.962
1.961
1.97
1.978
1.996
1.996
2.013
2.022
2.03
2.039
2.056
2.055
2.075
2.082
2.101
2.101
2.118
2.127
2.13
3.704
3.621
3.614
3.546
3.538
3.506
3.518
3.547
3.565
3.668
3.784
3.777
3.777
3.703
3.694
3.624
3.626
3.647
3.657
3.709
3.724
3.775
3.782
3.837
3.864
4.038
4.037
3.996
3.995
4.005
3.97
5.592
5.594
5.534
5.525
5.482
5.483
5.465
5.474
5.452
5.457
5.449
5.452
5.448
5.448
5.452
5.481
6.63
6.646
6.807
6.833
6.995
7.031
7.2
7.233
7.428
7.461
6.488
7.708
6.418
4.774
4.724
4.724
4.682
4.68
4.639
4.637
4.593
4.595
4.561
4.563
4.529
4.529
4.495
4.495
4.469
4.469
4.443
4.443
4.408
4.416
4.392
4.392
4.366
4.366
4.341
4.342
4.325
4.326
4.309
4.308
4.294
4.293
4.277
4.285
4.26
4.272
4.254
4.262
4.249
4.247
4.241
4.242
4.23
4.239
4.223
4.233
4.218
4.226
1.65711 -1.58909 0.092572
