1 361
0.707
0.706
0.716
0.717
0.726
0.724
0.724
0.732
0.732
0.74
0.74
0.746
0.747
0.754
0.754
0.77
0.768
0.777
0.776
0.776
0.783
0.793
0.793
0.802
0.808
0.817
0.817
0.825
0.834
0.842
0.841
0.858
0.857
0.868
0.867
0.885
0.884
0.893
0.902
0.909
0.918
0.925
0.936
0.941
0.958
0.963
0.974
1.019
1.065
1.075
1.08
1.073
1.071
1.079
1.089
1.089
1.097
1.114
1.123
1.132
1.14
1.149
1.166
1.173
5.391
5.34
5.296
5.244
5.209
5.167
5.135
5.086
5.06
5.019
4.994
4.954
4.929
4.704
4.68
4.673
4.646
4.613
4.586
4.564
4.536
4.511
4.479
4.461
4.435
4.409
4.394
4.366
4.349
4.324
4.307
4.283
4.266
4.242
4.235
4.21
4.193
4.176
4.159
4.142
4.135
4.109
4.1
4.084
4.075
4.058
4.042
4.031
4.016
4.008
3.999
3.985
3.973
3.964
3.955
3.946
3.937
3.929
3.92
3.911
3.902
3.883
3.87
3.859
4.004
4.003
4.004
3.996
3.988
3.989
3.987
3.98
3.971
3.964
3.97
3.963
3.964
3.955
3.953
3.945
3.947
3.948
3.95
3.94
3.942
3.937
3.946
3.942
3.947
3.942
3.949
3.787
3.796
3.809
3.821
3.82
3.827
3.825
3.837
3.833
3.833
3.844
3.843
3.843
3.856
3.858
3.859
3.868
3.878
3.877
3.882
3.894
3.904
3.904
3.913
3.92
3.933
3.937
3.956
3.965
3.974
3.983
3.99
3.999
4.017
4.025
4.042
4.053
4.059
4.075
4.093
4.102
4.121
4.136
4.153
4.161
4.176
4.195
4.21
4.226
4.251
4.268
4.285
4.308
4.331
4.349
4.371
4.375
4.439
4.595
4.623
4.65
4.672
4.699
4.725
4.754
4.787
4.813
4.839
4.862
1.053
1.062
1.053
1.037
1.029
1.014
1.004
0.997
0.988
0.98
0.971
0.953
0.958
0.958
0.965
0.949
0.946
0.942
0.946
0.955
0.945
0.94
0.9
0.891
0.855
0.856
0.852
0.852
0.851
0.844
0.85
0.844
0.845
0.852
0.843
0.846
0.846
0.85
0.85
0.847
0.847
0.846
0.844
0.849
0.85
0.848
0.852
0.84
0.85
0.843
0.84
0.846
0.85
0.852
0.849
0.848
0.854
0.843
0.851
0.852
0.851
0.858
0.859
0.859
0.857
0.858
0.859
0.858
0.86
0.866
0.867
0.866
0.875
0.875
0.875
0.875
0.883
0.884
0.883
0.884
0.892
0.892
0.892
0.9
0.899
0.9
0.909
0.908
0.916
0.916
0.917
0.925
0.926
0.934
0.934
0.941
0.94
0.947
2.068
4.81
2.101
2.7
2.633
2.598
2.585
2.51
2.224
2.217
2.179
2.179
2.179
2.185
2.197
2.222
2.249
2.865
2.881
2.889
2.903
2.923
2.907
2.616
2.593
2.575
2.56
2.551
2.429
2.299
2.159
2.05
1.928
1.852
1.849
1.848
1.842
1.842
1.842
4.52494 2.49618 0.383641
