1 361
6.653
6.794
7.215
7.426
7.49
4.393
4.375
4.343
4.333
4.302
4.284
4.259
4.243
4.217
4.2
4.177
4.169
4.144
4.134
4.11
4.101
4.076
4.067
4.05
4.041
4.025
4.016
3.999
3.99
3.974
3.964
3.955
3.945
3.928
3.919
3.902
3.901
3.883
3.882
3.865
3.866
3.847
3.848
3.838
3.83
3.823
3.821
3.812
3.812
3.804
3.796
3.788
3.789
4.268
3.976
2.076
1.905
1.264
1.225
1.011
1.004
0.459
0.599
0.352
0.361
0.36
0.369
0.356
0.356
0.353
0.357
0.356
0.357
0.366
0.355
0.369
0.366
0.369
0.368
0.368
0.363
0.367
0.366
0.365
0.366
0.375
0.375
0.375
0.375
0.374
0.373
0.375
0.377
0.376
0.377
0.385
0.384
0.387
0.384
0.386
0.387
0.405
0.4
0.409
0.416
0.409
0.418
0.424
0.417
0.435
0.431
0.453
0.445
0.57
0.577
0.532
0.54
0.456
0.472
0.459
0.459
0.457
0.459
0.488
0.496
0.495
0.495
0.495
0.495
0.639
0.578
2.135
2.151
2.17
2.179
2.206
2.215
2.231
2.25
2.266
2.284
2.302
2.294
2.266
2.258
2.234
2.248
2.274
2.283
2.317
2.32
2.293
2.285
2.261
2.251
2.255
2.272
2.338
2.356
2.39
2.415
2.448
2.473
2.513
2.529
2.579
2.604
2.65
2.666
2.709
2.734
2.807
8.183
8.183
8.183
8.183
8.183
8.183
8.183
8.183
8.183
8.183
8.183
8.183
8.183
8.183
8.183
8.183
8.183
5.202
5.194
5.165
5.219
5.371
5.479
5.649
5.752
5.947
6.071
6.294
6.427
6.68
6.841
7.13
7.283
7.622
7.726
7.699
7.694
7.678
7.668
7.644
7.644
7.624
7.623
7.605
7.598
7.577
7.577
7.566
7.566
7.551
7.552
7.54
7.534
7.53
7.533
7.519
7.525
7.514
7.521
7.511
7.522
7.518
7.516
7.514
7.524
7.517
7.527
6.394
5.872
5.01
4.64
4.575
4.584
4.575
4.592
4.592
4.603
4.597
4.612
4.612
4.629
4.627
4.636
4.636
4.646
4.655
4.665
4.67
4.68
4.688
4.708
4.706
4.725
4.73
4.741
4.746
4.769
4.774
4.795
4.761
4.677
4.538
4.465
4.334
4.26
4.136
4.071
3.971
3.92
3.822
3.768
3.667
3.619
3.531
3.487
3.415
3.366
3.292
3.262
3.194
3.16
3.1
3.066
3.005
2.978
2.916
2.89
2.84
2.805
2.763
2.737
2.696
2.672
2.625
2.601
2.566
2.541
2.511
2.492
2.453
2.436
2.394
2.378
2.345
2.328
2.304
2.288
2.263
2.245
2.218
2.204
2.176
2.167
2.141
2.132
2.106
2.096
2.07
2.064
2.036
2.027
1.801
1.794
1.778
1.751
1.756
1.751
1.733
1.717
1.708
1.738
1.808
1.871
1.856
1.85
1.842
1.833
1.816
1.811
1.803
1.797
1.78
1.772
1.762
1.764
1.744
1.739
1.73
1.727
-1.77683 13.1066 3.9011
