1 361
4.665
4.736
4.78
4.859
4.898
4.978
5.03
5.109
5.159
5.258
5.31
5.409
5.469
5.579
5.643
5.755
5.832
5.95
6.036
7.573
7.553
7.62
7.749
7.929
8.044
8.183
8.183
8.183
8.183
8.183
8.183
8.183
8.183
8.183
8.183
8.183
8.183
8.183
8.183
8.183
8.183
8.183
8.183
8.183
8.183
8.183
8.183
8.183
8.183
8.183
8.183
8.183
8.183
8.187
8.183
8.191
8.183
8.183
8.183
8.183
8.183
8.183
8.183
8.183
8.183
8.183
8.183
8.183
8.183
8.183
8.183
8.183
8.183
8.183
8.183
7.496
5.628
5.337
4.549
3.816
3.45
3.044
2.861
2.52
2.383
2.136
2.05
1.878
1.804
1.669
1.613
1.512
1.463
1.36
1.305
1.149
1.148
1.155
1.155
1.154
1.154
1.165
1.163
1.164
1.172
1.174
1.18
1.181
1.18
1.185
1.193
1.17
1.143
1.099
1.081
1.052
1.042
1.001
0.998
0.966
0.959
0.931
0.922
0.898
0.89
0.865
0.859
0.838
0.84
0.815
0.816
0.793
0.793
0.769
0.768
0.751
0.752
0.728
0.727
0.712
0.712
0.694
0.696
0.694
0.693
0.735
0.735
6.613
6.653
6.681
6.684
6.775
6.815
6.9
6.971
6.854
6.806
6.716
6.659
6.976
7.041
4.216
4.243
7.277
7.351
7.471
7.419
7.349
7.31
7.984
8.076
8.166
7.783
6.008
6.002
8.183
8.183
8.183
8.183
8.183
8.183
8.183
8.183
8.183
8.183
8.05
7.943
8.183
8.183
8.141
7.347
7.291
7.255
7.339
7.428
8.183
6.748
6.509
6.542
7.204
7.277
6.781
6.76
6.716
6.694
6.604
6.592
6.598
6.724
6.951
7.08
7.206
8.183
8.183
8.183
8.183
8.183
8.183
8.183
8.183
8.183
8.183
8.183
8.183
8.183
8.183
8.183
8.183
8.183
8.183
8.183
8.183
8.183
8.183
8.183
8.183
8.183
8.183
8.183
8.183
2.364
2.265
2.228
2.217
2.23
2.229
2.238
2.245
2.254
2.246
2.254
2.262
2.272
2.27
2.279
2.279
2.297
2.289
2.305
2.304
2.316
2.316
2.331
2.406
2.579
2.839
2.809
2.59
2.537
1.506
1.405
1.356
1.305
1.271
1.224
1.17
1.111
1.09
1.047
1.031
0.998
0.973
0.949
0.926
0.917
0.895
0.877
0.851
0.834
0.827
0.809
0.794
0.777
0.763
0.747
0.74
0.727
0.717
0.703
0.699
0.69
0.672
0.663
0.658
0.65
0.641
0.628
0.618
0.609
0.611
0.601
0.593
0.588
0.579
0.583
0.571
0.588
0.589
0.592
0.593
0.604
0.601
0.588
0.584
0.588
0.587
0.673
0.671
0.656
0.637
0.548
0.541
0.507
0.509
0.499
0.5
0.49
0.491
0.484
0.483
0.473
0.474
0.465
0.465
0.465
0.465
0.447
0.448
0.449
0.444
0.439
0.439
0.429
0.429
0.428
0.429
0.421
0.42
0.418
0.419
0.412
5.08278 8.24358 3.02863
