1 361
2.661
2.664
2.665
2.671
2.663
2.649
2.655
2.676
2.668
2.672
2.687
2.705
2.699
2.725
2.719
2.735
2.736
2.831
2.808
2.857
2.753
2.735
2.738
2.743
2.748
2.756
2.762
2.762
2.803
3.138
3.393
3.259
3.112
2.938
2.802
2.665
2.659
2.668
2.677
2.676
2.684
2.683
2.693
2.692
2.701
2.71
2.71
2.718
2.727
2.737
3.115
3.066
3.031
2.978
2.935
2.895
2.857
2.81
2.781
2.759
2.797
7.214
7.253
7.274
7.308
7.328
7.36
7.397
7.42
7.446
7.491
7.515
7.55
7.588
7.628
7.665
7.677
7.897
7.941
4.356
4.308
4.239
4.227
4.158
4.117
4.089
4.083
4.067
4.053
4.035
4.026
4.009
3.992
3.984
3.975
3.958
3.959
3.942
3.934
4.712
4.756
4.792
4.835
4.87
4.905
4.948
4.999
5.039
5.082
5.123
5.173
5.221
5.281
3.153
3.069
3.041
3.015
3
2.981
2.945
2.93
2.911
2.893
2.868
2.854
2.825
2.811
2.795
2.778
2.76
2.743
2.727
2.718
2.693
2.684
2.668
2.658
2.632
2.623
2.606
2.606
2.58
2.581
2.563
2.557
2.54
2.531
2.515
2.507
2.49
2.491
2.474
2.474
2.458
2.449
2.441
2.432
2.424
2.424
2.407
2.409
2.399
2.392
2.382
2.384
2.375
2.375
2.368
2.367
2.36
2.352
2.342
2.342
2.335
2.335
2.326
2.326
2.317
2.317
2.309
2.317
2.311
2.311
2.303
2.311
2.304
2.306
2.299
2.3
2.295
2.305
2.299
2.303
2.295
2.297
2.29
2.299
2.298
2.296
2.295
2.301
2.299
2.304
2.302
2.307
2.298
2.304
2.304
2.31
2.302
2.309
2.308
2.316
2.317
2.324
2.315
2.331
2.333
2.331
2.333
2.339
2.348
2.356
2.356
2.365
2.365
2.373
2.373
2.382
2.382
2.399
2.399
2.416
2.416
2.423
2.423
2.44
2.44
2.456
2.457
2.472
2.472
2.506
2.506
2.522
2.522
2.547
2.547
2.562
2.572
2.579
2.588
2.605
2.614
2.631
2.639
2.666
2.665
2.682
2.69
2.717
2.724
2.743
2.75
2.776
2.782
2.808
2.814
2.839
2.857
2.883
2.891
2.917
2.932
2.959
2.968
3.003
3.012
3.048
3.066
3.091
3.109
3.142
3.16
3.193
3.211
3.244
3.268
3.302
3.326
3.367
3.39
3.431
3.446
3.498
3.525
3.568
3.6
3.65
3.675
3.734
3.761
3.813
3.848
3.9
3.933
3.995
4.039
4.096
4.139
4.194
4.246
4.31
4.361
4.446
4.49
4.662
6.122
6.08
6.055
6.023
5.997
5.965
5.94
5.915
5.889
5.866
5.847
5.821
5.796
5.778
5.762
5.736
5.716
5.691
4.94
4.896
4.839
4.812
4.77
4.496
4.486
4.471
4.463
4.445
4.436
4.428
4.42
4.402
4.394
4.386
4.376
4.369
4.361
4.353
4.344
4.345
4.339
4.328
4.322
4.313
2.22015 -0.100613 1.56972
