1 361
1.804
1.813
1.812
1.821
1.812
1.821
1.824
1.804
1.805
1.811
1.81
1.825
1.837
4.661
4.668
4.692
4.769
4.672
4.673
3.94
3.934
3.82
3.821
3.838
3.847
3.863
3.873
3.891
3.898
3.916
3.925
3.951
3.96
3.987
3.996
4.012
4.028
4.055
4.062
4.087
4.106
4.13
4.146
4.178
4.188
4.22
4.229
4.241
4.222
4.147
4.127
4.055
4.033
2.332
2.325
2.283
2.268
2.233
2.232
2.257
2.265
2.31
2.318
2.343
2.351
2.376
2.387
2.418
2.426
2.451
2.468
2.499
2.508
2.539
2.556
2.589
2.598
2.632
2.65
2.685
2.703
2.737
2.753
2.796
2.804
2.863
2.88
2.926
2.941
2.907
2.899
2.873
2.864
2.828
2.83
2.796
2.797
2.772
2.763
2.746
2.736
2.713
2.714
2.687
2.686
2.663
2.657
2.699
2.732
2.81
2.84
2.892
2.941
3.008
3.039
3.115
3.15
3.243
3.286
3.409
3.457
3.562
3.608
3.731
3.783
5.753
5.746
5.869
5.977
6.15
6.139
6.114
6.114
6.088
6.088
6.057
6.056
6.038
6.025
6.241
6.417
6.795
7.02
7.504
7.842
8.183
8.183
8.183
8.183
8.183
8.183
8.183
8.183
8.183
8.183
8.183
8.183
8.187
8.191
8.191
8.187
5.682
5.69
5.674
5.674
5.664
5.663
5.646
5.646
5.646
5.647
5.639
5.639
5.629
5.639
5.62
5.631
5.62
5.63
5.63
5.63
5.629
5.629
5.639
5.639
5.638
5.646
5.645
5.655
5.656
5.664
5.663
5.674
5.674
5.69
5.69
5.699
5.721
5.726
5.535
5.439
5.26
5.171
5.004
4.928
4.783
4.702
4.572
4.504
4.393
4.333
4.211
4.164
4.061
4.018
3.924
3.879
3.791
3.746
3.662
3.629
3.553
3.517
3.441
3.408
3.342
3.31
3.252
3.226
3.167
3.141
3.081
3.064
3.009
2.983
2.929
2.912
2.869
2.843
2.802
2.776
2.702
2.686
2.648
2.672
2.698
2.714
2.764
2.838
2.835
2.904
4.649
4.672
4.629
4.61
4.654
4.695
4.65
4.623
4.634
4.711
4.765
4.809
4.862
4.905
4.966
5.022
5.065
5.11
8.183
8.183
8.183
8.183
8.183
8.183
8.183
8.183
8.183
8.183
8.183
8.183
8.183
8.183
8.183
8.183
7.419
7.399
7.492
7.585
7.742
7.848
8.015
8.129
8.183
8.183
8.183
8.183
8.183
8.183
8.183
8.183
8.183
8.183
8.183
8.183
8.183
8.183
8.183
8.183
8.183
8.183
8.183
8.183
8.183
8.183
8.183
8.183
8.183
8.183
6.355
6.354
6.325
6.329
6.307
6.307
6.297
6.284
1.721
1.704
1.696
1.697
1.698
1.712
1.713
1.716
1.721
1.72
1.705
1.705
1.716
1.697
1.697
1.705
1.714
1.716
1.718
1.714
1.713
1.719
1.713
1.72
1.717
1.725
1.722
1.724
1.724
1.733
1.733
1.733
1.733
1.741
0.824551 13.2793 2.82673
