1 361
4.495
4.512
4.521
4.546
4.546
4.571
4.569
4.604
4.603
4.638
4.637
4.67
4.679
4.704
4.704
4.738
4.747
4.782
4.781
4.818
4.826
4.867
4.878
4.912
4.92
4.963
4.972
5.022
5.03
5.072
5.08
5.129
5.137
5.193
5.201
5.26
5.268
5.328
5.337
5.404
5.412
5.472
5.481
5.559
5.567
5.636
5.645
5.725
5.734
5.812
5.83
5.915
5.924
6.015
6.031
6.122
6.139
6.242
6.252
6.355
6.371
6.474
6.49
6.607
6.628
6.587
6.568
6.497
6.488
6.411
6.394
5.532
5.513
5.432
5.417
5.353
5.344
5.436
5.476
5.459
5.477
5.233
5.225
5.201
5.233
5.141
5.132
5.092
5.086
5.099
5.136
5.268
5.238
5.647
5.647
5.266
5.109
4.99
4.985
4.947
4.948
4.92
4.911
4.898
4.894
5.081
4.852
4.751
4.751
4.173
4.154
4.131
4.131
4.106
4.106
4.088
4.089
4.073
4.072
4.054
4.055
4.039
4.039
4.03
4.029
4.012
4.017
4.012
4.003
3.996
3.994
3.997
3.995
3.987
3.987
3.978
3.978
3.97
3.977
3.97
3.969
3.97
3.969
3.972
3.972
3.974
3.973
3.972
3.981
3.982
3.982
3.982
3.981
3.988
3.989
3.998
3.997
4.006
4.007
4.014
4.014
4.019
4.031
4.042
4.037
4.049
4.056
4.059
4.072
4.079
4.088
4.094
4.104
4.112
4.111
4.128
4.136
4.151
4.159
4.166
4.175
4.191
4.197
4.214
4.241
5.475
5.482
5.514
5.525
5.55
5.559
5.593
5.603
5.638
5.647
5.683
5.692
5.736
5.744
5.787
5.796
5.841
5.848
5.899
5.899
5.949
5.973
6.015
6.03
6.081
6.097
6.157
6.164
6.226
6.244
6.302
6.311
6.38
6.405
6.464
6.49
6.551
6.57
6.641
6.668
6.737
6.762
6.831
6.82
6.704
6.677
6.574
6.559
6.463
6.445
6.351
6.337
6.238
6.224
3.631
3.62
3.577
3.569
3.527
3.516
3.474
3.467
3.424
3.425
3.385
3.386
3.344
3.345
3.312
3.304
3.271
3.27
3.236
3.238
3.202
3.202
3.169
3.17
3.144
3.135
3.108
3.11
3.082
3.09
3.057
3.057
3.039
3.03
3.013
3.013
2.985
2.997
2.97
2.97
2.951
2.952
2.936
2.935
2.909
2.917
2.901
2.901
2.883
2.883
2.866
2.866
2.858
2.857
2.84
2.84
2.831
2.832
2.821
2.991
3.499
3.518
3.519
3.571
3.636
3.768
4.023
4.029
4.016
4.005
3.991
4.027
4.535
4.54
4.369
4.463
4.484
4.219
3.829
3.84
3.823
3.834
3.824
3.842
4.006
3.975
3.872
3.828
3.798
3.849
4.255
4.104
3.793
3.798
3.802
3.808
3.819
3.828
4.233
4.467
4.209
4.096
3.778
3.716
3.719
3.719
3.728
3.736
3.736
3.754
3.754
3.762
3.771
3.79
4.147
4.107
3.993
3.971
3.866
3.832
3.811
3.832
11.8838 5.68901 0.488544
