1 361
1.223
1.233
1.232
1.241
1.232
1.241
1.241
1.25
1.25
1.258
1.258
1.267
1.267
1.276
1.276
1.284
1.284
1.292
1.3
1.309
1.309
1.318
1.318
1.326
1.326
1.344
1.344
1.352
1.352
1.361
1.371
1.379
1.378
1.397
1.396
1.413
1.413
1.42
1.429
1.446
1.445
1.462
1.454
1.481
1.484
1.479
1.475
1.49
1.498
1.515
1.521
1.735
1.743
1.762
1.761
1.788
1.787
1.812
1.812
1.838
1.846
1.872
1.879
1.905
1.914
1.947
1.956
1.981
1.99
2.025
2.033
2.07
2.076
2.114
2.12
2.165
2.174
2.218
2.225
2.271
2.283
2.271
2.272
2.246
2.246
2.222
2.221
2.217
2.233
2.298
2.327
2.376
2.392
2.441
2.466
2.523
2.549
2.61
2.632
2.604
2.595
2.57
2.555
2.511
2.513
2.481
2.48
2.441
2.441
2.408
2.4
2.375
2.366
2.34
2.332
2.307
2.307
2.282
2.274
2.248
2.248
2.247
2.255
2.282
2.29
2.306
2.324
2.341
2.35
2.374
2.383
2.399
2.417
2.442
2.448
2.473
2.488
2.515
2.531
2.558
2.582
2.597
2.615
8.183
8.187
8.183
8.183
8.187
8.191
8.187
8.191
8.183
8.183
8.183
8.183
8.183
8.183
8.183
8.183
8.183
8.183
8.183
8.183
8.183
8.183
8.183
8.183
8.183
8.183
8.183
8.183
8.183
8.183
8.183
8.183
8.183
8.183
8.183
8.183
8.183
8.183
6.991
6.838
6.583
6.436
6.188
6.065
5.848
5.762
5.56
5.47
5.273
5.203
5.038
4.962
4.818
4.759
4.618
4.561
4.438
4.383
4.265
4.215
4.116
4.073
3.978
3.931
3.846
3.802
3.723
3.68
3.605
3.572
3.494
3.47
3.393
3.377
3.312
3.279
3.229
3.196
3.135
3.121
3.058
3.003
2.959
2.968
2.995
3.011
3.03
3.056
3.004
2.986
2.954
2.928
2.892
2.874
2.832
2.822
2.773
2.766
2.732
2.724
2.69
2.683
2.647
2.669
8.183
8.183
8.183
8.183
8.183
8.183
8.002
8.013
8.183
8.183
8.183
8.183
8.183
8.183
8.183
8.183
8.183
8.183
8.183
8.183
8.183
8.183
8.183
8.183
8.183
8.183
8.183
8.183
8.183
2.011
1.988
1.988
1.971
1.976
1.972
1.977
1.96
1.96
1.943
1.942
1.934
1.927
1.918
1.893
1.865
1.845
1.828
1.825
1.814
1.817
1.821
1.803
1.82
1.816
1.821
1.815
1.814
1.809
1.808
1.798
1.806
1.8
1.796
1.8
1.793
1.795
1.795
1.797
1.797
1.794
1.779
1.667
1.7
1.753
1.802
1.797
1.791
1.792
1.784
1.787
1.785
1.78
1.784
1.778
1.778
1.787
1.784
1.779
1.77
1.768
1.758
1.761
1.746
1.752
1.741
1.749
1.729
1.738
1.727
1.727
1.726
1.729
1.728
1.727
1.727
1.734
1.728
1.731
1.73
1.74
1.733
1.742
1.742
1.751
6.96676 7.33587 2.25111
