1 361
4.073
4.09
4.081
4.107
4.099
4.125
4.116
4.141
4.133
4.159
4.149
4.175
4.166
4.183
4.192
3.399
3.383
4.233
4.232
4.266
4.265
4.298
4.289
4.322
4.322
4.341
4.319
4.285
4.285
4.325
4.317
4.331
4.323
4.382
4.372
4.405
4.397
4.44
4.441
4.484
4.484
2.037
2.034
2.027
2.023
4.649
4.65
4.713
4.705
4.665
4.658
4.546
4.543
4.44
4.433
4.858
4.848
4.835
4.829
4.801
4.803
4.875
4.877
4.981
4.973
4.993
4.984
5.073
5.073
5.031
5.027
5.726
5.708
5.823
5.821
3.688
3.685
3.805
3.811
6.172
6.163
6.258
6.259
6.428
6.429
6.568
6.568
6.727
6.726
6.879
6.878
5.844
5.815
5.746
5.736
5.643
5.629
5.565
5.551
5.442
5.438
5.002
4.998
4.897
4.896
4.866
4.854
4.84
4.842
5.189
5.187
4.244
4.232
4.215
4.218
4.992
4.993
4.599
4.59
4.49
4.491
4.454
4.465
4.421
4.421
4.346
4.338
4.324
4.325
4.501
4.501
4.86
4.859
6.225
6.228
6.33
6.348
7.496
7.488
7.469
7.469
7.443
7.442
7.425
7.426
7.409
7.4
7.382
7.383
7.374
7.373
7.367
7.364
7.058
7.049
7.033
7.028
7.034
7.049
7.249
7.25
7.249
7.249
7.24
7.249
7.249
7.248
7.258
7.258
7.258
7.265
7.266
7.266
6.97
6.981
7.402
7.4
7.419
7.419
7.435
7.435
6.846
6.778
6.286
6.273
5.277
5.278
5.3
5.3
5.311
5.319
4.327
4.327
4.34
4.341
3.454
3.475
3.099
3.099
2.971
2.97
3
2.992
3.031
3.031
3.094
3.086
1.899
1.933
1.78
1.792
1.731
1.742
1.727
1.737
1.61
1.616
1.638
1.647
1.63
1.631
1.766
1.706
2.274
2.284
1.987
1.995
1.921
1.931
1.872
1.879
1.827
1.833
1.782
1.794
1.755
1.764
1.772
1.773
1.797
1.796
1.821
1.821
1.534
1.561
1.512
1.511
1.898
1.897
1.518
1.568
1.408
1.416
1.388
1.396
1.353
1.356
1.312
1.321
1.284
1.291
1.263
1.264
1.033
1.04
0.988
0.999
0.962
0.965
0.937
0.945
0.92
0.928
0.902
0.904
0.894
0.902
0.877
0.887
0.868
0.878
0.871
0.874
0.864
0.863
0.855
0.857
0.852
0.86
0.856
0.853
0.845
0.857
0.843
0.856
0.844
0.854
0.845
0.846
0.837
0.851
0.846
0.854
0.854
0.86
0.855
0.86
0.855
0.853
0.853
0.853
0.864
0.861
0.887
0.897
0.88
0.888
0.872
0.881
0.873
0.882
0.876
0.875
0.869
0.877
0.869
0.87
0.863
0.873
0.866
0.866
0.866
0.891
1.233
1.253
1.619
1.636
1.563
1.571
1.571
1.571
1.571
1.578
1.579
1.588
1.579
1.588
1.588
1.588
1.589
1.596
1.589
1.588
1.59
1.588
1.59
1.589
1.58
1.59
1.591
1.591
2.41122 9.00392 4.02244
