1 361
4.385
4.351
4.343
4.309
4.293
4.268
4.251
4.219
4.212
4.187
4.177
4.153
4.137
4.112
4.103
4.087
4.077
4.051
4.042
4.026
4.018
4.001
3.992
3.974
3.964
3.948
3.939
3.926
3.92
3.907
3.902
0.348
0.354
0.36
0.354
0.353
0.351
0.356
0.358
0.352
0.352
0.348
0.345
0.351
0.352
0.357
0.355
0.349
0.34
0.349
0.358
0.349
0.348
0.345
0.35
0.355
0.355
0.36
0.357
0.355
0.353
0.364
0.357
0.354
0.358
0.355
0.364
0.363
0.356
0.362
0.364
0.371
0.364
0.387
0.387
0.388
0.388
0.388
0.389
0.388
0.388
0.386
0.389
0.407
0.415
0.41
0.409
0.493
0.449
0.541
0.543
0.552
0.55
0.419
0.486
0.423
0.418
0.422
0.43
0.446
0.447
0.45
0.449
0.45
0.45
0.451
0.45
0.483
0.459
1.87
1.878
1.89
1.889
1.908
1.916
1.932
1.942
1.952
1.967
2.039
2.038
2.064
2.073
2.091
2.1
2.118
2.126
2.153
2.153
2.18
2.188
2.216
2.224
2.242
2.242
2.213
2.204
2.175
2.179
2.214
2.223
2.25
2.26
2.232
2.233
2.207
2.198
2.183
2.194
2.229
2.269
2.306
2.323
2.364
2.381
2.405
2.432
2.471
2.496
2.538
2.563
2.606
2.623
2.674
2.692
8.006
8.083
8.183
8.183
8.183
8.183
8.183
8.183
8.183
8.183
8.183
8.183
8.183
8.183
8.183
8.183
8.183
8.183
5.137
5.129
5.095
5.094
5.245
5.328
5.497
5.594
5.78
5.89
6.097
6.219
6.451
6.599
6.883
7.018
7.335
7.496
7.635
7.629
7.612
7.601
7.585
7.578
7.556
7.548
7.531
7.534
7.517
7.514
7.498
7.49
7.487
7.481
7.469
7.469
7.454
7.455
7.445
7.448
7.436
7.436
7.435
7.436
7.437
7.437
7.432
7.444
7.438
7.445
7.439
6.939
5.727
5.261
4.568
4.497
4.498
4.507
4.508
4.515
4.511
4.517
4.526
4.538
4.538
4.545
4.545
4.562
4.561
4.578
4.577
4.595
4.596
4.612
4.621
4.637
4.637
4.647
4.663
4.669
4.685
4.699
4.704
4.718
4.667
4.593
4.454
4.376
4.249
4.179
4.071
4.007
3.911
3.847
3.76
3.712
3.617
3.578
3.494
3.441
3.366
3.327
3.252
3.219
3.152
3.12
3.066
3.022
2.969
2.944
2.889
2.865
2.804
2.788
2.738
2.714
2.67
2.644
2.603
2.583
2.542
2.527
2.485
2.469
2.43
2.411
2.387
2.362
2.336
2.32
2.288
2.27
2.246
2.229
2.202
2.193
2.168
2.157
2.132
2.114
2.098
2.079
2.062
2.054
2.036
2.027
2
1.994
1.969
1.796
1.752
1.734
1.698
1.712
1.702
1.691
1.68
1.665
1.678
1.698
1.788
1.823
1.808
1.809
1.794
1.789
1.779
1.77
1.754
1.754
1.746
1.738
1.734
1.724
1.714
1.716
1.709
1.695
-1.82885 13.0549 3.94338
