1 361
0.756
0.764
0.754
0.762
0.762
0.762
0.762
0.769
0.761
0.777
0.768
0.775
0.775
0.783
0.774
0.781
0.781
0.788
0.779
0.786
0.788
0.787
0.786
0.796
0.793
0.8
0.792
0.8
0.799
0.819
0.808
0.817
0.817
0.825
0.818
0.835
0.818
0.835
0.825
0.842
0.843
0.853
0.852
0.859
0.851
0.867
0.858
0.877
0.867
0.885
0.877
0.885
0.884
0.902
0.902
0.911
0.911
0.929
0.919
0.937
0.927
0.946
0.945
0.961
0.951
0.97
0.961
0.984
0.977
0.992
1.001
1.019
1.009
1.036
1.036
1.062
1.054
1.089
1.09
1.046
1.046
1.038
1.038
1.021
1.021
1.013
1.013
1.004
1.004
0.995
0.996
0.986
0.977
0.968
0.968
0.961
0.961
0.951
0.951
0.933
0.933
0.925
0.924
0.906
0.906
0.897
0.898
0.888
0.888
0.871
0.872
0.958
0.901
1.065
1.064
1.056
1.055
1.048
1.047
1.04
1.04
1.032
1.03
1.025
1.025
1.016
1.02
1.007
1.007
1.002
1.001
0.992
0.992
0.988
0.986
0.985
0.986
0.983
0.984
0.979
0.979
0.968
0.969
0.718
0.756
0.715
0.712
0.679
0.684
0.683
0.686
0.667
0.669
0.665
0.666
0.66
0.66
0.665
0.663
0.67
0.661
0.663
0.674
0.668
0.666
0.656
0.664
0.662
0.663
0.668
0.67
0.67
0.671
0.669
0.669
0.669
0.67
0.678
0.669
0.678
0.669
0.678
0.676
0.677
0.678
0.677
0.684
0.685
0.685
0.685
0.684
0.692
0.692
0.693
0.693
0.701
0.701
0.703
0.701
0.709
0.7
0.719
0.71
0.718
0.718
0.726
0.727
0.733
0.734
0.733
0.733
0.743
0.744
0.749
0.75
0.76
0.76
0.767
0.767
0.774
0.774
0.782
0.782
0.789
0.788
0.808
0.807
0.806
0.814
0.822
0.822
0.823
0.831
0.84
0.839
0.849
0.855
0.866
0.865
0.873
0.88
0.892
0.891
0.907
0.908
0.915
0.923
0.94
0.94
0.948
0.957
0.966
0.973
0.99
0.99
1.007
1.014
1.03
1.029
1.054
1.054
1.088
1.099
1.178
1.179
1.175
1.173
1.188
1.197
1.214
1.223
1.239
1.248
1.273
1.274
5.094
5.096
4.847
4.838
4.814
4.815
4.754
4.754
4.708
4.708
4.657
4.658
4.597
4.605
4.554
4.554
4.513
4.511
4.471
4.48
4.436
4.437
4.392
4.393
4.359
4.36
4.325
4.324
4.292
4.29
4.26
4.261
4.235
4.235
4.205
4.203
4.179
4.185
4.161
4.161
4.137
4.147
4.113
4.111
4.095
4.097
4.08
4.088
4.071
4.072
4.04
4.041
4.177
4.183
4.167
4.168
4.152
4.159
4.143
4.143
4.136
4.144
4.129
4.13
4.121
4.121
4.116
4.118
4.116
4.115
4.089
4.098
4.108
4.114
4.119
4.118
4.117
4.125
3.958
3.966
3.993
3.992
3.997
3.996
3.995
4.003
2.5095 8.72292 5.62688
