1 361
1.347
1.356
1.356
1.356
1.365
1.364
1.364
1.364
1.373
1.373
1.372
1.38
1.38
1.38
1.389
1.389
1.398
1.406
1.406
1.406
1.414
1.414
1.423
1.422
1.431
1.431
1.439
1.449
1.456
1.456
1.465
1.465
1.473
1.482
1.49
1.49
1.499
1.508
1.516
1.524
1.532
1.532
1.549
1.549
1.557
1.566
1.582
1.582
1.599
1.599
1.615
1.623
1.631
1.64
1.656
1.656
1.682
1.682
1.699
1.707
1.72
1.742
1.768
1.768
1.794
1.794
1.819
1.827
1.845
1.853
1.869
1.878
1.903
1.91
1.937
1.946
1.979
1.988
2.012
2.022
2.055
2.065
2.091
2.109
2.135
2.144
2.179
2.197
2.231
2.249
2.282
2.299
2.332
2.356
2.389
2.413
2.464
2.479
2.529
2.552
2.602
2.629
2.68
2.706
2.756
2.789
2.857
2.881
2.952
2.978
3.058
3.083
3.169
3.208
3.291
3.332
3.421
3.464
3.566
3.604
3.712
3.764
3.887
3.939
4.071
4.127
4.427
5.7
5.691
5.673
5.664
5.647
5.628
5.619
5.602
5.594
5.585
5.568
5.559
5.542
5.541
5.524
5.524
5.509
5.508
5.491
5.492
5.475
5.417
5.449
5.44
4.446
4.426
4.418
4.418
4.41
4.409
4.409
4.41
4.41
4.409
4.401
4.409
4.4
4.409
4.409
4.417
4.41
4.418
4.409
4.425
4.416
4.425
4.425
4.434
4.434
4.443
4.442
4.449
4.45
4.467
4.46
4.475
4.476
4.493
4.492
4.508
4.509
4.525
4.525
4.543
4.541
4.566
4.568
4.585
4.585
4.609
4.654
5.701
5.701
5.738
5.737
5.764
5.771
5.807
5.807
5.84
5.842
5.884
5.882
5.925
5.933
5.966
5.975
6.015
6.025
6.066
6.074
6.124
6.131
6.175
6.192
6.244
6.252
6.295
6.312
6.363
6.372
6.439
6.447
6.509
6.527
6.589
6.597
6.669
6.685
6.745
6.771
6.838
6.862
6.929
6.961
7.029
7.055
7.133
7.159
7.244
7.27
7.354
7.389
7.473
7.503
7.6
7.633
7.741
7.769
7.878
7.908
8.024
8.059
8.176
8.183
8.16
8.122
8.039
8.005
7.127
7.093
7
6.968
6.931
6.97
7.103
7.148
7.538
7.51
7.43
6.712
6.615
6.606
6.699
6.755
7.001
7.183
6.632
6.509
6.455
6.429
6.389
6.375
6.35
6.346
6.214
5.628
5.562
5.552
5.518
5.501
5.475
5.459
5.434
5.424
5.399
5.389
5.363
5.349
5.333
5.325
5.297
5.29
5.271
5.264
5.247
5.239
5.222
5.214
5.196
5.191
5.184
5.185
5.165
5.158
5.148
5.14
5.134
5.134
5.119
5.119
5.111
5.104
5.104
5.096
5.094
5.089
5.085
5.078
5.075
5.083
5.083
5.075
5.079
5.067
5.075
5.071
5.066
5.075
5.075
5.073
5.066
5.068
6.225
6.224
6.233
6.233
6.243
6.243
6.252
6.251
6.26
6.269
6.286
11.3632 7.83394 4.73603
