1 361
4.712
3.985
3.966
3.854
3.851
3.868
3.877
3.886
3.894
3.911
3.91
3.93
3.938
3.956
3.965
3.982
3.99
4.016
4.015
4.04
4.05
4.067
4.084
4.109
4.117
4.143
4.151
4.175
4.191
2.313
2.3
2.246
2.223
2.18
2.18
2.207
2.207
2.245
2.253
2.268
2.278
2.295
2.304
2.328
2.336
2.353
2.368
2.386
2.395
2.419
2.426
2.452
2.468
2.485
2.501
2.525
2.543
2.567
2.576
2.609
2.616
2.653
2.668
2.695
2.715
2.745
2.762
2.8
2.813
2.775
2.767
2.732
2.724
2.698
2.69
2.664
2.656
2.62
2.613
2.587
2.587
2.555
2.555
2.529
2.524
2.5
2.502
2.532
2.549
2.597
2.636
2.662
2.691
2.762
2.795
2.843
2.883
2.934
2.968
3.018
3.071
3.15
3.195
3.267
3.316
3.4
3.445
3.538
3.58
5.495
5.58
5.557
5.55
5.532
5.693
5.87
5.94
5.914
5.905
5.879
5.871
5.854
5.839
5.82
5.82
5.797
5.945
6.196
6.379
6.701
6.931
7.3
7.613
8.183
8.183
8.183
8.183
8.183
8.183
8.187
8.183
8.187
8.191
8.183
8.183
8.191
8.187
8.187
8.187
5.429
5.42
5.403
5.403
5.395
5.395
5.387
5.378
5.378
5.378
5.371
5.371
5.362
5.362
5.362
5.362
5.353
5.354
5.353
5.354
5.354
5.364
5.354
5.354
5.354
5.363
5.363
5.371
5.371
5.378
5.371
5.386
5.378
5.394
5.394
5.403
5.403
5.419
5.489
5.381
5.217
5.103
4.95
4.851
4.711
4.62
4.494
4.419
4.297
4.224
4.127
4.061
3.968
3.905
3.817
3.763
3.678
3.628
3.558
3.515
3.441
3.399
3.332
3.293
3.232
3.191
3.131
3.098
3.053
3.017
2.965
2.93
2.896
2.86
2.818
2.793
2.755
2.724
2.691
2.664
2.631
2.605
2.562
2.546
2.513
2.489
2.416
2.407
2.379
2.402
2.418
2.442
2.458
2.542
2.547
2.596
4.4
4.376
4.346
4.39
4.423
4.412
4.367
4.359
4.417
4.488
4.53
4.581
4.631
4.692
4.739
4.79
4.844
8.183
8.183
8.183
8.183
8.183
8.183
8.183
8.183
8.183
8.183
8.183
8.183
8.183
8.183
8.183
7.225
7.203
7.172
7.236
7.369
7.498
7.628
7.776
7.928
8.077
8.183
8.183
8.183
8.183
8.183
8.183
8.183
8.183
8.183
8.183
8.183
8.183
8.183
8.183
8.183
8.183
8.183
8.183
8.183
8.183
8.183
8.183
8.183
8.183
8.183
8.183
8.183
6.2
6.183
6.18
6.166
6.159
6.15
6.142
6.134
6.134
6.117
6.119
6.11
6.111
6.103
6.105
6.09
2.629
2.533
1.871
1.785
1.769
1.588
1.563
1.58
1.579
1.577
1.581
1.593
1.597
1.606
1.605
1.605
1.606
1.605
1.612
1.605
1.613
1.613
1.622
1.622
1.63
1.63
1.63
1.63
1.638
1.639
1.647
0.51661 13.3657 2.89616
