1 361
0.791
0.799
0.809
0.808
0.809
0.815
0.816
0.825
0.832
0.833
0.84
0.841
0.848
0.847
0.856
0.864
0.873
0.872
0.872
0.88
0.889
0.887
0.904
0.912
0.921
0.929
0.929
0.941
0.945
0.953
0.96
0.97
0.981
1.053
1.058
1.068
1.078
1.076
1.064
1.075
1.074
1.081
1.089
1.1
1.107
1.116
1.124
1.133
1.141
1.15
1.154
5.491
5.442
5.397
5.323
5.298
5.343
5.396
5.357
5.314
5.265
5.216
5.183
5.132
5.09
5.059
5.018
4.996
4.953
4.918
4.822
4.669
4.662
4.635
4.602
4.569
4.544
4.519
4.493
4.469
4.434
4.416
4.391
4.365
4.341
4.323
4.299
4.275
4.26
4.235
4.218
4.201
4.176
4.16
4.142
4.126
4.109
4.091
4.077
4.058
4.048
4.022
4.014
4.008
3.989
3.972
3.963
3.956
3.946
3.929
3.92
3.902
3.903
3.885
3.878
3.867
3.858
3.848
3.849
3.818
3.809
3.837
3.958
3.951
3.943
3.944
3.926
3.926
3.916
3.91
3.909
3.9
3.899
3.9
3.901
3.892
3.892
3.882
3.882
3.875
3.876
3.88
3.873
3.881
3.874
3.869
3.875
3.864
3.869
3.719
3.718
3.734
3.738
3.747
3.742
3.75
3.753
3.757
3.765
3.765
3.764
3.773
3.78
3.778
3.779
3.788
3.796
3.796
3.805
3.815
3.822
3.825
3.833
3.842
3.851
3.858
3.868
3.876
3.885
3.884
3.907
3.911
3.92
3.937
3.947
3.956
3.974
3.982
3.998
4.006
4.016
4.026
4.051
4.059
4.084
4.092
4.109
4.126
4.153
4.16
4.184
4.201
4.217
4.241
4.259
4.287
4.283
4.309
4.506
4.532
4.544
4.571
4.596
4.631
4.653
4.683
4.706
4.745
4.768
4.797
0.985
0.968
0.961
0.952
0.943
0.935
0.929
0.91
0.902
0.903
0.886
0.883
0.872
0.87
0.881
0.879
0.87
0.869
0.864
0.856
0.869
0.862
0.857
0.858
0.822
0.819
0.783
0.772
0.773
0.772
0.768
0.766
0.774
0.768
0.769
0.77
0.766
0.766
0.774
0.771
0.766
0.773
0.77
0.77
0.762
0.77
0.774
0.767
0.768
0.765
0.765
0.77
0.767
0.772
0.766
0.771
0.769
0.775
0.774
0.774
0.773
0.772
0.771
0.772
0.78
0.781
0.779
0.78
0.78
0.788
0.788
0.788
0.787
0.786
0.796
0.797
0.796
0.795
0.805
0.804
0.804
0.812
0.811
0.812
0.821
0.821
0.821
0.819
0.83
0.829
0.838
0.838
0.845
0.845
0.845
0.855
0.862
0.862
0.861
0.864
0.87
0.872
0.88
0.888
0.889
0.902
2.537
2.529
2.485
2.181
2.172
2.126
2.142
2.126
2.135
2.132
2.181
2.199
2.393
2.837
2.844
2.867
2.888
2.833
2.573
2.563
2.543
2.52
2.495
2.386
2.253
2.161
2.052
1.969
1.884
1.818
1.785
1.794
1.795
1.802
1.804
4.59209 2.52454 0.421026
