1 361
0.793
0.801
0.801
0.8
0.801
0.808
0.808
0.808
0.808
0.817
0.817
0.816
0.816
0.822
0.822
0.832
0.822
0.831
0.831
0.84
0.84
0.848
0.847
0.856
0.846
0.864
0.862
0.863
0.871
0.872
0.871
0.88
0.887
0.889
0.897
0.898
0.908
0.906
0.906
0.914
0.915
0.93
0.93
0.938
0.938
0.946
0.947
0.956
0.965
0.98
0.971
0.98
0.989
0.998
0.998
1.015
1.015
1.031
1.031
1.04
1.048
1.065
1.064
1.083
1.083
1.099
1.108
1.125
1.124
1.142
1.142
1.168
1.168
1.186
1.195
1.212
1.212
1.239
1.248
1.266
1.275
1.292
1.3
1.327
1.336
1.353
1.362
1.389
1.396
1.422
1.439
1.465
1.473
1.506
1.514
1.547
1.556
1.597
1.612
1.653
1.67
1.704
1.72
1.762
1.781
1.821
1.847
1.898
1.924
1.984
2.001
2.07
2.097
2.166
2.183
2.269
2.288
2.378
2.411
2.509
2.544
2.645
2.688
2.807
2.856
2.987
3.05
3.204
3.261
3.435
3.515
3.572
3.572
3.564
3.555
3.546
3.546
3.537
3.528
3.52
3.521
3.511
3.511
3.511
3.512
3.503
3.503
3.494
3.494
3.493
3.494
3.486
3.494
3.487
3.494
3.486
3.494
3.494
3.494
3.494
3.503
3.494
3.494
3.502
3.503
2.739
2.726
2.72
2.717
2.521
2.433
2.024
1.971
1.777
1.731
1.7
1.683
1.245
1.238
1.246
1.247
1.237
1.285
1.315
1.29
1.222
1.205
3.64
3.649
3.658
3.667
3.676
3.693
3.701
3.71
3.726
3.736
3.753
3.761
3.778
3.795
3.813
3.822
3.84
3.849
3.867
3.884
3.902
3.911
3.937
3.945
3.972
3.99
4.006
4.023
4.049
4.068
4.083
4.107
4.132
3.84
3.229
3.274
4.224
4.248
4.188
4.204
4.228
4.253
4.287
4.272
4.331
4.348
4.372
4.396
4.408
4.426
4.488
4.507
4.557
4.584
4.633
4.676
4.754
4.786
4.759
4.733
4.67
4.658
4.597
4.577
4.547
4.948
4.943
4.924
4.975
5.008
5.076
5.146
5.122
5.168
5.245
5.295
5.254
5.228
2.153
2.136
2.154
6.3
6.404
6.473
6.587
4.017
6.772
6.836
4.012
3.941
7.185
7.27
6.88
6.845
6.806
6.773
6.151
7.428
6.46
6.444
5.57
5.553
5.505
5.511
5.667
5.534
5.433
5.415
5.364
5.388
5.453
5.528
5.309
5.365
6.234
6.187
5.685
4.93
4.743
4.736
4.775
4.945
5.445
4.828
4.909
5.039
5.022
5.019
5.012
5.024
5.052
5.197
5.449
4.964
4.881
4.903
4.711
4.709
8.094
8.095
5.072
5.127
5.25
5.939
5.898
8.069
8.061
8.061
7.771
7.37
7.167
7.122
7.112
7.127
7.206
7.357
7.623
7.63
7.369
7.302
7.228
7.22
7.256
7.297
7.742
7.774
7.798
7.721
8.183
8.187
8.187
6.665
6.1
6.186
2.73095 8.87963 2.32588
