1 361
2.442
2.422
2.414
2.388
2.389
2.364
2.346
2.338
2.329
2.304
2.304
2.278
2.278
2.251
2.251
2.234
2.224
2.206
2.206
2.185
2.176
2.166
2.158
2.14
2.14
2.131
2.122
2.113
2.113
2.095
2.086
2.078
2.078
2.069
2.06
2.051
2.051
2.043
2.043
2.025
2.025
2.016
2.016
2.006
2.007
1.999
1.99
1.99
1.981
1.989
1.989
1.982
1.973
1.973
1.966
1.967
1.958
1.961
1.954
1.947
1.948
1.948
1.939
1.944
1.944
1.938
1.938
1.939
1.932
1.944
1.936
1.931
1.93
1.938
1.938
1.937
1.936
1.948
1.942
1.943
1.943
1.942
1.942
1.942
1.95
1.947
1.948
1.948
1.948
1.956
1.955
1.963
1.959
1.964
1.964
1.972
1.963
1.982
1.985
1.986
1.994
2
2.001
2.002
2.011
2.012
2.012
2.029
2.029
2.031
2.03
2.041
2.048
2.045
2.054
2.058
2.066
2.077
2.074
2.089
2.098
2.103
2.104
2.114
2.126
2.13
2.139
2.148
2.156
2.174
2.173
2.314
3.489
3.517
3.525
3.552
3.56
3.586
3.596
3.622
3.638
3.664
3.672
3.706
3.715
3.749
3.765
3.799
3.817
3.843
3.87
3.896
3.912
3.947
3.965
4.009
4.027
4.067
4.087
4.126
4.145
4.194
4.21
4.268
4.285
4.333
4.357
4.409
4.436
4.488
4.514
4.573
4.598
4.657
4.684
4.753
4.78
4.851
4.875
4.953
4.987
5.07
5.095
5.101
5.09
5.041
5.023
4.975
4.968
4.916
4.908
4.867
4.858
4.817
4.807
4.764
4.757
4.722
4.71
4.678
4.671
4.634
4.624
4.595
4.585
4.55
4.541
4.519
4.518
4.475
4.478
4.449
4.454
4.425
4.417
4.393
4.394
4.397
4.396
4.37
4.371
4.347
4.346
4.32
4.319
4.296
4.305
4.28
4.279
4.255
4.263
4.238
4.239
4.221
4.222
2.366
2.291
2.274
2.283
2.274
2.274
2.266
2.275
2.258
2.267
2.261
2.263
2.267
2.269
2.255
2.265
2.26
2.269
2.262
2.26
2.259
2.266
2.262
2.267
2.264
2.261
2.258
2.266
2.266
2.274
2.265
2.274
2.273
2.282
2.281
2.29
2.29
2.298
2.298
2.306
2.306
2.306
2.314
2.314
2.323
2.332
2.332
2.34
2.34
2.348
2.356
2.365
2.365
2.373
2.382
2.39
2.399
2.407
2.415
2.415
2.424
2.431
2.441
2.449
2.457
2.473
2.481
2.49
2.497
2.514
2.522
2.538
2.547
2.564
2.572
2.579
2.588
2.605
2.62
2.629
2.645
2.664
2.672
2.688
4.06
4.028
4.03
4.109
4.093
4.065
4.066
4.082
4.122
4.144
4.369
4.345
4.27
4.246
4.179
4.16
4.188
4.205
4.246
4.271
4.31
4.344
4.61
4.596
4.563
4.535
4.505
4.489
8.183
6.188
6.131
6.112
6.051
6.01
5.984
5.985
5.97
5.972
5.954
5.956
5.941
5.94
1.24725 -1.46567 -0.613736
