1 361
6.095
6.155
6.189
6.251
6.285
6.352
6.386
6.454
6.488
6.561
6.596
6.668
6.701
6.777
6.737
6.674
6.641
5.55
5.498
5.447
5.422
5.304
5.293
5.248
5.239
5.054
5.031
4.944
4.964
4.964
4.949
4.899
4.893
5.156
5.147
5.125
5.155
5.211
5.041
5
4.993
4.945
4.938
4.909
4.888
4.845
4.847
4.834
4.932
4.996
5.08
4.821
4.762
4.177
4.118
4.095
4.084
4.069
4.06
4.041
4.033
4.017
4.007
3.983
3.983
3.965
3.956
3.948
3.938
3.926
3.923
3.908
3.897
3.889
3.889
3.88
3.872
3.864
3.855
3.847
3.846
3.838
3.838
3.829
3.829
3.822
3.822
3.819
3.82
3.814
3.804
3.805
3.805
3.796
3.797
3.797
3.798
3.797
3.796
3.796
3.805
3.805
3.804
3.799
3.804
3.811
3.801
3.809
3.808
3.818
3.815
3.824
3.82
3.821
3.828
3.834
3.841
3.843
3.842
3.85
3.859
3.859
3.868
3.876
3.874
3.883
3.892
3.9
3.905
3.907
3.928
5.119
5.135
5.15
5.16
5.176
5.192
5.207
5.226
5.241
5.25
5.276
5.284
5.302
5.328
5.344
5.363
5.389
5.406
5.429
5.447
5.474
5.49
5.514
5.539
5.566
5.592
5.619
5.646
5.672
5.698
5.724
5.751
5.796
5.813
5.847
5.881
5.914
5.948
5.982
6.014
6.056
6.09
6.131
6.164
6.217
6.244
6.303
6.328
6.387
6.422
6.378
6.329
6.238
6.206
6.115
6.08
6.012
5.968
5.905
5.868
3.193
3.175
3.142
3.134
3.099
3.084
3.049
3.039
3.002
2.996
2.969
2.952
2.925
2.916
2.891
2.882
2.856
2.85
2.815
2.815
2.79
2.782
2.756
2.746
2.73
2.722
2.704
2.696
2.678
2.669
2.652
2.643
2.626
2.617
2.6
2.6
2.583
2.583
2.567
2.559
2.542
2.542
2.526
2.517
2.509
2.5
2.492
2.492
2.475
2.475
2.459
2.459
2.45
2.442
2.434
2.434
2.425
2.425
2.417
2.417
2.408
2.409
2.4
2.4
2.392
2.393
2.384
2.432
3.167
3.158
3.19
3.458
3.606
3.616
3.613
3.617
3.619
3.618
3.787
4.084
4.181
4.19
4.181
4.009
4.173
4.173
4.165
3.443
3.407
3.419
3.4
3.407
3.346
3.4
4.027
4.164
4.165
4.157
3.813
3.538
3.895
3.869
3.644
3.497
3.407
3.407
3.41
3.418
3.422
3.436
3.919
3.996
3.811
3.697
3.528
3.425
3.343
3.35
3.35
3.36
3.368
3.384
3.384
3.392
3.409
3.417
3.426
3.514
3.756
3.713
3.647
3.606
3.549
3.513
3.456
3.491
7.948
7.983
8.018
8.037
8.074
8.102
8.142
8.183
8.183
8.183
8.183
8.183
8.183
8.183
8.183
5.06
4.989
4.948
4.915
4.817
4.79
4.78
4.746
4.739
4.723
4.705
4.689
4.673
4.654
4.65
4.632
4.625
5.378
5.411
12.189 5.94531 0.862393
