1 361
3.343
3.263
3.254
3.177
3.159
3.094
3.076
3.012
3.002
2.941
2.933
2.872
2.871
2.814
2.803
2.756
2.737
2.693
2.685
2.642
2.634
2.591
2.581
2.54
2.533
2.49
2.492
2.45
2.442
2.409
2.401
2.368
2.368
2.326
2.327
2.293
2.294
2.268
2.259
2.233
2.233
2.202
2.202
2.172
2.174
2.146
2.147
2.109
2.097
2.079
2.07
2.08
2.082
2.134
2.135
2.184
2.184
2.164
2.164
2.137
2.137
2.121
2.121
2.103
2.103
2.084
2.086
2.068
2.067
2.05
2.052
2.041
2.041
2.023
2.024
2.016
2.014
1.998
1.997
1.989
1.989
1.973
1.972
1.963
1.965
1.955
1.955
1.948
1.949
1.929
1.938
1.921
1.93
1.922
1.922
1.913
1.912
1.905
1.905
1.906
1.906
1.898
1.898
1.736
1.737
1.734
1.735
1.74
1.734
1.751
1.746
1.745
1.748
1.748
1.751
1.743
1.743
1.743
1.751
1.744
1.744
1.748
1.754
1.747
1.746
1.752
1.75
1.748
1.756
1.756
1.756
1.765
1.764
1.764
1.764
1.772
1.772
1.772
1.781
1.781
1.781
1.781
1.79
1.79
1.79
1.799
1.802
1.807
1.807
1.816
1.816
1.824
1.832
1.833
1.841
1.842
1.85
1.851
1.859
1.866
1.866
1.875
1.884
1.892
1.892
1.909
1.909
1.918
1.927
1.936
1.945
1.951
1.961
1.97
1.977
1.995
2.003
2.012
2.012
2.033
2.032
2.055
2.055
2.074
2.082
2.102
2.109
2.118
2.127
2.146
2.152
2.17
2.189
2.206
2.215
2.233
2.249
2.269
2.277
2.302
2.309
2.334
2.343
2.367
2.384
2.399
2.425
2.448
2.456
2.488
2.502
2.507
2.523
2.763
2.797
2.846
2.854
2.898
2.925
2.958
2.977
3.028
3.047
3.098
3.116
3.167
3.19
3.245
3.271
3.33
3.359
3.327
3.327
3.286
3.295
3.31
3.344
3.445
3.48
3.556
3.582
3.66
3.693
3.794
3.82
3.92
3.955
4.056
4.105
4.215
4.251
4.389
4.427
4.571
4.631
4.79
4.839
5.011
5.086
5.665
5.761
6.024
6.089
6.058
6.058
6.228
6.317
6.511
6.499
6.427
6.427
6.352
6.351
6.283
6.274
6.223
6.205
6.229
6.255
6.323
6.349
6.425
6.452
6.52
6.545
8.183
8.183
8.183
8.183
8.183
8.187
8.187
8.191
8.191
8.183
8.183
8.183
8.183
8.183
8.183
8.183
8.183
8.183
8.183
8.183
8.183
8.183
8.183
8.183
8.183
8.183
8.183
8.187
8.183
8.183
8.033
7.853
7.234
7.068
6.447
6.413
6.427
6.447
4.392
4.365
4.318
4.292
4.267
4.281
4.264
4.271
4.265
4.208
4.036
3.977
3.837
3.775
3.646
3.6
3.479
3.428
3.324
3.288
3.193
3.158
3.065
3.033
2.943
2.917
2.841
2.807
2.738
2.705
2.626
2.591
2.515
2.482
2.398
2.364
2.295
2.267
6.89451 3.0816 0.8287
