1 361
0.59
0.58
0.581
0.583
0.583
0.593
0.592
0.601
0.601
0.609
0.607
0.616
0.616
0.624
0.622
0.632
0.631
0.64
0.641
0.655
0.654
0.665
0.665
0.67
0.67
0.687
0.686
0.703
0.702
0.72
0.72
0.728
0.727
0.752
0.744
0.769
0.768
0.776
0.783
0.794
0.801
0.819
0.817
0.833
0.841
0.86
0.858
0.876
0.884
0.901
0.909
0.925
0.93
0.956
0.962
0.979
0.991
1.02
1.026
1.05
1.065
1.089
1.104
1.12
1.143
1.17
1.194
1.221
1.234
1.27
1.35
1.387
1.411
1.427
1.447
1.473
1.485
1.515
4.878
4.855
4.837
4.801
4.794
4.767
4.749
4.722
4.713
4.688
4.669
4.653
4.644
4.62
4.611
4.593
4.576
4.558
4.552
4.526
4.515
4.499
4.491
4.483
4.474
4.456
4.447
4.441
4.432
4.413
4.413
4.396
4.388
4.379
4.379
4.369
4.362
4.34
4.333
4.467
4.477
4.47
4.471
4.452
4.454
4.448
4.447
4.448
4.444
4.437
4.437
4.431
4.441
4.426
4.435
4.422
4.422
4.424
4.435
4.43
4.428
4.434
4.436
4.27
4.285
4.294
4.298
4.306
4.305
4.313
4.313
4.32
4.33
4.329
4.337
4.341
4.345
4.345
4.362
4.362
4.382
4.379
4.396
4.396
4.413
4.415
4.43
4.432
4.449
4.449
4.468
4.474
4.492
4.501
4.516
4.518
4.543
4.551
4.568
4.577
4.593
4.611
4.637
4.644
4.671
4.68
4.705
4.713
4.74
4.75
4.784
4.794
4.82
1.467
1.503
1.48
1.455
1.431
1.412
1.384
1.389
1.384
1.374
1.362
1.375
1.317
1.264
1.254
1.254
1.245
1.245
1.245
1.236
1.228
1.235
1.218
1.218
1.218
1.209
1.21
1.209
1.2
1.2
1.191
1.201
1.191
1.192
1.183
1.182
1.182
1.183
1.175
1.184
1.175
1.174
1.166
1.166
1.165
1.166
1.158
1.167
1.157
1.16
1.162
1.159
1.162
1.165
1.158
1.156
1.156
1.164
1.161
1.162
1.154
1.159
1.152
1.154
1.151
1.156
1.157
1.141
2.379
2.437
2.461
2.519
2.552
2.61
2.644
2.703
2.739
2.815
2.848
2.924
2.969
3.048
3.1
3.187
3.253
3.344
3.402
3.521
3.581
3.707
3.785
3.912
2.225
4.156
2.249
4.438
4.545
4.741
4.872
4.994
2.381
2.302
2.29
2.276
2.273
2.268
2.31
2.305
2.328
2.681
2.693
2.716
2.743
2.956
2.947
2.948
2.948
2.956
2.682
2.637
2.592
2.591
2.577
2.591
2.319
2.338
2.189
2.17
2.117
2.087
2.027
1.997
1.95
1.912
1.896
1.874
1.871
1.671
1.552
1.525
1.521
1.521
1.519
1.508
1.512
1.502
1.5
1.506
1.508
1.515
1.512
1.527
1.521
1.524
1.522
1.539
1.542
1.549
1.559
1.558
1.556
1.577
1.575
1.599
1.61
1.628
1.63
1.886
1.889
1.996
4.0994 2.30387 0.487785
