1 361
1.347
1.354
1.346
1.336
1.327
1.327
1.336
1.336
1.354
1.349
1.351
1.348
1.352
1.358
1.355
1.354
1.353
1.353
1.361
1.361
1.361
1.36
1.368
1.368
1.368
1.37
1.366
1.377
1.377
1.377
1.385
1.386
1.395
1.395
1.394
1.402
1.402
1.403
1.412
1.411
1.421
1.422
1.423
1.428
1.437
1.437
1.446
1.454
1.454
1.463
1.461
1.471
1.478
1.479
1.487
1.496
1.507
1.513
1.513
1.522
1.523
1.539
1.547
1.555
1.555
1.562
1.571
1.579
1.587
1.596
1.603
1.612
1.629
1.636
1.645
1.653
1.661
1.677
1.686
1.702
1.711
1.71
1.736
1.737
1.751
1.77
1.788
1.796
1.813
1.82
1.838
1.854
1.871
1.888
1.897
1.915
1.931
1.955
1.971
1.992
2.006
2.023
2.048
2.067
2.093
2.111
2.129
2.156
2.18
2.199
2.223
2.25
2.274
2.301
2.334
2.358
2.391
2.416
2.451
2.489
2.523
2.554
2.596
2.631
2.665
2.708
2.749
2.792
2.842
2.884
2.936
2.984
3.043
3.078
3.099
3.446
3.595
3.669
4.6
4.582
4.586
4.568
4.56
4.543
4.541
4.608
4.563
4.522
4.515
4.5
4.495
4.63
4.777
4.875
4.845
5.153
5.434
5.624
5.856
6.063
6.321
6.558
6.885
7.179
7.514
7.877
8.183
8.183
8.183
8.183
8.183
8.183
8.183
8.183
8.183
8.183
8.183
8.183
8.183
8.183
8.183
8.183
8.183
8.183
8.183
8.183
8.183
8.183
8.183
8.183
8.183
8.183
8.183
8.183
8.183
8.183
8.183
8.183
8.183
8.183
8.183
8.183
8.183
8.183
8.183
8.183
8.183
8.183
8.06
7.74
7.452
7.459
7.477
2.686
2.726
2.771
2.836
2.87
2.946
2.991
3.053
3.069
3.095
3.12
3.131
3.137
3.163
3.179
3.195
3.206
3.231
3.243
3.253
3.251
3.258
3.258
3.267
3.258
3.267
3.267
3.284
3.275
3.294
3.286
3.298
3.262
3.211
3.161
3.118
3.075
3.031
2.996
2.951
2.917
2.874
2.841
2.805
2.772
2.738
2.713
2.681
2.653
2.617
2.59
2.566
2.535
2.512
2.484
2.462
2.437
2.411
2.395
2.372
2.347
2.328
2.305
2.289
2.27
2.255
2.24
2.221
2.203
2.187
2.168
2.149
2.121
2.102
2.084
2.08
2.092
2.136
2.143
2.183
2.19
2.184
2.175
2.158
2.148
2.131
2.123
2.104
2.105
2.088
2.078
2.07
2.053
2.043
2.035
2.026
2.018
2.009
2.001
1.992
1.983
1.974
1.965
1.949
1.949
1.941
1.931
1.924
1.916
1.916
1.899
1.9
1.89
1.891
1.883
1.874
1.873
1.865
1.856
1.857
1.848
1.849
1.84
1.842
1.832
1.676
1.668
1.668
1.659
1.66
1.665
1.675
1.675
1.666
1.666
1.658
1.666
1.659
1.659
1.659
1.651
1.653
1.656
1.65
1.645
1.649
1.648
1.645
0.097938 13.9293 6.0632
