1 361
2.644
2.671
2.661
2.687
2.686
2.674
2.675
2.585
2.586
2.512
2.504
2.43
2.429
2.362
2.362
2.296
2.286
2.235
2.234
2.175
2.175
2.122
2.111
2.067
2.068
2.024
2.015
1.972
1.982
1.93
1.93
1.889
1.891
1.855
1.856
1.823
1.823
1.78
1.788
1.758
1.753
1.72
1.718
1.684
1.685
1.661
1.66
1.637
1.637
1.611
1.614
1.59
1.588
1.565
1.565
1.549
1.541
1.525
1.517
1.509
1.51
1.492
1.486
1.468
1.467
1.452
1.451
1.435
1.435
1.419
1.418
1.41
1.401
1.392
1.393
1.376
1.376
1.366
1.366
1.349
1.358
1.34
1.34
1.332
1.331
1.323
1.323
1.314
1.313
1.305
1.306
1.296
1.289
1.287
1.287
1.279
1.287
1.27
1.27
1.271
1.271
1.263
1.263
1.253
1.253
1.253
1.253
1.244
1.244
1.244
1.237
1.236
1.236
1.227
1.236
1.227
1.227
1.227
1.227
1.219
1.219
1.22
1.22
1.221
1.221
1.214
1.215
1.213
1.212
1.211
1.211
1.21
1.209
1.209
1.209
1.213
1.213
1.213
1.212
1.216
1.214
1.212
1.212
1.221
1.221
1.221
1.22
1.221
1.216
1.228
1.228
1.228
1.228
1.228
1.228
1.238
1.238
1.238
1.246
1.246
1.246
1.246
1.246
1.255
1.255
1.258
1.26
1.273
1.273
1.273
1.273
1.282
1.282
1.29
1.29
1.299
1.299
1.309
1.309
1.317
1.317
1.325
1.326
1.343
1.343
1.352
1.352
1.361
1.361
1.369
1.378
1.387
1.387
1.396
1.403
1.413
1.413
1.43
1.423
1.438
1.447
1.464
1.464
1.481
1.481
1.497
1.506
1.523
1.523
1.539
1.539
1.555
1.563
1.58
1.579
1.604
1.604
1.422
1.426
1.435
1.434
1.46
1.46
1.488
1.476
1.51
1.514
1.767
1.765
1.804
1.804
1.839
1.832
1.871
1.871
1.916
1.914
1.965
1.966
2.006
2.014
2.055
2.059
2.104
2.104
2.161
2.158
2.117
2.124
2.065
2.076
2.12
2.126
2.276
2.284
2.334
2.344
5.68
5.688
5.635
5.635
5.582
5.59
5.537
5.548
5.495
5.505
5.454
5.453
5.418
5.42
5.386
5.387
5.352
5.351
5.318
5.326
5.292
5.301
5.265
5.266
5.232
5.24
5.397
5.407
5.728
5.725
5.701
5.71
5.683
5.683
5.656
5.666
5.619
5.626
7.395
7.406
7.379
7.385
8.183
8.183
8.183
8.183
8.183
8.183
8.183
8.183
8.183
8.183
8.183
8.183
7.384
7.385
5.555
5.572
5.578
5.578
5.581
5.588
5.583
5.593
5.59
5.599
5.598
5.607
5.615
5.614
5.633
5.631
5.641
5.639
5.659
5.664
5.337
5.312
5.153
5.16
5.167
5.174
5.19
5.199
5.213
5.225
5.243
5.247
5.265
5.274
5.3
5.302
2.137
2.131
2.092
2.093
2.058
2.059
2.01
1.996
1.967
1.975
1.966
1.973
-3.59319 10.3334 0.351466
