1 361
1.641
1.637
1.64
1.646
1.631
1.623
1.615
1.615
1.623
1.623
1.64
1.638
1.64
1.643
1.64
1.642
1.644
1.643
1.65
1.649
1.655
1.657
1.655
1.655
1.654
1.655
1.662
1.662
1.67
1.671
1.679
1.678
1.688
1.688
1.688
1.692
1.673
1.671
1.679
1.679
1.688
1.845
1.862
1.851
1.861
1.861
1.877
1.878
1.895
1.896
1.903
1.904
1.912
1.92
1.928
1.929
1.946
1.945
1.963
1.971
1.981
1.99
1.999
2.007
2.024
2.024
2.043
2.042
2.151
3.8
3.763
3.754
3.875
3.85
3.277
3.246
3.206
3.173
3.14
3.106
3.081
3.054
3.02
2.994
2.966
2.94
2.914
2.888
2.871
2.836
2.812
2.796
2.779
2.744
2.728
2.711
2.684
2.668
2.664
2.68
2.714
2.735
2.613
2.586
2.571
2.556
2.529
2.509
2.552
2.559
2.632
2.641
2.685
2.702
2.748
2.744
2.715
2.697
2.696
2.683
2.695
2.685
2.683
2.681
2.71
2.697
2.729
2.747
2.8
2.806
3.412
3.466
3.553
3.588
3.68
3.714
3.814
3.849
3.955
4.002
4.112
4.146
4.291
4.334
4.475
4.521
4.683
4.737
4.901
4.978
5.158
5.239
5.445
5.52
5.752
5.853
6.119
6.216
6.531
6.62
8.121
8.129
8.143
8.118
8.115
8.183
8.183
8.183
8.183
8.183
8.183
8.183
8.183
8.183
8.183
8.183
8.183
8.183
8.183
8.183
8.183
8.183
8.183
8.183
8.183
8.183
8.183
8.183
8.183
8.183
8.183
8.183
8.183
8.183
8.183
8.183
8.183
8.183
8.183
8.183
8.183
8.183
8.183
8.183
8.183
8.183
8.051
8.025
8.042
7.328
6.767
6.624
6.234
6.094
5.769
5.654
5.369
5.284
5.086
5.088
5.113
5.11
4.936
4.873
4.195
4.144
4.031
3.975
3.829
3.794
3.66
3.631
3.508
3.473
3.372
3.334
3.239
3.221
3.117
3.093
3.013
2.987
2.906
2.891
2.814
2.797
2.729
2.705
2.643
2.635
2.565
2.558
2.502
2.485
2.429
2.42
2.345
2.337
2.33
2.331
2.355
2.364
2.388
2.382
2.386
2.374
2.332
2.314
2.28
2.273
2.231
2.23
2.187
2.186
2.143
2.143
2.107
2.107
2.072
2.072
1.172
1.393
0.939
0.959
0.835
0.853
0.743
0.761
0.677
0.694
0.618
0.628
0.567
0.584
0.532
0.542
0.488
0.507
0.463
0.48
0.455
0.455
0.586
0.47
1.177
1.157
1.203
1.195
1.222
1.22
1.239
1.239
1.256
1.255
1.281
1.281
1.298
1.307
1.324
1.325
1.351
1.351
1.377
1.377
1.403
1.395
1.429
1.429
1.425
1.425
1.418
1.418
1.409
1.409
1.4
1.409
1.393
1.401
1.384
1.384
1.384
1.386
1.376
1.376
1.367
1.377
1.368
1.368
1.36
1.369
1.36
1.361
1.362
1.362
1.354
1.354
1.348
1.358
1.353
1.346
1.35
2.76091 13.8711 6.01914
