1 361
1.474
1.464
1.466
1.383
1.326
1.318
1.318
1.31
1.3
1.159
1.146
1.147
1.146
1.138
1.129
1.129
1.136
1.148
1.146
1.136
1.136
1.127
1.136
1.127
1.127
1.127
1.119
1.119
1.119
1.119
1.12
1.111
1.11
1.102
1.1
1.102
1.102
1.093
1.102
1.093
1.093
1.085
1.093
1.086
1.086
1.077
1.087
1.078
1.079
1.079
1.076
1.071
1.076
1.07
1.075
1.069
1.075
1.075
1.071
1.073
1.073
1.064
1.073
1.064
1.077
1.075
1.077
1.075
1.085
1.072
1.077
1.075
1.081
1.079
1.087
1.078
1.142
3.838
3.851
3.852
3.862
3.861
3.879
3.879
3.895
3.896
3.915
3.914
3.923
3.931
3.95
3.95
3.967
3.967
3.985
3.993
4.01
4.01
4.035
4.044
4.061
4.07
4.093
4.095
4.12
4.128
4.153
4.153
4.186
4.195
4.218
4.228
4.259
4.266
4.3
4.308
4.342
4.358
4.393
4.402
4.436
4.445
4.481
4.495
4.53
4.547
4.589
4.596
4.64
4.649
4.693
4.709
4.754
4.772
4.823
4.835
4.879
4.872
4.95
4.95
4.931
5.043
5.106
5.121
5.186
5.202
5.269
5.296
5.359
5.382
5.455
5.481
5.55
5.576
5.657
5.683
5.772
5.803
5.889
5.929
6.021
6.056
6.15
6.184
6.288
6.331
6.438
6.48
6.596
6.639
6.76
6.806
6.939
6.995
7.126
7.185
3.07
3.052
3.035
3.027
3.008
3.021
3.1
3.116
3.194
3.226
3.317
3.342
3.43
3.465
3.561
3.6
3.701
3.747
3.858
3.905
4.023
4.077
4.212
4.269
4.424
4.478
4.655
4.724
4.916
4.993
5.206
5.204
5.188
5.173
5.163
5.157
5.142
5.134
5.121
5.108
5.1
5.093
5.087
5.086
5.075
5.06
5.058
5.05
5.043
5.044
5.035
5.029
5.037
5.029
5.02
5.018
5.019
5.014
5.01
5.012
5.013
5.002
5.011
5.001
5.011
5.011
5.02
5.01
5.019
5.009
5.019
5.018
5.028
5.031
5.034
5.032
5.042
5.048
5.054
5.053
4.766
4.635
4.285
4.164
3.911
3.811
3.575
3.497
3.315
3.249
3.077
3.029
2.874
2.833
2.687
2.655
2.545
2.511
2.463
2.461
2.478
2.479
2.487
2.494
2.503
2.504
2.517
2.522
2.54
2.542
2.557
2.565
2.574
2.581
2.599
2.598
2.616
2.625
2.643
2.651
2.668
2.667
2.694
2.694
2.718
2.727
2.744
2.752
2.778
2.777
2.804
2.803
2.837
2.837
2.872
2.871
2.906
2.915
2.941
2.951
2.985
2.991
3.019
2.999
2.956
2.939
2.898
2.889
2.844
2.828
2.795
2.779
2.736
2.728
2.693
2.676
2.651
2.642
2.602
2.592
2.565
2.559
2.526
2.526
2.487
2.486
2.456
2.448
2.422
2.423
2.399
2.39
2.367
2.36
2.334
2.334
2.309
2.309
2.284
2.285
2.259
2.26
2.242
2.233
2.216
-3.079 10.9572 3.76002
