1 361
0.438
0.437
0.437
0.438
0.437
0.437
0.437
0.428
0.437
0.43
0.422
0.436
0.431
0.447
0.447
0.478
0.47
0.505
0.49
0.511
0.509
0.516
0.503
0.702
0.677
1.031
1.018
1.135
1.129
1.12
1.125
1.165
1.173
1.242
1.205
1.198
1.175
1.179
1.178
1.169
1.177
1.432
1.462
1.47
1.47
1.479
1.481
1.459
1.459
1.458
1.46
1.467
1.467
1.6
1.601
1.608
1.616
1.616
1.617
1.659
1.691
1.702
1.711
1.71
1.71
1.728
1.719
1.737
1.737
1.747
1.754
1.754
1.762
1.763
1.772
1.78
1.781
1.798
1.797
1.806
1.813
1.822
1.822
1.89
1.892
1.908
1.916
1.925
1.933
1.951
1.959
1.976
1.977
1.992
1.992
2.011
2.019
2.039
2.038
2.064
2.073
2.087
2.087
2.038
2.029
2.003
2.01
2.036
2.038
2.064
2.077
2.067
2.061
2.023
2.024
1.987
1.989
2.018
2.025
2.081
2.09
2.114
2.123
2.159
2.178
2.204
2.212
2.247
2.256
2.289
2.307
2.342
2.357
2.391
2.406
2.448
2.457
7.198
7.252
7.378
7.438
7.565
7.639
7.784
7.849
7.995
8.079
8.183
8.183
8.183
8.183
8.183
8.183
8.183
8.183
8.183
8.183
8.183
8.183
8.183
4.886
4.864
4.864
4.833
4.886
5.023
5.1
5.257
5.333
5.505
5.609
5.791
5.885
6.101
6.216
6.456
6.587
6.851
7.007
7.302
7.381
7.353
7.347
7.321
7.329
7.294
7.3
7.276
7.265
7.252
7.247
7.233
7.232
7.216
7.21
7.191
7.2
7.192
7.184
7.174
7.173
7.165
7.165
7.158
7.158
7.149
7.151
7.151
7.152
7.151
7.16
7.149
7.149
7.151
7.034
5.668
5.215
4.469
4.21
4.202
4.209
4.21
4.218
4.218
4.221
4.233
4.241
4.242
4.249
4.259
4.266
4.274
4.275
4.284
4.296
4.298
4.306
4.313
4.33
4.341
4.347
4.355
4.363
4.371
4.389
4.399
4.405
4.423
4.433
4.43
4.361
4.225
4.167
4.045
3.984
3.884
3.829
3.735
3.687
3.587
3.547
3.468
3.433
3.341
3.302
3.235
3.198
3.126
3.101
3.031
3.004
2.943
2.916
2.865
2.83
2.78
2.754
2.711
2.689
2.643
2.626
2.583
2.557
2.519
2.501
2.459
2.442
2.401
2.387
2.353
2.335
2.304
2.295
2.261
2.252
2.218
2.21
2.184
2.165
2.139
2.13
2.104
2.094
2.069
2.061
2.034
2.025
2.009
1.999
1.974
1.965
1.949
1.934
1.916
1.917
1.891
1.891
1.866
1.864
1.842
1.842
1.823
1.821
1.811
1.802
1.784
1.777
1.77
1.586
1.557
1.556
1.541
1.526
1.529
1.533
1.516
1.515
1.5
1.499
1.521
1.548
1.666
1.658
1.644
1.64
1.642
1.642
1.626
1.619
1.612
1.611
1.604
1.605
1.597
1.595
1.588
1.59
1.572
1.576
1.57
1.576
-2.012 12.8275 4.1214
