1 361
1.074
1.083
1.082
1.082
1.091
1.09
1.091
1.098
1.098
1.099
1.098
1.106
1.106
1.115
1.115
1.123
1.122
1.131
1.13
1.13
1.129
1.139
1.147
1.147
1.156
1.156
1.164
1.172
1.171
1.181
1.182
1.191
1.19
1.198
1.208
1.215
1.213
1.224
1.234
1.241
1.242
1.251
1.251
1.268
1.268
1.277
1.284
1.302
1.301
1.309
1.318
1.327
1.336
1.354
1.355
1.37
1.368
1.387
1.396
1.413
1.411
1.427
1.436
1.455
1.461
1.476
1.484
1.504
1.511
1.535
1.543
1.56
1.567
1.593
1.602
1.626
1.632
1.657
1.675
1.692
1.707
1.734
1.751
1.777
1.786
1.819
1.835
1.861
1.879
1.904
1.929
1.962
1.988
2.015
2.04
2.075
2.102
2.145
2.173
2.218
2.241
2.288
2.318
2.372
2.4
2.454
2.503
2.552
2.594
2.681
2.731
2.79
2.848
2.908
2.969
3.05
3.11
3.201
3.264
3.361
3.438
3.539
3.628
3.749
3.85
3.983
4.11
4.267
4.399
4.562
4.707
4.898
5.08
5.309
5.69
6.879
6.87
6.854
6.854
6.837
6.837
6.82
6.821
6.805
6.804
6.795
6.796
6.778
6.787
6.415
6.767
6.762
6.745
5.743
5.753
5.745
5.745
5.746
5.754
5.745
5.752
5.753
5.752
5.753
5.76
5.761
5.769
5.769
5.786
5.778
5.796
5.787
5.804
5.804
5.821
5.821
5.84
5.847
5.854
5.863
5.88
5.887
5.905
5.912
5.928
5.936
5.952
5.961
6.119
7.044
7.071
7.081
7.106
7.115
7.15
7.16
7.184
7.202
7.227
7.244
7.286
7.305
7.338
7.356
7.392
7.408
7.443
7.478
7.505
7.532
7.566
7.6
7.635
7.668
7.71
7.741
7.785
7.818
7.868
7.901
7.944
7.986
8.029
8.071
8.122
8.165
8.183
8.183
8.183
8.183
8.183
8.183
8.183
8.183
8.183
8.183
8.183
8.183
8.183
8.183
8.183
8.183
8.183
8.183
8.183
8.183
8.183
8.183
8.164
8.064
7.986
8.013
8.11
8.177
8.183
8.183
7.699
7.632
7.626
7.713
7.778
7.965
7.613
7.463
7.418
7.361
7.323
6.53
6.46
6.414
6.384
6.343
6.309
6.275
6.24
6.208
6.183
6.15
6.117
6.083
6.059
6.026
6.002
5.969
5.952
5.928
5.909
5.88
5.862
5.837
5.81
5.788
5.776
5.756
5.738
5.725
5.707
5.684
5.663
5.65
5.635
5.613
5.601
5.588
5.58
5.558
5.55
5.534
5.517
5.499
5.492
5.476
5.466
5.456
5.452
5.564
5.902
6.557
6.566
6.56
6.556
6.542
6.539
6.535
6.522
6.526
6.512
6.508
6.505
6.499
6.494
6.498
6.495
6.49
6.486
6.489
6.486
6.489
6.486
6.49
6.486
6.499
3.813
3.498
3.152
2.942
2.682
2.544
2.335
2.243
2.077
2.042
6.54
6.553
6.558
6.571
6.576
6.588
6.603
6.616
6.621
11.1509 9.3461 4.82371
