1 361
2.16
2.152
2.143
2.143
2.124
2.116
2.116
2.106
2.106
2.088
2.087
2.079
2.069
2.078
2.075
2.068
2.057
2.05
2.039
2.041
2.04
2.032
2.023
2.022
2.014
2.018
2.013
2.006
2.005
2.003
2.003
1.997
1.994
1.995
1.987
1.986
1.986
1.987
1.987
1.983
1.982
1.98
1.972
1.983
1.972
1.982
1.975
1.971
1.971
1.964
1.964
1.973
1.964
1.969
1.968
1.963
1.964
1.973
1.964
1.977
1.969
1.978
1.978
1.986
1.986
1.993
1.994
1.995
1.995
2.003
1.996
2.004
2.003
2.01
2.005
2.017
2.016
2.025
2.015
2.029
2.03
2.045
2.038
2.058
2.055
2.063
2.063
2.07
2.071
2.081
2.08
2.098
2.098
2.106
2.106
3.357
3.358
3.382
3.382
3.406
3.406
3.439
3.439
3.465
3.466
3.499
3.499
3.525
3.525
3.561
3.569
3.595
3.604
3.63
3.638
3.672
3.68
3.714
3.722
3.764
3.765
3.799
3.808
3.849
3.858
3.903
3.914
3.957
3.964
4.006
4.015
4.067
4.077
4.127
4.136
4.185
4.191
4.25
4.257
4.333
4.333
4.401
4.407
4.477
4.487
4.562
4.57
4.645
4.665
4.734
4.751
4.831
4.849
4.935
4.952
4.926
4.919
4.853
4.854
4.794
4.792
4.74
4.73
4.679
4.671
4.63
4.628
4.58
4.57
4.529
4.531
4.486
4.488
4.445
4.447
4.407
4.396
4.365
4.362
4.32
4.321
4.288
4.279
4.255
4.254
4.223
4.224
4.193
4.193
4.188
4.189
4.172
4.172
4.137
4.146
4.121
4.121
4.095
4.096
4.078
4.078
4.052
4.061
4.035
4.035
4.017
4.017
2.06
2.068
2.06
2.069
2.051
2.06
2.051
2.051
2.044
2.051
2.044
2.045
2.038
2.038
2.034
2.043
2.03
2.04
2.036
2.036
2.039
2.039
2.039
2.038
2.035
2.042
2.036
2.035
2.04
2.039
2.035
2.044
2.043
2.043
2.042
2.05
2.05
2.05
2.058
2.058
2.058
2.067
2.067
2.067
2.067
2.077
2.077
2.085
2.094
2.094
2.103
2.111
2.112
2.12
2.12
2.129
2.129
2.138
2.148
2.156
2.155
2.164
2.173
2.182
2.192
2.2
2.209
2.209
2.218
2.226
2.235
2.244
2.252
2.261
2.27
2.286
2.295
2.304
2.311
2.329
2.337
2.346
2.362
2.379
2.386
2.394
2.418
2.427
2.441
2.452
2.467
2.483
3.953
3.945
3.9
3.893
3.857
3.863
3.903
3.911
4.184
4.178
4.104
4.087
4.017
4.009
3.973
3.981
4.025
4.041
4.092
4.11
4.159
4.173
4.397
4.392
4.347
4.34
4.307
4.303
5.943
5.923
5.906
5.874
5.816
5.818
5.799
5.8
5.783
5.786
5.773
5.78
5.774
5.784
6.78
6.831
6.969
7.001
7.147
7.192
7.333
7.387
7.543
7.596
6.998
7.015
8.018
8.078
5.039
5.032
4.99
4.981
4.94
4.94
1.42121 -1.5582 -0.348481
