1 361
0.83
0.839
0.839
0.611
0.614
0.591
0.592
0.606
0.607
0.602
0.601
0.586
0.586
0.592
0.59
0.596
0.595
0.589
0.588
0.594
0.603
0.603
0.603
0.611
0.619
0.626
0.627
0.643
0.642
0.651
0.66
0.667
0.668
0.684
0.692
0.693
0.701
0.716
0.717
0.724
0.732
0.748
0.748
0.765
0.764
0.78
0.789
0.805
0.812
0.83
0.83
0.854
0.854
0.868
0.884
0.898
0.908
0.923
0.934
0.96
0.968
0.995
1
1.032
1.046
1.069
1.085
1.12
1.128
1.162
1.178
1.222
1.246
1.29
1.313
1.427
1.448
1.467
1.489
1.515
1.537
1.574
4.862
4.838
4.821
4.793
4.785
4.759
4.749
4.724
4.714
4.688
4.679
4.661
4.653
4.628
4.62
4.602
4.594
4.575
4.567
4.552
4.541
4.526
4.525
4.509
4.501
4.483
4.484
4.475
4.474
4.46
4.449
4.439
4.439
4.418
4.405
4.531
4.548
4.543
4.545
4.531
4.531
4.524
4.525
4.514
4.523
4.512
4.517
4.509
4.516
4.505
4.514
4.505
4.496
4.508
4.51
4.502
4.512
4.507
4.518
4.362
4.368
4.381
4.391
4.39
4.398
4.395
4.405
4.406
4.414
4.414
4.424
4.431
4.44
4.441
4.449
4.458
4.466
4.465
4.483
4.483
4.5
4.508
4.517
4.525
4.542
4.552
4.559
4.568
4.585
4.593
4.612
4.619
4.645
4.654
4.671
4.682
4.706
4.713
4.741
4.749
4.767
4.786
4.812
4.82
4.847
4.863
4.888
4.902
1.592
1.562
1.537
1.512
1.496
1.466
1.483
1.47
1.447
1.446
1.443
1.338
1.343
1.333
1.334
1.325
1.324
1.316
1.316
1.308
1.297
1.3
1.299
1.289
1.289
1.281
1.28
1.282
1.28
1.272
1.272
1.264
1.263
1.255
1.254
1.254
1.255
1.247
1.255
1.247
1.246
1.245
1.246
1.238
1.237
1.228
1.237
1.229
1.239
1.23
1.23
1.224
1.234
1.232
1.228
1.224
1.229
1.224
1.234
1.22
1.232
1.224
1.234
2.366
2.415
2.44
2.49
2.514
2.57
2.595
2.655
2.69
2.748
2.783
2.85
2.882
2.952
2.997
3.067
3.12
3.197
3.255
3.336
3.403
3.495
3.564
3.666
3.752
2.285
2.297
2.312
4.174
4.321
4.435
4.59
4.719
2.389
2.383
2.336
2.328
2.321
2.323
2.353
2.356
2.371
2.492
2.726
2.735
2.766
2.796
3
2.993
2.985
2.984
2.906
2.668
2.647
2.635
2.635
2.634
2.636
2.636
2.491
2.338
2.284
2.215
2.161
2.117
1.999
1.957
1.916
1.769
1.547
1.549
1.547
1.536
1.535
1.532
1.54
1.534
1.518
1.522
1.532
1.521
1.528
1.537
1.536
1.54
1.553
1.547
1.539
1.558
1.564
1.568
1.585
1.571
1.589
1.603
1.621
1.612
1.648
1.854
0.893
0.849
0.82
0.829
0.829
0.829
0.829
0.829
0.837
4.00734 2.25378 0.507812
