1 361
1.912
1.912
1.903
1.903
1.894
1.886
1.885
1.879
1.876
1.867
1.866
1.865
1.865
1.857
1.856
1.85
1.849
1.848
1.849
1.849
1.85
1.841
1.842
1.832
1.842
1.834
1.837
1.829
1.833
1.827
1.827
1.827
1.811
1.781
1.79
1.806
1.807
1.809
8.183
8.183
8.183
8.183
8.183
8.183
8.183
8.183
8.183
8.183
8.183
8.183
8.183
8.183
8.183
8.183
8.183
8.183
8.183
8.183
8.183
8.183
8.183
8.183
8.183
8.183
8.183
8.183
8.183
8.183
8.183
8.183
8.183
8.183
8.183
8.183
8.183
8.183
8.183
8.183
8.183
8.183
8.183
8.183
3.164
3.136
3.086
3.061
3.019
2.991
2.951
2.921
2.89
2.865
2.831
2.809
2.773
2.748
2.721
2.696
2.671
2.653
2.618
2.601
2.576
2.56
2.534
2.513
2.54
2.529
2.579
2.47
2.428
2.406
2.379
2.362
2.371
2.37
2.406
2.418
2.451
2.459
2.492
2.5
2.532
2.543
2.583
2.591
2.623
2.632
2.675
2.677
2.727
2.736
2.777
2.793
2.838
2.843
2.894
2.911
2.964
2.973
3.03
3.04
3.093
3.111
3.172
3.189
3.258
3.275
3.336
3.359
3.433
3.45
3.537
3.554
3.64
3.666
3.749
3.785
3.872
3.904
4.003
4.029
4.142
4.167
4.284
4.323
4.44
4.483
4.627
4.671
4.817
4.869
5.034
5.084
5.272
5.331
5.534
5.607
5.831
5.911
6.148
6.231
7.021
7.126
7.481
7.615
7.73
7.713
7.814
7.991
8.183
8.183
8.183
8.183
8.183
8.183
8.183
8.183
8.191
8.183
8.183
8.187
7.683
7.669
8.189
7.77
7.686
8.183
7.676
7.644
7.61
7.631
7.646
7.639
7.885
7.65
7.662
7.659
7.655
8.187
7.663
8.187
8.183
8.187
8.183
8.183
8.187
8.183
8.183
8.183
8.183
8.183
7.549
7.43
7.446
6.644
6.183
6.038
5.674
5.56
5.22
5.132
4.845
4.759
4.559
4.56
4.585
4.588
4.489
4.426
4.213
3.743
3.599
3.538
3.402
3.364
3.245
3.21
3.103
3.075
2.977
2.953
2.862
2.837
2.749
2.738
2.652
2.643
2.561
2.55
2.467
2.459
2.395
2.377
2.317
2.302
2.251
2.242
2.191
2.182
2.138
2.12
2.076
2.066
2.025
2.016
1.98
1.974
1.908
1.9
1.864
1.851
1.878
1.885
1.903
1.903
1.938
1.938
1.946
1.942
1.909
1.901
1.877
1.868
1.841
1.833
1.809
1.799
1.782
1.775
1.749
1.749
1.724
1.723
1.697
1.697
1.671
1.672
1.656
1.655
1.631
1.63
1.606
1.606
1.59
1.59
1.566
1.573
1.549
1.55
1.533
1.533
1.515
1.516
1.499
1.499
1.491
1.491
1.475
1.476
1.459
1.459
1.441
1.451
1.266
1.267
1.26
1.261
1.252
1.251
1.258
1.259
1.244
1.244
1.237
1.237
1.237
1.237
1.227
1.228
1.22
9.92432 13.636 5.85758
