1 361
2.955
2.957
2.949
2.959
2.951
2.951
2.951
2.95
2.949
2.955
2.946
2.959
2.951
2.958
2.958
2.966
2.966
2.967
2.966
2.983
2.975
3.056
3.077
3.529
3.545
4.036
4.036
4.061
4.053
4.078
4.069
4.095
4.087
4.103
4.104
4.128
4.12
4.144
4.145
4.162
4.169
4.184
4.184
4.209
4.208
4.233
4.232
4.267
4.258
4.289
4.291
4.325
4.325
4.356
4.358
4.391
4.391
4.425
4.425
4.46
4.458
4.503
4.503
4.545
4.535
4.587
4.587
4.628
4.629
4.679
4.678
4.732
4.733
4.785
4.784
4.847
4.848
4.899
4.908
4.968
4.969
5.035
5.036
5.103
5.103
5.176
5.177
5.252
5.253
5.329
5.331
5.415
5.414
5.5
5.507
5.594
5.602
5.7
5.701
5.806
5.805
5.915
5.923
6.03
6.039
6.157
6.164
6.285
6.285
6.413
6.423
6.562
6.564
6.536
6.536
6.465
6.448
6.38
6.381
5.908
5.736
5.49
5.473
5.407
5.398
5.323
5.325
5.481
5.49
5.757
5.84
5.933
5.933
5.874
5.873
5.141
5.141
5.103
5.096
5.191
5.208
5.469
5.609
5.603
5.57
5.11
5.085
5.031
5.033
4.994
4.994
4.972
4.967
4.95
4.943
5.419
5.093
4.815
4.815
4.45
4.442
4.224
4.214
4.199
4.208
4.192
4.183
4.176
4.176
4.168
4.17
4.152
4.154
4.146
4.146
4.136
4.137
4.128
4.127
4.129
4.127
4.12
4.119
4.12
4.119
4.119
4.12
4.118
4.117
4.118
4.127
4.118
4.127
4.128
4.127
4.131
4.132
4.144
4.142
4.152
4.153
4.165
4.163
4.174
4.175
4.184
4.191
4.2
4.209
4.212
4.208
4.226
4.234
4.243
4.249
4.264
4.269
4.29
4.292
4.314
4.318
4.336
4.346
4.358
4.366
4.383
4.383
4.409
4.409
4.435
4.443
4.466
4.484
5.745
5.763
5.788
5.797
5.839
5.849
5.891
5.899
5.942
5.948
5.99
6.006
6.056
6.066
6.123
6.131
6.183
6.2
6.251
6.259
6.319
6.33
6.396
6.405
6.481
6.491
6.554
6.571
6.642
6.659
6.738
6.745
6.829
6.847
6.919
6.945
7.036
7.054
7.127
7.138
7.002
7.005
6.882
6.869
6.769
6.752
6.658
6.651
6.554
6.529
3.954
3.952
3.898
3.897
3.845
3.845
3.792
3.793
3.749
3.739
3.699
3.691
3.648
3.657
3.616
3.615
3.572
3.571
3.538
3.538
3.503
3.503
3.47
3.47
3.437
3.437
3.404
3.405
3.372
3.38
3.347
3.356
3.325
3.326
3.3
3.3
3.283
3.286
3.26
3.261
3.235
3.235
3.218
3.22
3.194
3.203
3.185
3.184
3.169
3.168
3.15
3.15
3.142
3.142
3.684
3.684
3.685
3.682
3.689
3.705
3.705
3.713
4.111
4.114
4.084
4.092
4.139
4.134
4.059
4.036
4.015
4.004
4.015
4.008
3.988
3.991
3.969
3.973
11.6755 5.62004 0.11959
