1 361
1.784
1.784
1.774
1.775
1.766
1.766
1.757
1.748
1.748
1.739
1.738
1.738
1.73
1.73
1.73
1.721
1.721
1.711
1.711
1.712
1.703
1.703
1.704
1.694
1.694
1.695
1.695
1.696
1.687
1.687
1.688
1.69
1.682
1.686
1.688
1.684
1.686
1.69
1.681
1.683
1.683
1.682
1.688
1.686
1.684
1.689
1.688
1.693
1.776
2.289
2.298
2.736
2.739
2.971
3.231
3.202
3.234
2.972
2.928
3.171
3.329
2.888
2.817
2.802
2.807
2.812
2.809
2.816
2.83
2.838
2.891
2.867
2.85
2.837
2.839
2.843
2.843
2.857
2.965
3.013
2.99
2.903
2.898
2.901
2.91
2.925
2.926
2.951
2.957
3.284
3.259
3.156
3.131
3.044
3.018
2.939
2.91
2.915
2.924
2.942
2.949
2.968
2.976
2.994
3.002
3.029
3.039
3.067
3.313
3.305
3.288
3.246
3.237
3.197
3.181
3.141
3.147
8.183
8.183
8.183
8.183
8.183
8.183
8.183
4.835
4.78
4.75
4.714
4.717
4.613
4.612
4.596
4.587
4.571
4.57
4.552
4.547
4.538
4.538
4.53
4.53
4.516
4.514
5.409
5.451
5.536
5.57
5.649
5.684
5.773
5.818
5.909
5.951
6.051
6.099
6.203
6.245
6.364
3.737
3.719
3.711
3.677
3.667
3.636
3.627
3.601
3.584
3.557
3.558
3.525
3.516
3.491
3.492
3.465
3.458
3.433
3.425
3.41
3.402
3.377
3.376
3.352
3.344
3.328
3.328
3.305
3.305
3.287
3.287
3.271
3.271
3.254
3.246
3.229
3.229
3.221
3.221
3.204
3.204
3.196
3.195
3.179
3.178
3.17
3.169
3.161
3.161
3.152
3.152
3.144
3.144
3.135
3.145
3.136
3.137
3.128
3.129
3.122
3.122
3.118
3.119
3.121
3.125
3.118
3.118
3.115
3.124
3.121
3.119
3.115
3.122
3.121
3.128
3.128
3.136
3.135
3.144
3.144
3.143
3.151
3.15
3.15
3.16
3.158
3.168
3.166
3.175
3.184
3.192
3.192
3.202
3.209
3.217
3.218
3.225
3.235
3.243
3.251
3.266
3.271
3.294
3.299
3.308
3.316
3.324
3.339
3.349
3.356
3.37
3.389
3.396
3.402
3.421
3.437
3.453
3.461
3.477
3.487
3.504
3.522
3.53
3.555
3.573
3.589
3.608
3.621
3.638
3.664
3.679
3.699
3.723
3.741
3.767
3.792
3.808
3.835
3.854
3.88
3.906
3.932
3.96
3.984
4.012
4.046
4.062
4.103
4.13
4.164
4.199
4.233
4.267
4.306
4.332
4.382
4.409
4.461
4.486
4.527
4.56
4.621
4.655
4.708
4.743
4.806
4.841
4.9
4.944
5.001
5.136
6.718
6.681
6.632
6.613
6.541
6.523
6.463
6.446
6.394
6.36
6.318
6.292
6.25
6.234
6.181
6.163
6.112
6.097
5.386
5.348
4.859
4.824
4.789
4.781
4.755
4.738
4.71
4.702
4.677
4.669
4.643
4.635
2.18645 -1.01266 1.35921
