1 361
5.561
5.513
5.465
5.412
5.33
5.284
5.247
5.244
5.036
4.987
4.944
4.917
4.886
4.861
4.83
4.858
5.19
5.166
5.161
5.177
4.939
4.892
4.867
4.824
4.727
4.689
4.662
4.658
4.632
4.699
4.828
5.024
5.153
5.209
4.751
4.125
4.099
4.092
4.064
4.047
4.029
4.021
4.003
3.986
3.979
3.962
3.953
3.936
3.926
3.909
3.901
3.896
3.877
3.867
3.852
3.853
3.842
3.825
3.826
3.81
3.8
3.799
3.792
3.783
3.776
3.767
3.758
3.758
3.755
3.747
3.74
3.734
3.731
3.733
3.724
3.716
3.717
3.718
3.717
3.71
3.71
3.711
3.712
3.707
3.705
3.707
3.701
3.706
3.706
3.707
3.705
3.702
3.71
3.708
3.714
3.711
3.717
3.721
3.721
3.73
3.731
3.73
3.738
3.737
3.745
3.744
3.755
3.762
3.762
3.77
3.769
3.783
3.785
3.823
4.976
4.992
5.002
5.011
5.027
5.036
5.053
5.068
5.077
5.092
5.1
5.118
5.133
5.149
5.166
5.183
5.199
5.216
5.242
5.249
5.274
5.292
5.318
5.343
5.361
5.387
5.403
5.427
5.446
5.471
5.495
5.522
5.556
5.582
5.609
5.634
5.663
5.689
5.724
5.76
5.785
5.82
5.854
5.888
5.922
5.963
5.997
6.037
6.079
6.12
6.154
6.206
6.241
6.176
6.105
6.05
5.98
5.917
5.861
5.809
5.76
3.007
2.993
2.965
2.939
2.912
2.897
2.871
2.847
2.82
2.803
2.786
2.763
2.746
2.729
2.703
2.685
2.676
2.66
2.642
2.625
2.607
2.591
2.582
2.566
2.55
2.533
2.517
2.5
2.492
2.475
2.467
2.45
2.442
2.433
2.418
2.408
2.4
2.392
2.383
2.366
2.357
2.349
2.34
2.333
2.323
2.314
2.307
2.299
2.29
2.282
2.282
2.273
2.264
2.264
2.255
2.247
2.247
2.238
2.229
2.22
2.22
2.22
2.211
2.211
2.202
2.202
2.193
2.193
2.183
2.184
2.175
2.175
2.175
2.177
2.84
2.86
2.885
2.954
2.985
3.087
3.417
3.43
3.435
3.421
3.477
3.551
3.929
3.983
3.983
3.762
3.956
3.973
3.965
3.45
3.221
3.212
3.215
3.215
3.219
3.164
3.229
3.745
3.922
3.902
3.437
3.291
3.248
3.253
3.66
3.493
3.369
3.235
3.224
3.229
3.233
3.241
3.257
3.261
3.848
3.725
3.6
3.477
3.37
3.264
3.182
3.181
3.189
3.198
3.207
3.207
3.224
3.233
3.241
3.25
3.258
3.275
3.622
3.572
3.529
3.488
3.445
3.402
3.354
3.322
3.34
7.899
7.934
7.973
8.013
8.038
8.077
8.114
8.158
8.183
8.183
8.183
8.183
8.183
8.183
4.926
4.862
4.84
4.815
4.704
4.685
4.668
4.652
4.642
4.618
4.608
4.586
4.577
4.566
4.555
4.543
4.527
4.732
5.34
5.374
5.417
5.467
5.509
5.561
5.606
5.659
5.712
12.295 6.08113 0.937608
