1 361
1.92
1.936
1.96
1.978
2.004
2.026
2.044
2.06
2.085
2.102
2.129
2.157
2.181
2.207
2.239
2.255
2.291
2.317
2.355
2.381
2.414
2.445
2.488
2.519
2.565
2.592
2.645
2.684
2.736
2.768
2.829
2.868
2.937
2.974
3.049
3.093
3.168
3.22
3.293
3.349
3.436
3.493
3.591
3.66
3.772
3.841
3.964
4.038
4.185
4.265
4.429
4.521
4.702
4.823
4.923
6.314
6.325
6.412
6.314
6.305
6.297
6.328
6.844
7.069
7.549
7.83
8.183
8.183
8.183
8.183
8.183
8.183
8.183
8.183
8.183
8.183
8.183
8.183
8.183
8.183
8.183
8.183
8.183
8.183
8.183
8.183
8.183
8.183
8.183
8.183
8.183
8.183
8.183
8.183
8.183
8.183
8.183
8.183
8.187
8.187
8.183
8.183
4.558
4.602
4.695
4.739
4.844
4.887
4.999
5.056
5.072
5.063
5.064
5.057
5.061
5.045
5.05
5.042
5.052
5.046
5.045
5.038
5.047
5.034
4.917
4.835
4.694
4.625
4.488
4.43
4.31
4.254
4.153
4.093
3.997
3.939
3.854
3.814
3.723
3.633
3.607
3.615
3.639
3.65
3.664
3.622
3.558
3.515
3.465
3.435
3.375
3.335
3.286
3.256
3.206
3.176
3.125
2.958
2.801
2.781
2.762
2.745
2.705
2.686
2.651
2.633
2.6
2.583
2.553
2.528
2.502
2.488
2.463
2.437
2.412
2.4
2.383
2.356
2.34
2.322
2.306
2.29
2.266
2.256
2.239
2.222
2.204
2.195
2.168
2.16
2.143
2.134
2.116
2.106
2.089
2.081
2.063
2.054
2.045
2.036
2.02
2.011
1.993
1.985
1.976
1.967
1.967
1.951
1.933
1.933
1.925
1.916
1.907
1.899
1.891
1.881
1.873
1.873
1.864
1.856
1.849
1.842
1.84
1.831
1.831
1.821
1.813
1.804
1.804
1.795
1.795
1.788
1.788
1.78
1.779
1.769
1.769
1.761
1.761
1.761
1.752
1.745
1.899
1.925
2.104
2.127
2.26
2.257
2.261
2.252
2.252
2.252
2.253
2.243
2.238
2.237
2.245
2.237
2.234
2.229
2.237
2.232
2.233
2.229
2.211
2.204
2.213
2.204
2.442
2.459
7.09
7.09
7.096
7.101
7.106
7.105
7.115
7.126
7.013
7.011
6.025
6
6.04
5.284
5.003
5.014
5.088
5.005
4.222
4.151
4.152
4.15
4.167
4.165
4.186
4.184
4.199
4.208
4.233
4.234
4.249
4.257
4.274
4.282
4.307
4.307
4.332
4.341
4.365
2.556
2.481
2.467
2.418
2.418
2.434
2.443
2.484
2.483
2.5
2.509
2.527
2.533
2.549
2.559
2.574
2.583
2.599
2.607
2.634
2.634
2.658
2.668
2.693
2.694
2.727
2.728
2.752
2.761
2.795
2.795
2.828
2.838
2.871
2.881
2.913
2.923
2.955
2.956
2.91
2.902
2.859
2.851
2.81
2.803
2.761
2.761
2.72
2.713
2.679
2.67
2.636
-1.87183 13.6685 0.652771
