1 361
6.152
6.168
6.202
6.229
6.247
6.274
6.308
6.342
6.358
6.392
5.475
5.404
5.34
5.228
5.174
5.105
4.979
4.793
4.663
4.583
4.528
4.484
4.443
4.409
4.685
4.702
4.735
4.679
4.494
4.171
4.059
4.007
3.974
3.932
3.903
3.893
4.07
4.122
3.487
3.454
3.429
3.395
3.361
3.329
3.305
3.281
3.256
3.224
3.197
3.172
3.146
3.121
3.112
3.081
3.056
3.038
3.021
3.003
2.984
2.959
2.941
2.924
2.909
2.89
2.873
2.857
2.84
2.815
2.806
2.79
2.772
2.765
2.752
2.745
2.728
2.712
2.704
2.691
2.68
2.672
2.665
2.648
2.64
2.631
2.622
2.615
2.598
2.593
2.583
2.579
2.572
2.562
2.561
2.548
2.544
2.534
2.531
2.518
2.508
2.499
2.5
2.497
2.493
2.483
2.473
2.473
2.469
2.459
2.465
2.447
2.446
2.438
2.446
2.439
2.439
2.431
2.431
2.423
2.424
2.419
2.419
2.411
2.415
2.411
2.406
2.408
2.407
2.406
2.407
2.406
2.399
2.399
2.399
2.4
2.399
2.399
2.399
2.624
3.553
3.553
3.562
3.562
3.562
3.562
3.571
3.571
3.58
3.58
3.58
3.58
3.589
3.598
3.606
3.606
3.615
3.624
3.632
3.633
3.649
3.648
3.658
3.666
3.675
3.684
3.692
3.7
3.709
3.726
3.735
3.743
3.761
3.769
3.787
3.787
3.813
3.822
3.838
3.847
3.865
3.874
3.891
3.9
3.927
3.936
3.954
3.972
3.998
4.006
4.024
4.041
4.068
4.075
4.1
4.118
4.143
4.16
4.193
4.202
4.235
4.258
4.282
4.307
4.34
4.357
4.391
4.415
4.45
4.467
4.512
4.528
4.57
4.594
4.637
4.662
4.705
4.731
4.774
4.754
4.701
4.655
4.61
4.569
4.531
4.488
4.454
4.414
4.385
4.343
4.319
4.277
4.248
4.222
4.181
4.16
4.131
4.099
4.068
4.053
4.018
3.99
3.967
3.938
3.925
3.895
3.878
3.852
1.607
1.599
1.592
1.583
1.575
1.567
1.558
1.55
1.541
1.541
1.534
1.526
1.517
1.509
1.509
1.5
1.5
1.492
1.483
1.475
1.475
1.466
1.466
1.458
1.458
1.449
1.449
1.441
1.44
1.432
1.433
1.423
1.423
1.424
1.424
1.414
1.414
1.415
1.406
1.397
1.407
1.397
1.398
1.398
1.398
1.381
1.389
1.389
1.381
1.382
1.383
1.384
1.385
1.387
1.38
1.382
1.376
1.378
1.382
1.375
1.378
1.38
1.38
1.378
1.377
1.375
1.38
1.377
1.383
1.381
1.379
1.377
1.384
1.383
1.382
1.381
1.381
1.381
1.389
1.388
1.389
1.388
1.397
1.397
1.406
1.397
1.406
1.406
1.414
1.414
1.414
1.423
1.423
1.423
1.432
1.432
1.44
1.44
1.449
1.449
1.449
1.458
1.459
1.466
1.475
1.475
1.483
1.483
1.493
1.501
1.509
1.509
1.517
1.518
1.527
13.4562 7.32638 0.546402
