1 361
1.813
1.831
1.83
1.847
1.846
1.854
1.86
1.867
1.876
1.882
1.888
1.906
1.906
1.921
1.927
1.937
1.951
1.959
1.974
1.982
1.996
2.006
2.018
2.036
2.044
2.062
2.069
2.087
2.104
2.114
2.131
2.157
2.177
2.194
2.222
2.248
2.266
2.284
2.32
2.346
2.373
2.406
2.425
2.458
2.485
2.518
2.549
2.581
2.597
2.631
2.64
2.685
2.694
2.727
2.742
2.784
2.801
2.843
2.87
2.902
2.928
2.973
2.999
3.015
3.033
3.068
4.612
4.588
4.581
4.556
4.547
4.524
4.513
4.497
4.49
4.466
4.466
4.45
4.442
4.424
4.424
4.432
4.489
4.414
4.391
4.367
4.356
4.344
4.433
4.544
4.629
4.744
4.83
4.951
5.05
5.19
5.302
5.452
5.578
5.743
5.881
6.059
6.223
6.433
6.593
6.83
7.046
7.316
7.532
7.861
8.134
8.183
8.183
8.183
8.183
8.183
8.183
8.183
8.183
8.183
8.187
8.183
8.187
8.187
8.183
8.187
8.187
8.183
8.187
8.187
8.183
8.183
8.183
8.183
8.183
8.183
8.183
8.187
8.183
8.187
8.187
8.187
8.183
8.187
8.187
8.187
8.183
8.191
8.183
8.183
8.183
8.183
8.183
7.719
7.333
6.971
6.988
6.992
6.009
5.756
5.554
5.309
5.145
4.94
4.8
4.626
4.5
4.332
4.222
4.096
4.123
4.122
4.14
4.115
4.025
3.914
3.836
3.738
3.256
3.168
3.147
3.067
3.02
2.953
2.91
2.834
2.792
2.733
2.699
2.642
2.604
2.555
2.524
2.468
2.442
2.392
2.367
2.325
2.296
2.26
2.234
2.199
2.172
2.136
2.12
2.084
2.066
2.031
2.014
1.99
1.965
1.947
1.93
1.904
1.887
1.862
1.845
1.821
1.815
1.787
1.78
1.751
1.746
1.717
1.712
1.687
1.686
1.655
1.653
1.638
1.63
1.604
1.603
1.588
1.581
1.559
1.524
1.515
1.506
1.49
1.487
1.5
1.532
1.531
1.565
1.571
1.602
1.603
1.599
1.582
1.584
1.567
1.559
1.55
1.542
1.534
1.534
1.517
1.517
1.502
1.502
1.495
1.493
1.476
1.476
1.467
1.468
1.45
1.461
1.443
1.442
1.435
1.435
1.426
1.425
1.41
1.41
1.401
1.41
1.401
1.401
1.392
1.392
1.384
1.384
1.375
1.375
1.365
1.375
1.358
1.367
1.357
1.357
1.349
1.358
1.351
1.349
1.34
1.349
1.34
1.341
1.341
1.341
1.334
1.342
1.334
1.335
1.337
1.341
1.334
1.33
1.336
1.33
1.33
1.33
1.33
1.172
1.173
1.181
1.175
1.18
1.178
1.176
1.179
1.198
1.197
1.204
1.203
1.213
1.202
1.202
1.202
1.212
1.212
1.212
1.212
1.221
1.221
1.221
1.221
1.229
1.221
1.229
1.229
1.228
1.229
1.239
1.239
1.247
1.247
1.256
1.256
1.266
1.257
1.266
1.265
1.273
1.274
1.284
1.284
1.291
7.19961 13.2941 0.359032
