1 361
2.324
2.35
2.358
2.391
2.392
2.417
2.426
2.427
2.403
2.328
2.303
2.241
2.216
2.154
2.137
2.082
2.065
2.012
1.995
1.944
1.935
1.888
1.88
1.889
1.889
1.897
1.897
1.905
1.906
1.913
1.906
1.922
1.922
1.922
1.931
1.939
1.939
1.948
1.948
1.965
1.965
1.965
1.974
1.982
1.981
1.999
2
2.007
2.008
2.016
2.026
2.034
2.044
2.051
2.052
2.126
2.081
4.56
4.628
4.761
4.816
4.975
5.026
5.201
5.267
5.44
5.517
5.724
5.798
6.03
6.128
8.183
8.183
8.183
8.183
8.183
8.183
8.183
8.183
8.183
8.183
8.183
8.183
8.183
8.183
8.183
8.183
8.183
8.183
8.183
8.183
8.183
8.183
8.183
8.183
8.183
8.191
8.187
8.187
8.183
8.183
8.183
8.183
8.183
8.183
8.183
8.183
8.183
8.183
8.183
8.183
8.183
8.183
8.183
8.183
8.183
8.183
8.183
8.183
8.183
8.183
8.07
8.087
8.183
8.183
6.231
6.22
5.837
5.706
5.382
5.251
4.972
4.868
4.629
4.546
4.32
4.256
4.057
3.986
3.834
3.777
3.63
3.572
3.445
3.408
3.282
3.247
3.13
3.104
3.004
2.972
2.884
2.854
2.768
2.742
2.668
2.641
2.564
2.548
2.476
2.458
2.401
2.384
2.328
2.314
2.261
2.236
2.191
2.174
2.13
2.121
2.052
2.024
1.981
1.977
1.983
1.991
2.008
2.026
2.035
2.054
2.057
2.048
2.011
2.002
1.968
1.96
1.924
1.917
1.883
1.876
1.85
1.841
1.816
1.818
1.785
1.782
1.757
1.757
1.723
1.724
1.697
1.698
1.681
1.673
1.654
1.667
8.183
8.183
7.011
7.012
8.183
8.183
8.183
8.183
8.183
8.183
8.183
8.183
8.183
8.183
8.183
8.183
8.183
8.183
8.183
8.183
8.183
8.183
7.61
7.522
7.585
8.183
7.793
7.777
7.705
7.689
7.593
7.565
7.727
7.831
8.067
8.101
8.183
8.183
8.183
8.183
8.183
8.183
8.183
8.183
8.183
8.183
8.183
8.183
8.183
8.183
8.183
8.183
3.204
3.165
3.155
3.162
3.163
3.162
3.168
1.136
1.124
1.133
1.123
1.124
1.124
1.124
1.124
1.137
1.137
1.139
1.132
1.134
1.132
1.138
1.13
1.134
1.129
1.138
1.128
1.137
1.135
1.141
1.133
1.139
1.132
1.14
1.132
1.137
1.129
1.084
1.065
1.026
1.011
0.999
0.977
1.072
1.121
1.128
1.136
1.134
1.131
1.137
1.135
1.136
1.138
1.139
1.141
1.15
1.151
1.158
1.151
1.161
1.168
1.168
1.172
1.174
1.184
1.195
1.185
1.202
1.193
1.198
1.2
1.213
1.212
1.229
1.226
1.227
1.229
1.257
1.259
1.262
1.268
1.275
1.268
1.267
1.244
1.246
1.248
1.22
1.211
1.225
1.224
1.234
1.237
1.245
1.244
1.263
1.262
1.272
1.282
1.291
1.291
1.3
6.13733 7.98263 2.72243
