1 361
0.621
0.632
0.634
0.634
0.633
0.655
0.662
0.663
0.663
0.678
0.679
0.767
0.779
2.352
2.317
0.807
0.819
0.684
0.685
0.699
0.699
0.702
0.702
0.698
0.699
0.686
0.694
0.696
0.708
0.725
0.731
0.742
0.748
0.764
0.775
0.796
0.794
0.828
0.838
0.862
0.866
0.899
0.907
0.942
0.957
0.992
0.999
1.041
1.054
1.104
1.123
1.166
1.2
2.472
2.498
2.539
2.51
2.492
2.487
2.458
2.455
2.453
2.157
2.107
2.102
2.116
2.118
2.142
2.156
2.164
2.189
2.193
2.23
2.252
2.307
2.333
2.65
2.908
2.949
2.986
3.036
3.07
3.126
3.174
3.227
3.26
3.287
3.315
3.39
3.472
3.55
3.556
3.566
3.142
3.14
3.157
3.181
3.224
3.265
8.187
8.189
5
4.982
4.983
5.093
5.855
5.879
1.846
1.843
1.886
1.937
1.987
2.031
2.075
2.135
2.188
2.255
2.309
2.381
2.451
2.528
2.602
2.7
2.796
2.913
3.029
3.191
3.339
3.522
3.698
3.935
4.143
4.444
4.726
5.192
5.549
6.066
6.579
7.29
8.183
8.183
8.183
8.183
8.183
8.183
8.183
8.183
8.183
8.183
8.183
8.183
8.183
8.074
8.069
8.075
8.074
8.091
8.09
8.096
8.105
8.114
8.121
8.129
8.139
8.154
8.156
8.183
8.183
8.183
8.183
8.183
8.183
8.183
8.183
8.183
8.183
8.183
8.183
8.183
8.183
8.183
8.183
8.183
8.183
8.183
8.183
8.183
8.183
8.183
8.183
8.183
8.183
8.183
8.183
8.183
8.183
8.183
8.183
8.183
8.183
8.183
8.183
8.183
8.183
8.183
8.183
1.326
1.317
1.308
1.289
1.283
1.265
1.247
1.239
1.23
1.22
1.202
1.194
1.195
1.176
1.169
1.159
1.149
1.141
1.132
1.124
1.114
1.107
1.099
1.09
1.09
1.073
1.064
1.056
1.055
1.048
1.048
1.029
1.029
1.024
1.023
1.014
1.005
0.998
0.998
0.988
0.989
0.981
0.981
0.973
0.963
0.964
0.964
0.955
0.956
0.948
0.948
0.938
0.939
0.939
0.929
0.93
0.93
0.922
0.921
0.913
0.914
0.912
0.913
0.905
0.905
0.894
0.905
0.905
0.896
0.896
0.887
0.886
0.887
0.885
0.886
0.878
0.887
0.878
0.878
0.878
0.878
0.878
0.873
0.869
0.91
0.911
0.912
0.912
0.973
0.973
0.936
0.935
0.911
0.909
0.902
0.903
0.883
0.883
0.885
0.875
0.876
0.875
0.875
0.875
0.868
0.876
0.867
0.867
0.868
0.868
0.869
0.869
0.872
0.866
0.863
0.861
1.064
1.029
1.782
2.172
3.622
5.31
6.999
7.013
7.01
6.987
6.983
6.98
6.994
6.993
6.996
7.003
7.006
7.013
7.019
7.029
7.035
7.043
7.049
7.057
7.065
7.074
7.092
7.095
7.169
7.103
7.132
7.272
7.159
7.169
7.199
7.204
7.221
7.239
7.262
10.9048 11.9862 4.85264
