1 361
5.559
5.522
5.464
5.412
5.335
5.285
5.238
5.25
5.037
4.987
4.935
4.915
4.887
4.869
4.84
4.86
5.187
5.172
5.16
5.194
4.942
4.89
4.877
4.836
4.746
4.718
4.672
4.684
4.649
4.726
4.838
5.036
5.143
5.217
4.751
4.117
4.099
4.081
4.065
4.048
4.031
4.02
4.003
3.987
3.971
3.962
3.943
3.935
3.926
3.908
3.901
3.885
3.876
3.871
3.859
3.843
3.834
3.825
3.817
3.82
3.8
3.801
3.792
3.783
3.775
3.767
3.758
3.758
3.752
3.749
3.741
3.736
3.731
3.723
3.724
3.724
3.716
3.718
3.718
3.709
3.711
3.711
3.703
3.711
3.705
3.708
3.701
3.706
3.706
3.707
3.704
3.711
3.709
3.71
3.713
3.711
3.718
3.72
3.721
3.731
3.73
3.73
3.73
3.738
3.745
3.745
3.754
3.763
3.763
3.768
3.779
3.783
3.785
3.829
4.977
4.994
5.003
5.02
5.028
5.042
5.052
5.068
5.075
5.092
5.101
5.116
5.133
5.149
5.166
5.191
5.199
5.215
5.241
5.258
5.275
5.293
5.319
5.336
5.361
5.387
5.404
5.427
5.453
5.47
5.506
5.531
5.557
5.581
5.608
5.636
5.671
5.696
5.724
5.759
5.795
5.819
5.854
5.888
5.931
5.964
5.997
6.037
6.078
6.12
6.162
6.206
6.239
6.178
6.105
6.037
5.982
5.917
5.858
5.811
5.76
3.011
2.981
2.956
2.938
2.913
2.896
2.862
2.845
2.822
2.803
2.788
2.763
2.747
2.729
2.712
2.686
2.677
2.65
2.642
2.625
2.607
2.591
2.574
2.558
2.55
2.533
2.516
2.509
2.492
2.475
2.467
2.45
2.442
2.433
2.417
2.408
2.4
2.392
2.383
2.366
2.357
2.349
2.341
2.332
2.324
2.315
2.307
2.298
2.29
2.282
2.282
2.273
2.263
2.264
2.255
2.247
2.238
2.238
2.229
2.22
2.22
2.22
2.211
2.211
2.202
2.193
2.193
2.192
2.184
2.184
2.184
2.175
2.175
2.186
2.841
2.852
2.886
2.963
3.012
3.105
3.418
3.42
3.439
3.414
3.49
3.551
3.973
3.983
3.973
3.76
3.965
3.964
3.965
3.43
3.222
3.22
3.215
3.215
3.217
3.165
3.224
3.74
3.921
3.902
3.42
3.3
3.248
3.26
3.649
3.496
3.371
3.238
3.224
3.228
3.234
3.241
3.255
3.268
3.849
3.726
3.6
3.476
3.37
3.263
3.175
3.181
3.189
3.199
3.207
3.207
3.224
3.233
3.241
3.25
3.267
3.274
3.622
3.571
3.518
3.479
3.446
3.408
3.358
3.324
3.339
7.901
7.938
7.972
8.013
8.049
8.081
8.115
8.16
8.183
8.183
8.183
8.183
8.183
8.183
4.928
4.863
4.84
4.799
4.698
4.684
4.668
4.652
4.633
4.615
4.604
4.593
4.574
4.561
4.552
4.534
4.526
4.812
5.34
5.384
5.417
5.467
5.51
5.562
5.615
5.659
5.703
12.2951 6.08124 0.938053
