1 361
3.635
3.661
3.691
3.999
4.022
4.083
4.114
4.172
4.209
4.274
4.316
4.391
4.426
4.51
4.522
4.479
4.471
4.452
4.513
4.619
4.666
4.762
4.808
4.899
4.959
5.064
5.131
5.237
5.308
5.421
5.499
5.632
5.708
5.855
5.953
6.097
6.178
7.805
7.934
8.156
8.183
8.183
8.183
8.183
8.183
8.183
8.183
8.183
8.183
8.183
8.183
8.183
8.183
8.183
8.183
8.183
8.183
8.183
8.183
8.183
8.183
8.189
8.183
8.183
8.183
8.191
8.183
8.191
8.183
8.183
8.183
8.183
8.183
8.183
8.183
8.183
8.183
8.183
8.183
8.183
8.183
8.183
8.183
8.183
8.183
8.183
8.183
8.183
8.183
8.183
7.712
7.724
7.752
5.693
5.363
4.906
4.652
4.304
4.11
3.805
3.687
3.457
3.356
3.156
3.063
2.906
2.827
2.685
2.621
2.501
2.441
2.331
2.291
2.192
2.152
2.073
2.043
1.963
1.943
1.866
1.838
1.785
1.759
1.699
1.683
1.626
1.609
1.505
1.489
1.45
1.466
1.465
1.472
1.48
1.49
1.49
1.497
1.506
1.507
1.517
1.518
1.487
1.48
1.448
1.44
1.405
1.399
1.363
1.355
1.33
1.33
1.296
1.296
1.27
1.262
1.244
1.236
1.21
1.21
1.193
1.183
1.167
1.157
1.141
1.142
1.124
1.116
1.098
1.098
1.081
1.077
1.106
8.189
4.619
4.64
7.869
7.869
7.8
7.74
7.808
8.183
8.183
8.183
6.425
6.422
8.183
8.183
8.183
8.183
8.183
8.183
8.183
8.183
8.183
8.183
8.183
8.183
8.183
8.183
7.794
7.74
7.679
7.711
7.82
8.183
7.12
6.934
6.945
7.624
7.348
7.196
7.145
7.12
7.065
7.005
6.98
7.095
7.264
7.477
7.531
8.183
8.183
8.183
8.183
8.183
8.183
8.183
8.183
8.183
8.183
8.183
8.183
8.183
8.183
8.183
8.183
8.183
8.183
8.183
8.183
8.183
8.183
2.745
2.629
2.598
2.597
2.61
2.611
2.615
2.615
2.626
2.617
2.624
2.625
2.641
2.643
2.649
2.651
2.659
2.658
2.672
2.173
1.763
1.639
1.51
1.413
1.332
1.125
1.042
0.996
0.936
0.894
0.868
0.856
0.855
0.854
0.856
0.856
0.851
0.838
0.792
0.741
0.63
0.623
0.614
0.613
0.622
0.614
0.622
0.614
0.623
0.622
0.623
0.622
0.631
0.622
0.63
0.634
0.656
0.655
0.663
0.663
0.663
0.663
0.672
0.662
0.68
0.672
0.68
0.679
0.687
0.686
0.696
0.697
0.703
0.696
0.704
0.703
0.712
0.711
0.721
0.72
0.729
0.72
0.738
0.738
0.746
0.738
0.742
0.737
0.733
0.73
0.705
0.697
0.687
0.677
0.675
0.669
0.659
0.663
0.658
0.649
0.649
0.643
0.638
0.634
0.642
0.635
0.63
0.633
0.639
0.639
8.187
8.187
8.187
8.187
8.187
8.187
8.187
8.187
8.187
5.51967 8.17207 2.92671
