1 361
1.371
1.378
1.375
1.386
1.384
1.391
1.389
1.398
1.395
1.412
1.409
1.416
1.414
1.433
1.431
1.446
1.444
1.451
1.466
1.476
1.483
1.493
1.501
1.512
1.523
1.539
1.55
1.558
1.578
1.596
1.614
1.624
1.634
1.66
1.671
1.688
1.688
1.707
1.715
1.734
1.743
1.751
1.762
1.78
1.787
1.803
1.813
1.83
1.83
1.856
1.866
1.88
1.891
1.907
1.914
1.942
1.948
1.975
1.983
2.01
2.01
2.043
2.051
2.079
2.088
2.113
2.122
2.158
2.166
2.2
2.219
2.244
2.262
2.298
2.313
2.346
2.362
2.403
2.42
2.464
2.479
2.519
2.545
2.585
2.609
2.662
2.68
2.73
2.757
2.808
2.84
2.9
2.924
2.981
3.022
3.094
3.119
3.194
3.236
3.312
3.352
3.438
3.482
3.521
3.615
5.024
5.026
5.002
5.012
4.997
4.994
4.976
5.018
5.005
4.991
4.96
4.961
4.939
5.096
5.3
5.42
5.658
5.797
6.067
6.23
6.542
6.739
7.099
7.331
7.729
8.047
8.183
8.183
8.183
8.183
8.183
8.183
8.183
8.183
8.183
8.183
8.183
8.183
8.183
8.183
8.183
8.183
8.183
8.183
8.183
8.183
8.183
8.183
8.183
8.183
8.183
8.183
8.183
8.183
8.183
8.183
8.183
8.183
8.183
8.187
8.183
8.183
8.183
8.183
8.183
8.183
8.183
8.183
7.809
7.826
7.83
7.053
6.68
6.501
6.211
6.07
5.833
5.694
5.486
5.369
5.181
5.069
4.953
4.979
4.987
4.995
4.853
4.781
4.65
4.568
4.036
4.038
3.932
3.882
3.775
3.738
3.645
3.595
3.509
3.473
3.39
3.35
3.285
3.251
3.174
3.15
3.079
3.052
2.982
2.964
2.903
2.885
2.826
2.802
2.751
2.735
2.692
2.667
2.615
2.598
2.564
2.549
2.508
2.483
2.449
2.433
2.401
2.383
2.324
2.316
2.289
2.31
2.326
2.352
2.369
2.395
2.378
2.367
2.343
2.326
2.303
2.285
2.268
2.259
2.233
2.225
2.199
2.191
2.172
2.164
2.146
2.137
2.11
2.101
2.084
2.084
2.056
2.057
2.04
2.031
2.014
2.013
1.996
1.987
1.97
1.97
1.952
1.945
1.935
1.927
1.919
1.773
1.721
1.721
1.711
1.702
1.702
1.717
1.706
1.697
1.689
1.689
1.681
1.681
1.664
1.664
1.655
1.649
1.647
1.647
1.639
1.63
1.622
1.622
1.614
1.614
1.605
1.605
1.605
1.605
1.597
1.593
1.589
1.589
1.58
1.581
1.573
1.581
1.573
1.573
1.565
1.565
1.565
1.565
1.566
1.563
1.555
1.561
1.557
1.562
1.554
1.562
1.556
1.548
1.539
1.539
1.539
1.548
1.556
1.564
1.554
1.565
1.555
1.561
1.556
1.562
1.559
1.559
1.557
1.566
1.566
1.566
1.566
1.574
1.574
1.573
1.574
1.582
1.582
1.591
1.591
1.599
1.599
1.599
1.599
1.607
6.28017 13.0011 0.227739
