1 361
1.834
1.816
1.807
1.792
1.781
1.764
1.585
1.542
1.534
1.518
1.516
1.523
1.523
1.505
1.505
1.488
1.488
1.479
1.47
1.462
1.454
1.444
1.436
1.428
1.428
1.41
1.411
1.402
1.393
1.385
1.385
1.377
1.369
1.36
1.359
1.351
1.351
1.342
1.343
1.334
1.334
1.325
1.325
1.316
1.316
1.307
1.307
1.298
1.298
1.289
1.289
1.281
1.282
1.282
1.274
1.273
1.273
1.264
1.265
1.265
1.256
1.256
1.256
1.247
1.256
1.247
1.247
1.238
1.238
1.238
1.238
1.238
1.236
1.23
1.24
1.231
1.234
1.23
1.234
1.23
1.236
1.226
1.233
1.225
1.216
1.207
1.216
1.216
1.225
1.231
1.233
1.23
1.235
1.224
1.231
1.231
1.239
1.23
1.239
1.238
1.238
1.238
1.247
1.246
1.247
1.247
1.256
1.256
1.256
1.256
1.254
1.256
1.265
1.265
1.265
1.273
1.274
1.274
1.283
1.283
1.291
1.291
1.3
1.3
1.3
1.3
1.309
1.311
1.318
1.327
1.327
1.327
1.335
1.345
1.353
1.353
1.362
1.362
1.371
1.38
1.38
1.389
1.396
1.397
1.406
1.415
1.423
1.423
1.44
1.44
1.457
1.458
1.474
1.474
1.492
1.492
1.508
1.508
1.523
1.532
1.54
1.548
1.565
1.573
1.582
1.6
1.602
1.594
1.609
1.617
1.634
1.814
1.875
1.882
1.901
1.916
1.932
1.958
1.975
1.992
2.01
2.027
2.054
2.061
2.098
2.106
2.141
2.159
2.176
2.203
2.228
2.253
2.28
2.304
2.336
2.361
2.404
2.422
2.424
2.398
2.399
2.381
2.373
2.357
2.362
2.396
2.474
2.516
2.557
2.583
2.64
2.675
2.724
2.769
2.824
2.866
2.92
2.979
3.04
3.102
3.169
3.234
3.303
3.369
3.457
3.531
3.623
3.715
3.81
3.909
4.023
4.146
4.229
4.88
5.071
5.198
5.197
5.179
5.17
5.409
5.605
5.636
5.607
5.571
5.554
5.519
5.493
5.459
5.443
5.41
5.391
5.368
5.37
5.404
5.462
5.504
5.557
5.601
5.653
5.706
5.761
8.187
8.191
8.191
8.191
8.183
8.183
8.183
8.183
8.183
8.183
8.183
8.183
8.183
8.183
8.183
8.183
8.183
8.183
8.183
8.187
8.187
8.183
8.183
8.183
8.183
8.183
8.183
8.183
8.183
8.145
7.821
7.55
7.289
7.038
6.784
6.573
6.376
6.196
6.009
5.792
5.798
5.827
5.834
5.68
5.546
5.404
5.327
8.013
7.978
3.886
3.824
3.791
3.776
3.754
3.739
3.738
3.729
3.731
3.751
3.767
3.757
3.683
3.631
3.572
3.523
3.462
3.418
3.362
3.315
3.272
3.231
3.181
3.139
3.095
3.058
3.013
2.97
2.935
2.888
2.853
2.803
2.771
2.724
2.689
2.643
2.616
2.58
2.538
2.502
2.464
2.435
2.41
2.379
2.355
2.342
2.317
2.295
2.271
2.255
2.231
7.4351 3.9393 1.09351
