1 361
1.461
1.478
1.487
1.504
1.504
1.52
1.527
1.544
1.55
1.567
1.567
1.59
1.588
1.614
1.622
1.646
1.646
1.672
1.68
1.705
1.713
1.739
1.747
1.773
1.782
1.816
1.816
1.851
1.859
1.893
1.902
1.936
1.945
1.987
1.996
2.04
2.047
2.091
2.1
2.143
2.151
2.203
2.212
2.273
2.281
2.339
2.348
2.414
2.432
2.495
2.504
2.579
2.585
2.672
2.69
2.767
2.791
2.882
2.9
2.997
3.023
3.127
3.153
3.272
3.303
3.427
3.46
3.529
3.52
3.511
3.493
3.485
3.476
3.469
3.46
3.452
3.453
3.436
3.428
3.419
3.419
3.411
3.403
3.395
3.395
3.386
3.386
1.131
1.057
1.065
1.076
1.062
1.066
1.075
1.057
3.352
3.35
1.074
1.244
1.643
1.593
2.189
2.535
3.337
3.336
3.344
3.336
3.337
3.337
3.345
3.346
3.353
3.345
3.361
3.354
3.361
3.353
3.369
3.369
3.369
3.369
3.386
3.387
3.395
3.386
3.403
3.403
3.411
3.419
3.428
3.428
3.443
3.444
3.461
3.46
3.476
3.477
3.494
3.503
3.512
3.521
3.529
3.538
3.556
3.564
3.572
3.581
3.599
3.608
3.626
3.634
3.651
3.659
3.676
3.685
3.71
3.719
3.744
3.753
3.778
3.726
2.913
2.912
3.849
3.857
3.893
3.892
3.841
3.846
3.882
3.891
3.925
3.936
3.921
3.946
3.988
4.003
4.027
4.036
4.05
4.056
4.116
4.141
4.18
4.19
4.243
4.26
4.362
4.37
4.42
4.414
4.345
4.335
4.269
4.26
4.2
4.177
4.384
4.616
4.577
4.562
4.599
4.627
4.694
4.725
4.726
4.721
1.763
1.763
1.737
1.733
1.769
5.027
5.713
5.748
5.851
5.86
6
6.04
6.166
3.617
6.33
6.368
3.566
3.542
6.709
6.76
6.915
6.602
6.438
6.432
5.654
5.633
5.599
5.582
5.546
5.538
5.494
5.494
5.453
5.444
5.402
5.086
5.025
5.01
4.987
4.974
4.91
4.922
4.918
5.127
5.244
5.236
5.205
5.204
4.4
4.336
4.322
4.351
5.112
5.121
4.648
4.653
4.626
4.627
4.604
4.594
4.567
4.553
4.521
4.528
4.58
4.716
7.721
7.713
7.704
7.713
7.697
7.695
7.688
7.688
7.679
7.68
7.67
7.68
7.677
7.68
7.525
7.376
7.363
7.358
7.353
7.357
7.236
7.504
7.615
7.621
7.632
7.641
7.647
7.646
7.665
7.664
7.68
7.685
7.695
7.709
7.37
7.837
7.855
7.871
7.889
7.896
7.923
7.931
7.518
6.982
6.803
6.534
6.268
5.945
5.784
5.788
5.811
5.828
5.646
5.434
4.969
4.906
4.868
4.874
4.892
4.899
4.927
4.936
4.733
4.701
4.956
4.856
3.493
3.433
3.353
3.311
3.232
3.217
3.14
3.109
3.118
3.068
2.947
2.929
2.86
2.601
2.457
2.425
2.367
2.358
2.325
2.317
2.295
2.287
2.48963 9.05466 2.81722
