1 361
2.965
2.956
2.949
2.939
2.93
2.92
2.912
2.903
2.895
2.886
2.877
2.869
2.869
2.851
2.842
2.833
2.833
2.825
2.816
2.816
2.808
2.8
2.8
2.8
2.791
2.791
2.783
2.783
2.773
2.774
2.765
2.766
2.765
2.757
2.757
2.758
2.757
2.759
2.75
2.751
2.743
2.743
2.744
2.746
2.746
2.744
2.746
2.744
2.745
2.752
2.743
2.751
2.751
2.758
2.749
2.766
2.757
2.765
2.766
2.774
2.774
2.783
2.773
2.791
2.783
2.8
2.791
2.808
2.8
2.86
2.832
3.882
3.883
3.9
3.9
3.927
3.918
3.936
3.936
3.963
3.954
3.981
3.972
3.999
3.999
4.025
4.025
4.052
4.043
4.078
4.077
4.111
4.102
4.136
4.128
4.169
4.169
4.202
4.201
4.235
4.235
4.274
4.274
4.314
4.314
4.365
4.356
4.408
4.408
4.451
4.45
4.501
4.492
4.543
4.542
4.593
4.602
4.661
4.662
4.722
4.722
4.784
4.774
4.856
4.846
4.915
4.915
4.991
4.992
5.067
5.074
5.149
5.14
5.231
5.233
5.326
5.318
5.412
5.412
5.514
5.513
5.618
5.618
5.733
5.733
5.846
5.845
5.981
5.98
6.112
6.111
6.251
6.241
6.386
6.387
6.534
6.543
6.591
6.59
6.519
6.519
6.448
6.447
6.38
6.381
5.597
5.6
5.503
5.51
5.437
5.448
5.402
5.394
5.596
5.605
6.033
6.026
5.976
5.984
5.869
5.876
5.214
5.211
5.187
5.195
5.374
5.376
5.78
5.781
5.746
5.746
5.173
5.176
5.153
5.153
5.134
5.122
5.109
5.11
5.067
5.076
5.025
5.041
4.941
4.95
4.574
4.584
4.365
4.364
4.357
4.358
4.341
4.341
4.334
4.332
4.324
4.324
4.317
4.317
4.308
4.317
4.307
4.306
4.301
4.307
4.3
4.299
4.299
4.308
4.299
4.308
4.307
4.306
4.306
4.315
4.315
4.314
4.321
4.331
4.334
4.343
4.342
4.351
4.354
4.362
4.369
4.378
4.388
4.388
4.404
4.414
4.423
4.433
4.439
4.454
4.461
4.47
4.484
4.492
4.508
4.508
4.529
4.539
4.56
4.569
4.584
4.594
4.612
4.621
4.637
4.654
4.678
4.68
4.703
4.711
6
6.007
6.047
6.066
6.108
6.116
6.157
6.165
6.219
6.227
6.279
6.295
6.345
6.354
6.413
6.422
6.482
6.491
6.562
6.571
6.643
6.642
6.72
6.729
6.805
6.815
6.889
6.905
6.987
7.004
7.089
7.099
7.193
7.212
7.313
7.321
7.408
7.412
7.265
7.269
7.14
7.133
7.024
7.024
6.91
6.909
6.797
6.79
4.211
4.217
4.151
4.16
4.101
4.101
4.05
4.041
3.991
4
3.947
3.948
3.895
3.903
3.859
3.86
3.815
3.816
3.782
3.782
3.74
3.74
3.698
3.699
3.663
3.673
3.631
3.639
3.609
3.608
3.579
3.581
3.548
3.557
3.524
3.531
3.498
3.506
11.5277 5.62771 6.04584
