1 361
6.761
6.761
6.762
6.767
6.765
6.769
6.766
6.778
6.777
6.782
6.778
6.791
6.794
6.803
6.812
6.793
6.793
6.873
6.851
6.84
6.85
6.862
6.862
6.883
6.884
6.909
6.913
6.932
6.943
6.959
6.973
6.997
6.995
7.021
7.039
7.066
7.077
7.24
7.256
7.115
7.016
6.901
6.913
7.021
6.974
6.944
6.241
5.932
5.853
5.693
5.629
5.476
5.419
5.277
5.226
5.09
5.041
4.922
4.874
4.768
4.721
4.627
4.581
4.485
4.455
4.365
4.313
4.223
4.247
4.283
4.308
4.269
4.241
4.159
4.133
4.051
4.025
3.958
3.941
3.873
3.868
3.798
3.793
3.509
3.478
3.459
3.444
3.392
3.377
3.328
3.312
3.271
3.261
3.214
3.205
3.162
3.154
3.11
3.101
3.067
3.06
3.013
3.004
2.979
2.971
2.934
2.928
2.893
2.885
2.86
2.851
2.815
2.816
2.793
2.782
2.759
2.751
2.727
2.721
2.701
2.693
2.674
2.668
2.649
2.642
2.626
2.617
2.598
2.598
2.574
2.574
2.559
2.559
2.535
2.533
2.517
2.518
2.492
2.493
2.475
2.476
2.459
2.462
2.444
2.444
2.435
2.435
2.426
2.419
2.384
2.386
2.378
2.378
2.471
2.529
2.51
2.521
2.505
2.513
2.496
2.496
2.489
2.488
2.48
2.482
2.481
2.474
2.473
2.474
2.466
2.465
2.465
2.465
2.459
2.459
2.451
2.461
2.453
2.453
2.45
2.455
2.451
2.46
2.453
2.452
2.449
2.457
2.458
2.459
2.458
2.465
2.456
2.464
2.464
2.474
2.47
2.481
2.314
2.321
2.32
2.33
2.352
2.352
2.36
2.36
2.368
2.376
2.376
2.385
2.387
2.393
2.393
2.401
2.409
2.409
2.418
2.426
2.434
2.443
2.442
2.45
2.459
2.467
2.475
2.483
2.492
2.501
2.51
2.525
2.524
2.541
2.549
2.564
2.574
2.581
2.59
2.606
2.614
2.63
2.639
2.647
2.665
2.674
2.687
2.698
2.715
2.726
2.741
2.759
2.777
2.792
2.806
2.823
2.839
2.858
2.883
2.9
2.916
2.933
2.959
2.979
2.994
3.012
3.039
3.064
3.09
3.108
3.133
3.161
3.184
3.217
3.241
3.269
3.271
3.293
3.511
3.578
3.616
3.642
3.692
3.728
3.768
3.804
3.845
3.878
3.924
3.965
4.013
4.06
4.111
4.089
4.054
4.039
4.039
4.117
4.188
4.244
4.301
4.354
4.424
4.469
4.552
4.604
4.685
4.748
4.84
4.901
4.999
5.069
5.176
5.25
5.37
5.448
5.587
5.666
5.812
5.919
6.455
6.543
6.744
6.755
6.738
6.721
6.979
7.102
7.159
7.12
7.057
7.034
6.976
6.945
6.884
6.862
6.835
6.877
6.933
6.97
7.015
7.061
7.113
7.156
8.183
8.183
8.183
8.187
8.183
8.183
8.191
8.183
8.183
8.191
8.187
8.187
8.183
8.187
8.183
8.183
8.183
8.183
8.183
8.183
6.19749 2.72524 0.171348
