1 361
5.561
5.515
5.459
5.408
5.339
5.297
5.238
5.245
5.038
4.991
4.946
4.917
4.887
4.862
4.832
4.858
5.193
5.166
5.164
5.193
4.933
4.885
4.867
4.816
4.728
4.691
4.645
4.649
4.626
4.695
4.83
5.034
5.164
5.213
4.751
4.126
4.109
4.084
4.074
4.057
4.032
4.022
4.006
3.988
3.98
3.962
3.952
3.937
3.927
3.91
3.892
3.897
3.879
3.87
3.86
3.852
3.844
3.828
3.828
3.81
3.801
3.801
3.792
3.786
3.776
3.767
3.76
3.75
3.756
3.742
3.742
3.736
3.732
3.726
3.726
3.717
3.719
3.719
3.712
3.713
3.704
3.713
3.704
3.711
3.707
3.699
3.7
3.708
3.708
3.708
3.705
3.712
3.713
3.711
3.715
3.721
3.719
3.723
3.729
3.732
3.731
3.732
3.74
3.739
3.738
3.747
3.755
3.763
3.764
3.772
3.779
3.784
3.785
3.825
4.978
4.996
5.002
5.013
5.029
5.036
5.053
5.069
5.077
5.094
5.102
5.119
5.134
5.151
5.168
5.185
5.2
5.217
5.243
5.259
5.276
5.302
5.319
5.337
5.362
5.387
5.405
5.421
5.447
5.471
5.498
5.524
5.557
5.584
5.609
5.637
5.672
5.699
5.726
5.76
5.788
5.821
5.856
5.89
5.933
5.966
5.998
6.039
6.08
6.122
6.155
6.2
6.244
6.181
6.115
6.051
5.982
5.928
5.87
5.809
5.758
3.008
2.993
2.967
2.939
2.914
2.899
2.864
2.848
2.822
2.807
2.78
2.764
2.748
2.731
2.704
2.686
2.678
2.66
2.635
2.626
2.608
2.591
2.574
2.559
2.551
2.534
2.518
2.509
2.493
2.477
2.469
2.46
2.443
2.435
2.427
2.41
2.401
2.393
2.384
2.367
2.359
2.35
2.341
2.334
2.325
2.317
2.308
2.3
2.3
2.283
2.283
2.274
2.265
2.265
2.256
2.248
2.239
2.23
2.239
2.23
2.222
2.221
2.212
2.203
2.203
2.203
2.194
2.193
2.185
2.185
2.176
2.176
2.168
2.177
2.848
2.861
2.885
2.946
2.987
3.079
3.418
3.421
3.436
3.418
3.467
3.543
3.869
3.975
3.974
3.762
3.956
3.975
3.966
3.476
3.222
3.214
3.216
3.217
3.216
3.166
3.225
3.747
3.923
3.903
3.448
3.3
3.257
3.253
3.666
3.504
3.372
3.236
3.225
3.229
3.244
3.242
3.258
3.261
3.848
3.726
3.601
3.487
3.379
3.264
3.182
3.183
3.191
3.201
3.208
3.217
3.225
3.234
3.243
3.251
3.26
3.277
3.622
3.581
3.533
3.488
3.437
3.406
3.366
3.323
3.333
7.905
7.937
7.973
8.015
8.042
8.078
8.12
8.161
8.183
8.183
8.183
8.183
8.183
8.183
4.927
4.868
4.841
4.805
4.701
4.686
4.67
4.656
4.634
4.628
4.613
4.594
4.576
4.56
4.557
4.545
4.532
4.714
5.332
5.375
5.417
5.459
5.513
5.564
5.607
5.66
5.714
12.295 6.08102 0.938053
