1 361
2.363
2.379
2.38
2.397
2.405
2.413
2.414
2.429
2.437
2.444
2.453
2.477
2.477
2.492
2.492
2.516
2.525
2.538
2.547
2.569
2.569
2.526
2.5
2.459
2.443
2.391
2.385
2.332
2.315
2.276
2.268
2.224
2.215
2.172
2.161
2.141
2.154
2.17
2.188
2.203
2.213
2.248
2.247
2.28
2.291
2.315
2.323
2.348
2.365
2.391
2.407
2.432
2.448
2.482
2.497
2.53
2.546
2.58
2.595
2.639
2.657
2.691
2.71
2.75
2.775
2.816
2.842
2.887
2.911
2.956
2.981
3.038
3.1
4.089
4.101
4.26
4.544
4.636
4.689
4.771
4.812
4.906
4.972
5.02
4.999
4.968
4.959
5.085
5.15
5.274
5.337
5.324
5.314
5.281
5.271
5.245
5.235
5.213
5.194
5.176
5.166
5.275
5.365
5.546
5.663
5.868
5.992
6.234
6.378
6.632
6.813
7.122
7.924
7.92
7.9
8.183
8.183
8.183
8.183
8.183
8.183
8.183
8.183
8.183
8.187
8.183
4.722
4.706
4.698
4.681
4.682
4.663
4.664
4.655
4.656
4.639
4.64
4.622
4.622
4.614
4.614
4.605
4.605
4.598
4.598
4.589
4.589
4.581
4.589
4.572
4.581
4.572
4.573
4.572
4.581
4.573
4.581
4.573
4.582
4.581
4.58
4.58
4.581
4.589
4.597
4.596
4.605
4.605
4.613
4.614
4.622
4.671
4.582
4.429
4.335
4.181
4.104
3.975
3.897
3.782
3.718
3.604
3.555
3.457
3.4
3.311
3.261
3.177
3.137
3.066
3.023
2.961
2.926
2.856
2.822
2.764
2.73
2.679
2.644
2.594
2.568
2.519
2.495
2.446
2.42
2.378
2.361
2.32
2.305
2.27
2.237
2.219
2.192
2.157
2.139
2.114
2.093
2.067
2.049
2.033
2.016
1.99
1.976
1.946
1.938
1.913
1.896
1.881
1.863
1.847
1.831
1.812
1.804
1.777
1.77
1.746
1.745
1.717
1.7
1.665
1.657
1.64
1.634
1.642
1.667
1.685
1.71
1.728
1.816
1.821
1.888
3.75
3.796
3.85
3.903
3.955
4.006
4.068
4.127
4.173
8.183
8.183
8.183
8.183
8.183
8.183
8.183
8.183
8.183
8.183
8.183
8.183
6.631
6.605
6.58
6.619
6.757
6.92
7.055
7.235
7.398
7.59
7.769
7.996
8.183
8.183
8.183
8.183
8.183
8.183
8.183
8.183
8.183
8.183
8.183
8.183
8.183
8.183
8.183
8.183
8.183
8.183
8.183
8.183
8.183
8.183
8.183
8.183
8.183
8.183
8.183
8.183
8.183
5.799
5.8
5.799
5.8
5.79
5.795
5.79
5.794
5.789
5.798
5.789
5.799
5.791
5.795
5.797
5.805
5.797
5.802
5.809
5.809
5.809
5.826
5.826
5.832
5.78
5.521
5.254
4.999
4.793
4.569
4.28
4.109
3.943
3.804
3.666
3.53
3.404
3.297
3.194
2.545
2.422
2.352
2.353
2.369
2.42
2.523
2.479
2.416
-0.370029 13.5354 3.05415
