1 361
1.181
1.183
1.186
1.188
1.183
1.184
1.188
1.19
1.192
1.184
1.184
1.182
1.19
1.188
1.182
1.182
1.185
1.184
1.189
1.189
1.187
1.186
1.195
1.195
1.194
1.194
1.202
1.194
1.202
1.202
1.212
1.212
1.212
1.212
1.221
1.221
1.221
1.221
1.221
1.228
1.228
1.229
1.238
1.246
1.246
1.246
1.256
1.256
1.256
1.256
1.265
1.273
1.273
1.273
1.283
1.283
1.29
1.298
1.298
1.316
1.326
1.326
1.334
1.343
1.352
1.343
1.361
1.361
1.37
1.378
1.387
1.387
1.396
1.405
1.413
1.421
1.431
1.43
1.447
1.455
1.464
1.464
1.481
1.489
1.497
1.507
1.515
1.523
1.539
1.548
1.565
1.565
1.59
1.59
1.606
1.615
1.638
1.648
1.654
1.672
1.687
1.705
1.722
1.739
1.756
1.765
1.791
1.798
1.824
1.833
1.857
1.876
1.902
1.908
1.943
1.961
1.984
2
2.035
2.053
2.078
2.096
2.131
2.148
2.192
2.209
2.244
2.27
2.311
2.337
2.385
2.402
2.462
2.485
2.543
2.567
2.626
2.656
2.724
2.749
2.817
2.859
2.926
2.97
3.041
3.085
3.161
3.213
3.304
3.362
3.459
3.517
3.628
3.737
5.151
5.135
5.118
5.102
5.095
5.077
5.069
5.059
5.053
5.035
5.027
5.01
5.002
4.994
4.985
4.979
4.967
4.959
4.96
4.943
4.943
4.935
4.935
4.727
4.54
4.579
4.731
4.672
3.876
3.867
3.871
3.862
3.872
3.864
3.864
3.865
3.865
3.856
3.865
3.864
3.864
3.862
3.871
3.87
3.871
3.868
3.876
3.876
3.883
3.884
3.893
3.892
3.902
3.9
3.917
3.919
3.927
3.926
3.935
3.934
3.95
3.952
3.969
3.968
3.976
3.986
4.004
3.994
4.021
4.022
4.038
4.038
4.055
4.064
4.079
4.081
4.106
4.114
4.14
4.151
5.264
5.276
5.301
5.308
5.343
5.353
5.379
5.386
5.421
5.438
5.471
5.478
5.521
5.53
5.574
5.581
5.625
5.644
5.679
5.696
5.741
5.759
5.802
5.819
5.87
5.887
5.937
5.954
6.003
6.035
6.086
6.111
6.17
6.196
6.256
6.283
6.351
6.366
6.443
6.47
6.542
6.575
6.647
6.681
6.749
6.785
6.867
6.899
6.992
7.024
7.11
7.153
7.252
7.292
7.39
7.442
7.537
7.592
7.699
7.748
7.855
7.914
7.999
7.968
7.896
7.856
7.797
7.767
6.97
6.882
6.821
6.788
6.721
6.747
6.904
6.841
6.666
6.615
6.53
6.642
6.513
6.498
6.471
6.496
6.677
6.696
6.525
6.411
6.381
6.338
6.265
6.209
6.184
6.317
6.551
6.718
6.144
6.125
5.531
5.521
5.495
5.487
5.462
5.454
5.436
5.419
5.402
5.394
5.378
5.37
5.354
5.354
5.337
5.328
5.319
5.311
5.294
5.295
5.278
5.277
5.268
5.26
5.254
5.264
5.247
5.248
5.242
11.2988 7.24066 4.50905
