1 361
2.36
2.34
2.324
2.316
2.302
2.287
2.288
2.277
2.249
2.245
2.234
2.251
2.248
2.225
2.227
2.208
2.211
2.197
2.212
2.205
2.214
2.196
2.221
2.2
2.221
2.186
2.184
2.166
2.168
2.151
2.152
2.146
2.147
2.139
2.145
2.159
2.322
2.433
2.521
2.526
1.984
1.961
1.953
1.954
1.944
1.936
1.937
1.928
1.928
1.919
1.919
1.911
1.919
1.912
1.911
1.903
1.904
1.896
1.903
1.896
1.938
2.09
2.34
2.536
2.78
2.776
2.727
2.599
2.426
2.319
2.192
2.097
1.992
1.828
1.843
1.844
1.876
6.071
6.073
6.071
6.08
6.077
6.085
6.086
6.093
6.101
6.109
6.11
6.082
5.959
6.004
6.005
6.02
6.021
6.036
6.036
6.061
6.063
6.077
6.086
6.103
6.104
6.127
6.137
6.155
6.162
6.187
6.194
6.224
6.229
6.247
6.256
6.288
6.298
6.325
6.335
6.374
6.383
6.417
6.424
3.218
3.178
3.117
3.11
2.996
2.974
2.957
2.938
2.923
2.905
2.896
2.878
2.861
2.852
2.836
2.818
2.812
2.794
2.787
2.778
2.769
2.761
2.744
2.736
2.728
2.779
3.463
3.471
3.505
3.515
3.558
3.565
3.601
3.609
3.651
3.661
3.71
3.728
3.768
3.787
3.83
3.846
3.892
3.909
1.846
1.829
1.812
1.795
1.787
1.769
1.752
1.734
1.726
1.708
1.692
1.683
1.667
1.658
1.641
1.633
1.625
1.608
1.6
1.591
1.576
1.566
1.56
1.551
1.543
1.535
1.526
1.51
1.511
1.502
1.494
1.485
1.477
1.469
1.46
1.452
1.443
1.442
1.435
1.426
1.426
1.418
1.41
1.401
1.4
1.392
1.384
1.384
1.375
1.365
1.365
1.365
1.356
1.356
1.349
1.349
1.348
1.339
1.339
1.331
1.331
1.323
1.322
1.323
1.323
1.314
1.314
1.305
1.304
1.305
1.305
1.295
1.304
1.295
1.295
1.295
1.295
1.287
1.288
1.287
1.285
1.284
1.285
1.287
1.283
1.284
1.287
1.281
1.29
1.283
1.291
1.281
1.288
1.286
1.283
1.281
1.287
1.286
1.291
1.282
1.288
1.288
1.296
1.286
1.294
1.294
1.303
1.294
1.303
1.302
1.302
1.302
1.31
1.31
1.319
1.319
1.319
1.317
1.328
1.326
1.326
1.335
1.335
1.335
1.344
1.344
1.352
1.352
1.361
1.361
1.37
1.37
1.378
1.379
1.388
1.388
1.395
1.395
1.413
1.413
1.421
1.413
1.43
1.43
1.448
1.447
1.456
1.455
1.472
1.472
1.489
1.489
1.506
1.505
1.522
1.521
1.538
1.539
1.555
1.555
1.57
1.57
1.587
1.596
1.612
1.612
1.628
1.637
1.654
1.662
1.687
1.687
1.704
1.711
1.728
1.737
1.763
1.755
1.79
1.79
1.824
1.825
1.85
1.859
1.892
1.9
1.925
1.924
1.961
1.967
2.002
2.011
2.047
2.057
2.092
2.101
2.144
2.57678 1.22002 0.996932
