1 361
1.085
1.093
1.09
1.092
1.09
1.082
1.073
1.073
1.064
1.073
1.073
1.097
1.09
1.093
1.088
1.09
1.088
1.093
1.084
1.1
1.091
1.099
1.098
1.107
1.098
1.107
1.107
1.106
1.106
1.114
1.115
1.117
1.117
1.124
1.124
1.123
1.124
1.133
1.133
1.133
1.132
1.142
1.141
1.149
1.15
1.157
1.158
1.158
1.156
1.165
1.165
1.171
1.18
1.184
1.183
1.192
1.193
1.201
1.202
1.209
1.219
1.221
1.221
1.806
1.814
1.832
1.834
1.821
1.825
1.841
1.84
1.854
1.871
4.055
4.07
4.112
4.122
4.154
4.171
4.205
4.221
4.262
4.279
4.321
4.337
4.389
4.407
4.45
4.469
4.509
4.527
4.586
4.603
4.655
4.682
4.734
4.76
4.797
4.799
4.735
4.724
2.611
2.601
2.535
2.535
2.494
2.495
2.464
2.454
2.505
2.526
2.579
2.596
2.641
2.658
2.7
2.716
2.767
2.785
2.834
2.851
2.911
2.928
2.991
3.017
3.07
3.104
3.165
3.2
3.266
3.273
3.241
3.231
3.207
3.208
3.181
3.183
3.157
3.157
3.131
3.132
3.106
3.105
3.089
3.091
3.073
3.071
3.059
3.112
3.21
3.247
3.379
3.425
3.551
3.607
3.785
3.851
4.032
4.108
6.421
6.556
6.593
6.593
6.565
6.565
6.538
6.539
6.521
6.522
6.565
6.749
7.309
7.55
8.183
8.183
8.183
8.183
8.183
8.183
8.183
8.191
8.187
8.183
8.183
8.187
8.191
8.187
8.191
8.191
8.191
6.205
6.204
6.204
6.196
6.187
6.178
6.179
6.17
6.169
6.161
6.169
6.161
6.161
6.169
6.169
6.161
6.169
6.161
6.169
6.169
6.178
6.177
6.187
6.185
6.195
6.194
6.203
6.203
6.221
6.22
6.237
6.238
6.246
6.257
6.268
6.061
5.955
5.744
5.674
5.488
5.405
5.239
5.164
5.008
4.944
4.804
4.748
4.632
4.568
4.452
4.405
4.299
4.261
4.159
4.122
4.027
3.986
3.9
3.862
3.792
3.752
3.672
3.648
3.572
3.552
3.483
3.448
3.383
3.357
3.293
3.248
3.181
3.185
3.21
3.235
3.275
3.337
3.353
3.455
5.053
5.096
5.137
5.169
5.134
5.106
5.146
5.195
5.136
5.098
5.149
5.217
5.267
5.314
5.362
5.41
5.47
5.514
5.567
8.183
8.183
8.183
8.183
8.183
8.183
8.183
8.183
8.183
8.183
8.183
8.183
8.183
8.183
8.183
8.183
8.183
7.844
7.814
7.894
7.983
8.128
8.183
8.183
8.183
8.183
8.183
8.183
8.183
8.183
8.183
8.183
8.183
8.183
8.183
8.183
2.03
2.013
2.014
1.996
1.993
2.012
2.005
1.997
1.997
1.988
1.984
1.98
1.978
1.97
1.962
1.961
1.963
1.955
1.945
1.946
1.937
1.937
1.938
1.931
1.93
1.922
1.922
1.922
1.923
1.915
1.915
1.916
1.907
1.91
1.909
1.903
1.905
1.35451 13.0371 2.59441
