1 361
3.977
4.028
4.045
4.084
4.091
4.4
4.408
4.471
4.489
4.566
4.582
4.659
4.669
4.756
4.762
4.858
4.877
4.869
4.851
4.82
4.817
4.941
4.976
5.067
5.091
5.164
5.142
5.101
5.084
5.049
5.032
4.993
4.976
4.939
4.931
4.943
4.985
5.1
5.147
5.28
5.328
5.467
5.517
5.676
5.726
5.893
5.95
6.141
6.2
6.415
6.487
6.73
7.17
7.484
7.549
7.533
7.521
7.792
7.922
8.183
8.183
4.274
4.266
4.241
4.233
4.209
4.199
4.183
4.185
4.152
4.152
4.127
4.127
4.11
4.101
4.085
4.077
4.07
4.06
4.051
4.042
4.027
4.027
4.008
4.009
4.002
4.003
3.987
3.986
3.977
3.976
3.968
3.969
3.959
3.959
3.951
3.942
3.941
3.941
3.932
3.931
3.922
3.933
3.924
3.924
3.924
3.923
3.924
3.922
3.923
3.925
3.843
3.784
3.546
3.481
3.229
3.171
2.957
2.911
2.744
2.707
2.528
2.496
2.357
2.331
2.225
2.197
2.099
2.093
1.998
1.981
1.887
1.88
1.796
1.789
1.721
1.713
1.653
1.641
1.578
1.579
1.523
1.514
1.465
1.46
1.414
1.407
1.366
1.366
1.322
1.323
1.288
1.283
1.244
1.244
1.21
1.219
1.175
1.184
1.147
1.149
1.123
1.124
1.089
1.097
1.063
1.064
1.039
1.039
1.015
1.016
0.991
1
0.975
0.976
0.953
0.958
0.937
0.936
0.921
0.928
0.905
0.904
0.887
0.897
0.871
0.879
0.862
0.862
0.844
0.845
0.82
0.807
0.779
0.779
0.771
0.771
0.763
0.763
0.755
0.755
0.757
0.764
0.771
0.779
0.787
0.796
0.812
0.82
0.838
0.846
0.939
0.94
0.948
0.983
0.996
3.194
3.25
3.291
8.183
8.183
8.183
8.183
8.183
8.183
8.183
8.183
8.183
8.183
8.183
8.183
5.775
5.776
5.74
5.735
5.896
5.988
6.205
6.313
6.56
6.665
6.947
7.089
7.431
7.579
7.906
8.087
8.183
8.183
8.183
8.183
8.183
8.183
8.183
8.183
8.183
8.183
8.155
8.158
8.144
8.134
8.115
8.128
8.105
8.117
8.097
8.093
8.084
8.089
8.08
8.093
8.08
8.084
8.084
8.08
8.09
8.085
7.284
6.389
5.143
5.136
5.129
5.136
5.144
5.143
5.141
5.152
5.148
5.157
5.168
5.173
5.175
5.183
5.191
5.198
5.206
5.214
5.223
5.235
5.24
5.241
5.266
5.277
5.283
5.29
5.296
5.209
5.015
4.927
4.744
4.667
4.506
4.432
4.286
4.212
4.066
4.005
3.885
3.824
3.723
3.664
3.575
3.524
3.435
3.399
3.318
3.271
3.2
3.159
3.092
3.056
2.994
2.968
2.897
2.862
2.812
2.779
2.729
2.696
2.652
2.627
2.583
2.56
2.517
2.492
2.461
2.319
2.13
2.08
2.089
2.07
2.034
2.032
2.048
2.083
2.191
2.183
2.148
2.131
2.106
2.098
-1.31169 13.412 3.53214
