1 361
0.647
0.655
0.656
0.661
0.661
0.67
0.661
0.677
0.679
0.685
0.686
0.694
0.702
0.703
0.71
0.71
0.717
0.726
0.724
0.733
0.742
0.741
0.749
0.767
0.765
0.773
0.773
0.781
0.788
0.797
0.804
0.814
0.822
0.83
0.838
0.848
0.856
0.864
0.864
0.883
0.89
0.897
0.907
0.925
0.93
0.939
0.948
0.956
0.973
0.989
0.997
1.014
1.03
1.037
1.053
1.071
1.082
1.105
1.114
1.127
1.203
1.25
1.243
1.249
1.263
1.281
1.297
1.305
1.322
1.338
1.354
5.02
4.882
4.887
4.86
4.834
4.807
4.781
4.755
4.728
4.703
4.685
4.659
4.633
4.61
4.592
4.566
4.548
4.532
4.505
4.491
4.472
4.456
4.438
4.429
4.402
4.395
4.377
4.362
4.343
4.334
4.317
4.3
4.287
4.277
4.261
4.252
4.244
4.228
4.22
4.212
4.202
4.195
4.179
4.178
4.171
4.162
4.154
4.132
4.126
4.212
4.264
4.259
4.25
4.249
4.25
4.242
4.234
4.233
4.227
4.226
4.228
4.219
4.211
4.212
4.213
4.215
4.208
4.204
4.204
4.2
4.202
4.205
4.206
4.212
4.164
4.053
4.061
4.074
4.073
4.08
4.08
4.088
4.088
4.097
4.096
4.105
4.106
4.116
4.121
4.129
4.127
4.145
4.146
4.153
4.161
4.161
4.17
4.187
4.188
4.204
4.212
4.229
4.229
4.246
4.254
4.27
4.27
4.294
4.302
4.318
4.327
4.343
4.362
4.378
4.386
4.403
4.421
4.438
4.456
4.473
4.49
4.507
4.515
4.541
4.557
4.582
4.599
4.609
4.63
4.827
4.852
4.875
1.307
1.284
1.266
1.24
1.231
1.213
1.204
1.185
1.183
1.19
1.173
1.163
1.163
1.167
1.149
1.084
1.067
1.058
1.049
1.051
1.049
1.05
1.041
1.041
1.042
1.034
1.034
1.035
1.025
1.027
1.026
1.026
1.027
1.018
1.017
1.017
1.008
1.009
1.01
1.009
1.009
1.009
1.011
1.011
1.004
1.005
1.007
1.003
1.007
1.001
1.005
1.002
0.999
1.001
1
1.004
0.999
0.995
1
1.007
1.003
1.005
1.003
1.01
1.009
1.01
1.009
1.008
1.009
1.008
1.008
1.017
1.016
1.018
1.017
1.016
1.024
1.025
1.023
1.071
1.033
2.883
2.943
3.042
3.113
3.214
3.298
3.43
3.515
3.66
3.762
3.926
4.046
4.218
4.36
4.578
4.751
2.145
2.179
4.897
4.89
4.882
2.753
2.433
2.305
2.226
2.218
2.217
2.217
2.211
2.253
2.264
2.557
2.658
2.674
2.903
2.896
2.896
2.902
2.91
2.929
2.594
2.602
2.556
2.562
2.561
2.588
2.601
2.57
2.694
2.705
2.668
2.653
2.619
2.631
2.617
2.613
2.202
2.126
2.022
2.006
2.004
1.992
1.98
1.99
1.999
1.998
1.571
1.545
1.517
1.521
1.521
1.525
1.52
1.52
1.519
1.522
1.522
4.28882 2.3982 0.430372
