1 361
6.075
6.09
6.116
6.142
6.167
6.194
6.22
6.245
6.263
6.289
6.323
5.564
5.429
5.356
5.28
5.183
5.105
4.951
4.887
4.642
4.542
4.48
4.429
4.387
4.354
4.55
4.73
4.747
4.698
4.479
4.1
3.991
3.935
3.891
3.857
3.819
3.837
4.035
3.445
3.393
3.358
3.327
3.294
3.269
3.235
3.202
3.177
3.153
3.126
3.1
3.075
3.047
3.021
2.998
2.981
2.956
2.937
2.913
2.893
2.87
2.852
2.826
2.812
2.795
2.779
2.762
2.745
2.727
2.71
2.692
2.684
2.667
2.656
2.647
2.631
2.615
2.604
2.588
2.581
2.562
2.56
2.547
2.529
2.526
2.512
2.503
2.494
2.48
2.476
2.464
2.453
2.446
2.441
2.435
2.421
2.416
2.406
2.404
2.398
2.391
2.38
2.372
2.367
2.362
2.355
2.346
2.346
2.336
2.332
2.329
2.328
2.318
2.318
2.31
2.317
2.31
2.303
2.303
2.292
2.292
2.284
2.289
2.285
2.283
2.281
2.277
2.272
2.269
2.27
2.267
2.265
2.267
2.268
2.26
2.262
2.262
2.261
2.262
2.261
2.261
2.334
3.409
3.409
3.409
3.416
3.416
3.418
3.426
3.426
3.432
3.432
3.434
3.441
3.441
3.449
3.449
3.46
3.466
3.474
3.474
3.483
3.483
3.5
3.509
3.509
3.516
3.526
3.534
3.544
3.551
3.561
3.569
3.578
3.596
3.604
3.613
3.622
3.631
3.647
3.656
3.674
3.682
3.698
3.707
3.724
3.74
3.758
3.775
3.792
3.81
3.828
3.845
3.852
3.881
3.898
3.907
3.934
3.952
3.978
3.995
4.014
4.03
4.056
4.081
4.099
4.133
4.149
4.182
4.198
4.231
4.255
4.289
4.311
4.345
4.37
4.405
4.438
4.464
4.5
4.532
4.565
4.601
4.643
4.637
4.588
4.543
4.502
4.469
4.435
4.393
4.36
4.319
4.286
4.252
4.218
4.187
4.166
4.131
4.099
4.074
4.048
4.023
3.998
3.972
3.95
3.909
3.893
3.869
3.853
3.827
3.809
3.785
3.767
3.748
3.73
3.708
3.691
3.672
1.544
1.507
1.498
1.491
1.482
1.482
1.474
1.464
1.465
1.457
1.448
1.448
1.439
1.431
1.431
1.422
1.422
1.412
1.413
1.413
1.405
1.396
1.396
1.396
1.387
1.387
1.387
1.379
1.379
1.379
1.37
1.37
1.37
1.361
1.361
1.361
1.361
1.361
1.354
1.354
1.354
1.345
1.345
1.346
1.348
1.35
1.344
1.345
1.347
1.341
1.345
1.347
1.35
1.352
1.343
1.343
1.35
1.349
1.347
1.343
1.35
1.347
1.346
1.344
1.349
1.348
1.345
1.354
1.354
1.352
1.352
1.352
1.352
1.361
1.361
1.361
1.361
1.37
1.37
1.37
1.37
1.379
1.379
1.387
1.387
1.387
1.387
1.396
1.396
1.405
1.405
1.413
1.413
1.422
1.422
1.431
1.431
1.431
1.439
1.448
1.448
1.457
1.465
13.5502 7.38174 0.520143
