1 361
5.093
5.049
5.048
5.034
5.026
5.028
5.033
4.991
4.982
4.656
4.656
4.671
4.67
4.635
4.626
4.59
4.589
4.559
4.557
4.52
4.52
4.496
4.495
4.472
4.471
4.43
4.424
4.407
4.403
4.543
4.568
4.822
4.832
4.806
4.801
8.187
8.187
6.09
6.088
5.443
5.444
7.755
7.756
7.726
7.725
7.701
7.701
7.675
7.666
7.65
7.65
7.28
7.28
7.264
7.262
7.314
7.314
7.51
7.502
7.251
7.251
7.224
7.222
7.481
7.471
7.429
7.447
7.412
7.419
3.947
3.939
4.078
7.571
7.583
7.575
7.591
7.592
1.765
1.774
1.706
1.705
1.661
1.662
1.627
1.634
1.592
1.59
2.149
2.178
2.065
2.067
2.048
2.042
2.054
2.043
2.065
2.054
2.06
2.1
0.848
1.041
0.733
0.749
0.708
0.715
0.683
0.692
0.667
0.667
0.657
0.649
0.637
0.638
0.622
0.632
0.615
0.621
0.606
0.606
0.605
0.589
0.59
0.591
0.58
0.58
0.572
0.575
0.564
0.566
0.558
0.555
0.545
0.543
0.544
0.546
0.57
0.567
0.553
0.564
0.538
0.545
0.529
0.529
0.514
0.521
0.509
0.515
0.491
0.501
0.483
0.491
0.475
0.484
0.475
0.475
0.459
0.466
0.458
0.458
0.462
0.45
0.468
0.468
0.478
0.47
0.487
0.486
0.496
0.489
0.504
0.496
0.522
0.514
0.529
0.52
0.538
0.53
0.555
0.545
0.572
0.563
0.589
0.578
0.625
0.616
0.648
0.638
0.678
0.66
0.705
0.688
0.733
0.722
0.768
0.751
0.802
0.794
0.856
0.849
1.183
1.182
1.187
1.195
1.184
1.182
1.175
1.175
1.166
1.176
1.166
1.167
1.159
1.159
1.151
1.159
1.084
1.131
1.074
1.075
1.075
1.076
1.076
1.076
1.074
1.074
1.074
1.074
1.074
1.074
1.065
1.074
1.074
1.074
1.065
1.065
1.057
1.065
1.065
1.065
1.065
1.057
1.057
1.057
1.048
1.057
1.048
1.048
1.04
1.048
1.04
1.048
1.235
1.226
1.234
1.24
1.238
1.236
1.235
1.237
1.241
1.241
1.239
1.249
1.244
1.246
1.245
1.245
1.25
1.25
1.251
1.251
1.251
1.26
1.254
1.264
1.266
1.266
1.271
1.28
1.086
1.129
1.02
1.029
1.006
1.018
1.005
1.014
1
1.008
1.005
1.006
1.014
1.022
1.029
1.03
1.038
1.037
1.045
1.045
1.062
1.062
1.07
1.07
1.079
1.079
1.095
1.095
1.104
1.112
1.119
1.12
1.128
1.136
1.145
1.155
1.163
1.172
1.18
1.19
1.196
1.206
1.216
1.224
1.231
1.242
1.258
1.267
1.284
1.284
1.3
1.31
1.326
1.336
1.353
1.361
1.378
1.386
1.402
1.412
1.438
1.445
1.47
1.477
1.503
1.51
1.542
1.551
1.593
1.613
1.685
1.691
1.701
1.718
1.743
1.754
1.788
1.788
5.35
5.35
5.311
5.32
2.39695 8.89107 4.90277
