1 361
1.055
1.065
1.056
1.065
1.064
1.074
1.064
1.073
1.073
1.081
1.08
1.08
1.088
1.088
1.088
1.097
1.096
1.104
1.104
1.113
1.112
1.122
1.129
1.129
1.128
1.138
1.137
1.146
1.145
1.155
1.154
1.164
1.163
1.172
1.181
1.19
1.19
1.198
1.198
1.208
1.216
1.224
1.223
1.233
1.241
1.246
1.255
1.266
1.276
1.284
1.291
1.301
1.309
1.318
1.316
1.333
1.341
1.361
1.361
1.369
1.385
1.394
1.402
1.419
1.425
1.442
1.45
1.468
1.486
1.495
1.511
1.526
1.534
1.551
1.566
1.583
1.6
1.625
1.632
1.658
1.673
1.69
1.707
1.733
1.758
1.777
1.794
1.819
1.841
1.87
1.886
1.919
1.945
1.979
1.996
2.03
2.066
2.093
2.127
2.164
2.197
2.241
2.277
2.317
2.359
2.4
2.441
2.491
2.539
2.59
2.651
2.703
2.788
2.855
2.913
2.985
3.055
3.134
3.206
3.288
3.366
3.465
3.556
3.663
3.779
3.907
4.033
4.171
4.311
4.483
4.636
4.815
5.006
5.214
5.435
6.984
6.975
6.959
6.958
6.943
6.934
6.926
6.916
6.91
6.909
6.894
6.893
6.885
6.886
6.844
6.626
6.868
6.798
5.874
5.846
5.839
5.846
5.838
5.846
5.846
5.855
5.846
5.861
5.855
5.862
5.862
5.871
5.872
5.887
5.888
5.897
5.904
5.913
5.912
5.93
5.93
5.937
5.945
5.971
5.969
5.987
5.987
6.003
6.02
6.034
6.044
6.067
6.076
7.139
7.158
7.183
7.191
7.217
7.225
7.258
7.275
7.301
7.32
7.354
7.372
7.398
7.416
7.45
7.477
7.504
7.531
7.565
7.59
7.625
7.652
7.694
7.718
7.759
7.783
7.834
7.86
7.909
7.944
7.993
8.023
8.072
8.105
8.165
8.183
8.183
8.183
8.183
8.183
8.183
8.183
8.183
8.183
8.183
8.183
8.183
8.183
8.183
8.183
8.183
8.183
8.183
8.183
8.183
8.183
8.183
8.183
8.183
8.183
8.162
8.078
8.106
8.183
8.183
8.183
8.183
7.767
7.71
7.701
7.811
7.844
8.092
7.661
7.537
7.478
7.428
7.378
6.564
6.521
6.486
6.441
6.402
6.369
6.336
6.299
6.267
6.234
6.21
6.167
6.143
6.106
6.084
6.051
6.027
5.994
5.977
5.953
5.93
5.906
5.875
5.856
5.837
5.815
5.798
5.785
5.76
5.745
5.718
5.701
5.684
5.674
5.657
5.637
5.628
5.61
5.592
5.584
5.567
5.549
5.541
5.523
5.505
5.497
5.487
5.623
5.995
6.601
6.593
6.602
6.592
6.584
6.575
6.566
6.557
6.549
6.548
6.539
6.531
6.53
6.531
6.522
6.521
6.513
6.513
6.513
6.512
6.504
6.512
6.504
6.511
3.784
3.147
2.877
2.49
2.32
2.063
2.056
6.531
6.541
6.539
6.548
6.548
6.557
6.566
6.576
6.585
6.593
6.603
6.612
6.63
6.63
6.648
11.1373 9.46723 4.82237
