1 361
1.214
1.214
1.214
1.223
1.223
1.231
1.23
1.23
1.24
1.24
1.24
1.248
1.257
1.257
1.257
1.266
1.265
1.273
1.273
1.283
1.283
1.29
1.299
1.308
1.308
1.316
1.315
1.325
1.325
1.334
1.343
1.352
1.352
1.37
1.37
1.377
1.386
1.395
1.404
1.412
1.412
1.429
1.429
1.446
1.446
1.463
1.463
1.487
1.487
1.505
1.505
1.522
1.53
1.547
1.545
1.571
1.578
1.586
1.603
1.62
1.628
1.645
1.652
1.677
1.678
1.695
1.711
1.737
1.745
1.772
1.778
1.795
1.812
1.838
1.845
1.872
1.898
1.914
1.929
1.955
1.981
2.007
2.024
2.057
2.076
2.112
2.128
2.164
2.181
2.226
2.259
2.303
2.327
2.37
2.394
2.442
2.475
2.523
2.556
2.606
2.64
2.702
2.733
2.795
2.835
2.912
2.956
3.028
3.07
3.155
3.207
3.288
3.344
3.442
3.508
3.616
3.69
3.809
3.887
4.02
4.107
4.241
4.35
4.506
4.633
4.811
5.001
6.41
6.4
6.392
6.383
6.359
6.358
6.341
6.342
6.325
6.326
6.31
6.299
6.292
6.292
6.284
6.283
6.153
5.903
6.258
6.239
5.248
5.232
5.224
5.233
5.216
5.225
5.224
5.223
5.214
5.224
5.223
5.233
5.23
5.231
5.231
5.238
5.239
5.248
5.248
5.254
5.256
5.264
5.272
5.281
5.283
5.299
5.298
5.316
5.317
5.331
5.332
5.35
5.358
5.374
5.375
5.389
5.398
5.415
5.426
5.562
6.505
6.531
6.542
6.568
6.585
6.602
6.612
6.639
6.657
6.682
6.7
6.727
6.743
6.776
6.793
6.836
6.852
6.878
6.903
6.944
6.967
7
7.027
7.061
7.095
7.122
7.163
7.196
7.232
7.274
7.309
7.352
7.387
7.431
7.466
7.519
7.553
7.606
7.649
7.71
7.749
7.798
7.846
7.905
7.959
8.009
8.058
8.116
8.183
8.183
8.183
8.183
8.183
8.183
8.183
8.183
8.183
8.183
8.183
8.183
8.183
8.183
7.839
7.704
7.616
7.541
7.565
7.669
7.73
7.996
8.127
7.455
7.231
7.202
7.207
7.331
7.391
7.677
7.238
7.074
7.021
6.983
6.943
6.895
6.203
6.091
6.05
6.024
5.984
5.958
5.933
5.909
5.874
5.849
5.823
5.8
5.773
5.747
5.731
5.704
5.677
5.669
5.633
5.615
5.599
5.58
5.567
5.549
5.533
5.518
5.493
5.492
5.467
5.461
5.444
5.435
5.412
5.407
5.393
5.386
5.369
5.361
5.351
5.346
5.327
5.329
5.314
5.305
5.288
5.287
5.281
5.271
5.264
5.254
5.247
5.239
5.36
6.339
6.379
6.378
6.37
6.37
6.361
6.361
6.362
6.361
6.362
6.362
6.362
6.361
6.36
6.362
6.362
6.372
6.37
6.372
6.379
6.386
6.388
6.396
6.403
6.413
6.42
6.421
6.429
6.439
6.455
6.455
6.473
3.74
3.607
3.458
3.35
3.23
11.2277 8.74891 4.87533
