1 361
1.274
1.265
1.265
1.256
1.255
1.259
1.252
1.31
1.338
1.396
1.4
1.387
1.387
1.385
1.376
1.377
1.376
1.368
1.368
1.359
1.358
1.359
1.359
1.349
1.35
1.35
1.35
1.349
1.35
1.341
1.342
1.341
1.342
1.335
1.343
1.335
1.336
1.335
1.341
1.337
1.341
1.329
1.334
1.339
1.344
1.343
1.339
1.336
1.335
1.334
1.342
1.333
1.342
1.342
1.342
1.341
1.351
4.3
4.287
3.502
3.304
3.244
3.199
3.195
3.214
3.225
3.251
3.26
3.268
3.285
3.301
3.31
3.332
3.351
3.366
3.37
3.515
3.874
3.743
3.599
3.49
3.37
3.092
3.047
3.006
2.936
2.818
2.484
2.431
2.393
2.349
2.312
2.282
2.24
2.216
2.174
2.147
2.12
2.094
2.059
2.04
2.005
1.989
1.953
1.936
1.912
1.887
1.861
1.843
1.819
1.802
1.787
1.769
1.752
1.746
1.758
1.764
1.756
1.836
1.694
1.672
1.646
1.63
1.604
1.597
1.572
1.571
1.576
1.593
1.6
1.638
1.653
1.679
1.675
1.711
1.709
1.733
1.735
1.771
1.777
1.779
1.753
1.742
1.72
1.733
1.715
1.715
1.71
1.705
1.703
1.712
1.698
1.707
1.712
1.717
1.721
1.724
1.72
1.744
1.755
1.776
1.783
1.833
1.858
2.396
2.437
2.493
2.509
2.575
2.601
2.662
2.696
2.756
2.782
2.864
2.89
2.971
3.003
3.099
3.135
3.237
3.268
3.369
3.416
3.523
3.585
3.713
3.768
3.903
3.968
4.123
4.2
4.383
4.467
4.657
4.757
4.984
5.095
5.358
5.495
5.745
7.154
7.203
7.159
7.151
7.141
7.683
7.988
8.183
8.183
8.183
8.183
8.183
8.183
8.183
8.183
8.183
8.183
8.183
8.183
8.183
8.183
8.183
8.183
8.183
8.183
8.183
8.183
8.183
8.183
8.183
8.183
8.183
8.183
8.183
8.183
8.183
8.183
8.183
8.183
8.183
8.183
8.183
8.183
8.183
8.183
8.183
8.183
8.183
8.183
7.863
7.654
7.252
7.237
7.27
7.258
6.508
6.284
6.073
5.946
5.742
5.643
5.447
5.354
5.185
5.106
4.949
4.868
4.724
4.663
4.527
4.439
4.392
4.4
4.428
4.436
4.366
4.31
4.204
4.166
4.06
4.023
3.937
3.883
3.509
3.507
3.449
3.415
3.35
3.317
3.25
3.226
3.166
3.15
3.088
3.063
3.01
2.993
2.932
2.921
2.88
2.855
2.811
2.794
2.752
2.734
2.693
2.684
2.65
2.633
2.589
2.582
2.542
2.533
2.5
2.492
2.458
2.442
2.419
2.41
2.377
2.37
2.344
2.334
2.303
2.303
2.278
2.269
2.244
2.244
2.216
2.209
2.192
2.183
2.16
2.16
2.131
2.134
2.116
2.108
2.1
2.091
2.059
2.041
2.034
2.03
2.072
2.091
2.14
2.16
2.145
2.145
2.126
2.126
2.108
2.109
2.091
2.091
2.075
2.075
2.056
3.74917 13.4153 5.7116
