1 361
1.202
1.209
1.2
1.209
1.207
1.217
1.207
1.216
1.216
1.217
1.216
1.741
1.749
1.749
1.748
1.758
1.757
1.765
1.765
1.774
1.774
1.783
1.783
1.79
1.79
1.795
1.792
1.782
1.782
1.791
1.79
4.677
4.155
3.914
3.878
3.809
3.817
3.844
3.843
3.87
3.879
3.905
3.912
3.939
3.949
3.968
3.983
4.01
4.018
4.045
4.062
4.096
4.105
4.131
4.147
4.18
4.188
4.23
4.245
4.283
4.288
4.247
4.236
4.143
4.142
4.055
4.049
3.973
3.967
2.397
2.381
2.346
2.33
2.297
2.289
2.3
2.306
2.355
2.367
2.4
2.408
2.442
2.452
2.484
2.5
2.533
2.541
2.573
2.591
2.623
2.641
2.686
2.702
2.736
2.763
2.803
2.819
2.871
2.887
2.94
2.958
3.01
3.03
2.996
2.988
2.969
2.961
2.934
2.933
2.909
2.9
2.873
2.873
2.85
2.848
2.824
2.824
2.802
2.8
2.775
2.771
2.832
2.875
2.956
2.966
3.073
3.111
3.202
3.244
3.327
3.388
3.519
3.569
3.69
3.762
3.895
5.889
5.894
6.076
6.287
6.28
6.263
6.254
6.235
6.226
6.212
6.201
6.183
6.177
6.395
6.615
7.055
7.293
7.891
8.057
8.183
8.183
8.183
8.183
8.187
8.183
8.191
8.183
8.183
8.183
8.183
8.187
8.187
8.191
8.191
5.864
5.849
5.85
5.842
5.841
5.833
5.825
5.815
5.814
5.806
5.816
5.807
5.806
5.797
5.807
5.798
5.806
5.798
5.806
5.806
5.805
5.807
5.816
5.816
5.824
5.824
5.831
5.832
5.832
5.841
5.849
5.85
5.857
5.866
5.882
5.882
5.944
5.769
5.676
5.493
5.392
5.232
5.146
4.99
4.903
4.773
4.699
4.579
4.513
4.398
4.347
4.232
4.185
4.091
4.037
3.951
3.9
3.818
3.783
3.707
3.665
3.589
3.556
3.484
3.449
3.385
3.359
3.301
3.269
3.212
3.193
3.132
3.106
3.064
3.037
2.983
2.957
2.883
2.863
2.827
2.851
2.869
2.894
2.943
2.997
3.022
3.029
4.792
4.825
4.818
4.789
4.806
4.843
4.829
4.807
4.788
4.844
4.915
4.959
5.017
5.058
5.115
5.163
5.213
5.265
8.183
8.183
8.183
8.183
8.183
8.183
8.183
8.183
8.183
8.183
8.183
8.183
8.183
8.183
8.183
8.183
7.566
7.553
7.584
7.68
7.829
7.933
8.1
8.183
8.183
8.183
8.183
8.183
8.183
8.183
8.183
8.183
8.183
8.183
8.183
8.183
8.183
8.183
8.183
8.183
8.183
8.183
8.183
8.183
8.183
8.183
8.183
8.183
8.183
8.183
1.806
1.807
1.799
1.799
1.792
1.802
1.81
1.808
1.8
1.801
1.801
1.797
1.793
1.795
1.795
1.791
1.793
1.79
1.79
1.795
1.787
1.791
1.782
1.782
1.774
1.782
1.774
1.791
1.791
1.795
1.786
1.793
1.795
1.793
1.798
1.796
1.00834 13.2121 2.75107
