1 361
1.629
1.646
1.646
1.661
1.653
1.678
1.67
1.687
1.686
1.703
1.703
1.72
1.719
1.736
1.736
1.754
1.753
1.779
1.77
1.796
1.796
1.813
1.812
1.839
1.839
1.863
1.854
1.886
1.887
1.908
1.908
1.936
1.937
1.969
1.96
2.002
1.992
2.028
2.028
2.052
2.051
2.096
2.085
2.131
2.121
2.162
2.162
2.201
2.201
2.243
2.234
2.287
2.276
2.336
2.327
2.377
2.377
2.426
2.427
2.485
2.485
2.542
2.541
2.608
2.6
2.668
2.669
2.753
2.746
4.346
4.345
4.298
4.296
4.256
4.248
4.208
4.207
4.175
4.174
4.134
4.135
4.1
4.094
4.067
4.067
4.033
4.034
3.999
4.008
3.972
3.981
3.946
3.947
3.918
3.929
3.902
3.901
3.875
3.874
3.857
3.857
3.838
3.838
3.813
3.813
3.354
3.351
2.759
2.763
2.706
2.705
2.698
2.697
2.689
2.689
2.689
2.689
2.671
2.671
2.671
2.663
2.663
2.664
2.655
2.664
2.646
2.656
2.646
2.646
2.64
2.649
2.642
2.651
2.643
2.651
2.643
2.651
2.65
2.65
2.647
2.648
2.646
2.655
2.655
2.664
2.664
2.664
2.663
2.672
2.671
2.68
2.68
2.689
2.689
2.689
2.698
2.707
2.707
2.716
2.716
2.716
2.733
2.733
2.742
2.751
2.75
2.758
2.766
2.766
2.784
2.792
2.8
2.801
2.816
2.817
2.833
2.842
2.858
2.858
2.874
2.883
2.902
2.909
4.043
4.051
4.076
4.087
4.112
4.119
4.145
4.153
4.184
4.195
4.219
4.226
4.267
4.275
4.308
4.316
4.357
4.367
4.408
4.425
4.46
4.468
4.513
4.528
4.571
4.578
4.628
4.638
4.688
4.706
4.758
4.767
4.82
4.836
4.898
4.913
4.966
4.991
5.05
5.076
5.141
5.158
5.233
5.25
5.327
5.344
5.419
5.446
5.53
5.556
5.645
5.671
5.76
5.787
5.88
5.905
6.013
6.045
6.163
6.187
6.308
6.333
6.467
6.492
6.634
6.67
6.813
6.84
6.995
7.031
7.018
7.016
6.95
6.943
6.885
6.876
6.818
6.817
6.081
6.043
5.983
5.983
5.926
5.93
5.909
5.974
6.214
6.344
6.503
6.503
6.461
6.449
5.907
5.778
5.722
5.725
5.763
5.874
6.304
6.307
6.283
6.274
5.718
5.705
5.668
5.679
5.655
5.651
5.637
5.638
6.016
6.153
5.525
5.523
5.502
5.515
5.098
4.98
4.93
4.94
4.921
4.922
4.914
4.912
4.906
4.915
4.898
4.906
4.897
4.906
4.899
4.896
4.9
4.9
4.899
4.908
4.9
4.908
4.91
4.917
4.909
4.917
4.918
4.926
4.929
4.936
4.937
4.953
4.958
4.959
4.964
4.981
4.99
4.997
5.005
5.014
5.03
5.043
5.051
5.053
5.071
5.076
5.096
5.106
5.123
5.131
5.145
5.161
5.176
5.186
5.204
5.22
5.251
5.275
5.269
5.286
5.345
6.559
11.2565 5.86013 5.194
