1 361
1.456
1.252
1.247
1.231
1.224
1.219
1.214
1.266
1.282
1.506
1.501
1.507
1.5
1.507
1.506
1.502
1.497
1.467
1.476
1.483
1.478
1.482
1.482
1.616
1.615
1.614
1.621
1.622
1.614
1.622
1.622
1.699
1.697
1.707
1.698
1.707
1.707
1.706
1.714
1.713
1.721
1.713
1.722
1.731
1.731
1.74
1.74
1.749
1.749
1.757
1.758
1.767
1.766
1.774
1.766
1.783
1.783
1.843
1.844
1.852
1.86
1.87
1.878
1.886
1.887
1.895
1.904
1.911
1.92
1.929
1.936
1.946
1.955
1.972
1.981
1.981
1.992
2.003
1.985
1.934
1.92
1.92
1.928
1.936
1.946
1.963
1.974
1.965
1.952
1.919
1.91
1.878
1.884
1.9
1.908
1.954
1.964
1.981
1.999
2.015
2.025
2.05
2.061
2.087
2.095
2.12
2.13
2.157
2.175
2.202
2.212
2.237
2.244
2.271
2.296
2.322
2.331
6.675
6.734
6.819
6.871
6.974
7.042
7.133
7.202
7.313
7.381
7.501
7.573
7.691
7.771
7.905
7.993
8.127
8.183
8.183
8.183
8.183
8.183
8.183
8.183
8.183
8.183
8.183
8.183
4.69
4.682
4.648
4.664
4.771
4.843
4.976
5.045
5.182
5.277
5.432
5.535
5.71
5.817
6.004
6.122
6.335
6.474
6.702
6.851
7.114
7.166
7.146
7.137
7.118
7.111
7.082
7.076
7.067
7.057
7.047
7.04
7.022
7.013
6.997
7
6.976
6.98
6.963
6.97
6.955
6.957
6.937
6.947
6.938
6.937
6.93
6.927
6.929
6.929
6.926
6.927
6.925
6.926
6.923
6.934
6.32
5.563
4.686
4.293
3.975
3.985
3.985
3.986
3.984
3.993
4.005
4.007
4.011
4.018
4.019
4.026
4.036
4.044
4.044
4.05
4.059
4.07
4.078
4.077
4.094
4.101
4.111
4.118
4.126
4.133
4.144
4.16
4.166
4.173
4.191
4.204
4.215
4.191
4.066
4.01
3.897
3.837
3.745
3.682
3.593
3.546
3.471
3.421
3.348
3.306
3.239
3.19
3.123
3.095
3.026
2.991
2.936
2.902
2.85
2.817
2.774
2.741
2.69
2.673
2.621
2.604
2.561
2.537
2.495
2.475
2.439
2.422
2.381
2.364
2.332
2.319
2.29
2.274
2.238
2.222
2.196
2.185
2.153
2.142
2.116
2.109
2.08
2.072
2.045
2.037
2.011
2.002
1.986
1.97
1.953
1.935
1.918
1.91
1.895
1.887
1.869
1.861
1.835
1.835
1.828
1.811
1.8
1.794
1.777
1.77
1.76
1.751
1.733
1.733
1.716
1.717
1.7
1.692
1.692
1.684
1.667
1.658
1.651
1.651
1.642
1.634
1.626
1.625
1.504
1.436
1.426
1.419
1.412
1.407
1.387
1.405
1.403
1.395
1.395
1.387
1.382
1.408
1.478
1.538
1.531
1.531
1.523
1.53
1.525
1.526
1.519
1.511
1.511
1.51
1.502
1.502
1.497
1.495
1.497
1.496
-2.13601 12.6178 4.22688
