1 361
4.452
4.453
4.452
4.446
4.454
4.456
4.465
4.485
4.499
4.526
4.56
4.61
4.646
4.663
4.662
4.665
4.666
4.659
4.661
4.661
4.65
4.653
4.654
4.662
4.653
4.654
4.656
3.906
3.897
2.71
2.709
2.065
2.063
1.999
1.988
1.998
1.991
2.008
1.999
2.009
1.999
2.016
2.006
2.02
2.017
2.021
2.017
2.027
2.029
2.035
2.027
2.045
2.038
2.055
2.046
2.063
2.054
2.073
2.073
2.082
2.082
2.093
2.092
2.11
2.108
2.126
2.118
2.136
2.136
2.153
2.144
2.161
2.163
2.18
2.181
2.197
2.198
2.215
2.214
2.232
2.232
2.25
2.249
2.275
2.275
2.292
2.292
2.325
2.317
2.35
2.342
2.379
2.372
2.341
2.342
2.283
2.283
2.24
2.233
2.188
2.179
2.135
2.138
2.094
2.095
2.048
2.048
2.006
2.015
1.971
1.971
1.932
1.932
1.907
1.897
1.865
1.872
1.841
1.84
1.806
1.814
1.782
1.783
1.755
1.755
1.731
1.73
1.704
1.706
1.688
1.689
1.663
1.663
1.647
1.648
1.623
1.622
1.606
1.606
1.589
1.589
1.565
1.573
1.557
1.557
1.54
1.54
1.524
1.524
1.506
1.507
1.498
1.499
1.482
1.49
1.474
1.473
1.456
1.465
1.448
1.448
1.439
1.44
1.423
1.431
1.423
1.423
1.414
1.414
1.405
1.405
1.397
1.397
1.389
1.388
1.38
1.379
1.371
1.379
1.371
1.37
1.362
1.371
1.363
1.363
1.354
1.362
1.349
1.353
1.354
1.354
1.346
1.347
1.348
1.347
1.34
1.35
1.335
1.344
1.342
1.342
1.342
1.341
1.338
1.348
1.34
1.346
1.339
1.348
1.342
1.341
1.344
1.342
1.339
1.348
1.345
1.344
1.344
1.353
1.353
1.353
1.352
1.353
1.362
1.362
1.362
1.362
1.362
1.37
1.369
1.37
1.378
1.378
1.378
1.387
1.386
1.387
1.396
1.396
1.403
1.403
1.412
1.411
1.421
1.421
1.429
1.429
1.438
1.437
1.446
1.446
1.463
1.463
1.464
1.472
1.48
1.488
1.497
1.505
1.513
1.514
1.522
1.522
1.538
1.537
1.546
1.555
1.564
1.564
1.578
1.587
1.603
1.603
1.619
1.619
1.634
1.634
1.658
1.659
1.677
1.686
1.691
1.708
1.724
1.724
1.75
1.758
1.776
1.785
1.804
1.813
1.826
1.835
1.859
1.869
1.892
1.893
1.926
1.935
1.959
1.968
1.993
2.001
2.037
2.044
1.832
1.841
1.877
1.885
1.92
1.928
1.986
2.054
2.267
2.267
2.324
2.333
2.372
2.386
2.447
2.457
2.52
2.52
2.582
2.6
2.582
2.567
2.521
2.52
2.602
2.646
2.774
2.788
6.081
6.084
6.033
6.034
5.984
5.984
5.941
5.942
5.899
5.901
5.866
5.859
5.824
5.824
5.79
5.79
5.765
5.764
5.73
5.739
5.703
5.704
5.906
5.927
6.184
6.198
6.162
6.163
-3.8058 10.3238 5.94881
