1 361
2.531
2.545
2.554
2.569
2.576
2.586
2.578
2.508
2.49
2.433
2.409
2.357
2.34
2.292
2.275
2.23
2.211
2.169
2.15
2.139
2.142
2.166
2.167
2.202
2.202
2.217
2.227
2.252
2.261
2.285
2.286
2.309
2.317
2.342
2.353
2.387
2.393
2.418
2.425
2.459
2.474
2.508
2.515
2.547
2.555
2.587
2.605
2.639
2.658
2.691
2.709
2.75
2.76
2.801
2.829
2.869
2.887
2.931
2.957
3.858
3.912
3.974
4.008
4.037
4.073
4.455
4.505
4.59
4.622
4.714
4.741
4.833
4.887
4.923
4.911
4.878
4.867
4.975
5.04
5.15
5.228
5.237
5.218
5.193
5.176
5.143
5.135
5.105
5.094
5.07
5.062
5.109
5.188
5.34
5.434
5.614
5.718
5.919
6.045
6.269
6.391
6.651
6.809
7.71
7.792
7.778
7.772
8.183
8.183
8.183
8.183
8.183
8.183
8.183
8.183
8.183
8.183
4.568
4.57
4.552
4.543
4.527
4.527
4.509
4.508
4.494
4.494
4.485
4.477
4.469
4.477
4.46
4.459
4.451
4.451
4.441
4.443
4.434
4.434
4.424
4.426
4.417
4.425
4.408
4.417
4.417
4.418
4.408
4.418
4.408
4.417
4.417
4.417
4.417
4.417
4.425
4.425
4.425
4.433
4.432
4.443
4.442
4.441
4.521
4.438
4.283
4.189
4.037
3.96
3.82
3.753
3.622
3.571
3.452
3.405
3.297
3.25
3.161
3.114
3.027
2.986
2.914
2.879
2.797
2.77
2.703
2.676
2.607
2.589
2.523
2.499
2.451
2.427
2.377
2.351
2.31
2.286
2.242
2.235
2.181
2.173
2.13
2.112
2.076
2.067
2.033
2.015
1.981
1.972
1.94
1.93
1.903
1.886
1.861
1.854
1.818
1.818
1.787
1.785
1.759
1.742
1.724
1.717
1.691
1.684
1.666
1.661
1.635
1.628
1.603
1.604
1.579
1.58
1.564
1.554
1.539
1.5
1.483
1.482
1.466
1.459
1.466
1.482
1.499
1.524
1.539
1.596
1.642
1.678
1.691
3.733
3.784
3.829
3.892
3.945
4.003
8.183
8.183
8.183
8.183
8.183
8.183
8.183
8.183
8.183
8.183
8.183
8.183
6.464
6.43
6.415
6.532
6.647
6.824
6.965
7.164
7.326
7.543
7.723
7.981
8.183
8.183
8.183
8.183
8.183
8.183
8.183
8.183
8.183
8.183
8.183
8.183
8.183
8.183
8.183
8.183
8.183
8.183
8.183
8.183
8.183
8.183
8.183
8.183
8.183
8.183
8.183
8.183
8.183
8.183
5.696
5.684
5.686
5.686
5.693
5.687
5.695
5.679
5.694
5.681
5.692
5.695
5.703
5.708
5.706
5.706
5.715
5.711
5.721
5.728
5.739
5.738
5.746
5.755
5.756
5.475
5.282
5.053
4.884
4.7
4.521
4.282
4.145
4.002
3.888
3.752
3.641
3.533
3.439
3.332
3.251
3.153
3.083
3.007
2.546
2.364
2.364
2.305
2.31
2.32
2.52
-0.571993 13.5459 3.12759
