1 361
2.934
3.03
3.038
3.143
3.14
3.266
3.266
3.387
3.387
3.528
3.529
3.682
3.682
3.817
3.808
3.797
3.789
3.771
3.754
3.745
3.737
3.72
3.711
1.347
1.321
1.339
1.336
1.332
1.329
1.263
1.267
1.347
1.346
3.626
3.626
3.617
3.617
1.851
1.837
3.599
3.591
2.395
2.408
2.838
2.815
3.58
3.58
3.581
3.572
3.581
3.572
3.581
3.572
3.572
3.572
3.573
3.572
3.581
3.573
3.582
3.582
3.581
3.581
3.591
3.59
3.599
3.59
3.599
3.599
3.608
3.608
3.617
3.617
3.634
3.626
3.642
3.642
3.659
3.651
3.668
3.659
3.685
3.685
3.702
3.702
3.72
3.72
3.745
3.737
3.763
3.754
3.789
3.78
3.805
3.805
3.832
3.832
3.858
3.85
3.039
3.029
3.903
3.903
3.938
3.938
3.974
3.974
4.009
4.009
3.963
3.961
3.996
3.997
4.033
4.033
4.055
4.046
4.091
4.091
4.113
4.111
4.142
4.142
4.212
4.212
4.27
4.261
4.315
4.315
4.423
4.423
4.47
4.468
4.375
4.371
4.288
4.28
1.766
1.766
1.775
1.754
4.598
4.586
4.632
4.626
4.715
4.708
4.741
4.731
4.798
4.796
4.888
4.886
4.821
4.819
5.609
5.618
5.731
5.741
3.577
3.613
5.993
6.001
3.51
3.508
6.3
6.3
6.461
6.46
6.636
6.648
6.819
6.822
6.377
6.375
5.564
5.567
5.507
5.505
5.456
5.454
5.408
5.397
5.356
5.355
4.95
4.952
4.92
4.918
4.893
4.894
5.137
5.129
5.146
5.139
5.106
5.108
4.334
4.334
4.196
4.192
4.878
4.878
4.519
4.527
4.493
4.494
4.469
4.471
4.438
4.439
4.375
4.375
4.356
4.365
4.724
4.725
6.323
6.323
7.551
7.551
7.533
7.532
7.524
7.515
7.506
7.508
7.498
7.489
7.489
7.489
7.479
7.48
7.415
7.31
7.175
7.173
7.159
7.158
7.104
7.094
7.405
7.415
7.416
7.421
7.42
7.419
7.43
7.438
7.444
7.445
7.464
7.463
7.399
7.367
7.602
7.611
7.628
7.628
7.654
7.662
7.688
7.696
6.602
6.601
5.988
5.989
5.526
5.529
5.553
5.551
5.582
5.579
4.795
4.762
4.594
4.603
4.617
4.618
4.644
4.653
3.681
3.682
3.411
3.418
3.348
3.351
3.35
3.35
3.372
3.37
3.341
3.319
3.213
3.186
3.017
3.001
2.909
2.894
2.118
2.117
2.053
2.053
2.009
2.019
1.983
1.982
1.968
1.971
1.954
1.952
1.935
1.944
1.929
1.926
2.316
2.315
2.273
2.274
2.231
2.232
2.198
2.201
2.174
2.174
2.183
2.193
2.234
2.234
2.263
2.28
1.817
1.823
1.833
1.832
1.797
1.797
1.761
1.759
1.722
1.721
1.668
1.668
1.623
1.632
1.593
1.593
1.569
1.571
1.485
1.493
1.45
1.459
1.415
1.422
1.389
1.389
1.373
1.373
1.349
1.349
2.49452 9.05584 3.33438
