1 361
1.016
1.032
1.029
1.14
1.146
1.266
1.281
1.388
1.392
1.512
1.523
1.66
1.68
1.83
1.866
2.055
2.097
2.351
2.405
2.715
2.801
3.19
3.388
4.015
4.273
5.464
5.493
7.024
8.183
8.183
8.183
8.183
8.183
8.183
8.183
8.183
8.183
8.183
8.187
8.183
8.191
8.183
8.191
8.183
8.191
8.183
8.191
8.183
8.183
8.187
8.187
8.183
8.183
8.183
8.183
8.183
8.183
8.183
8.183
8.183
8.183
8.183
8.183
8.183
8.183
8.183
8.183
5.599
5.664
5.837
5.919
6.131
6.154
6.154
6.152
6.151
6.161
6.16
6.169
6.168
6.169
6.179
6.179
6.174
6.098
5.941
5.882
5.737
5.684
5.562
5.52
5.388
5.35
5.239
5.193
5.091
5.049
4.951
4.899
4.827
4.853
4.876
4.896
4.83
4.798
4.717
4.691
4.613
4.578
4.51
4.477
4.409
4.392
4.091
4.065
4.038
4.011
3.959
3.951
3.887
3.87
3.818
3.81
3.758
3.74
3.691
3.674
3.63
3.621
3.58
3.563
3.519
3.51
3.469
3.46
3.422
3.42
3.378
3.369
3.328
3.321
3.29
3.29
3.256
3.249
3.215
3.215
3.182
3.174
3.157
3.139
3.113
3.113
3.089
3.089
3.062
3.054
3.036
3.027
3.009
3.001
2.981
2.983
2.957
2.952
2.99
3.051
3.131
3.192
3.28
3.34
3.428
3.431
3.403
3.403
3.387
3.379
3.37
3.362
3.347
3.345
3.33
3.327
3.289
3.292
3.319
3.479
3.538
3.75
5.044
5.06
5.044
5.051
5.037
5.067
8.139
8.132
8.123
8.118
8.106
8.107
8.095
8.098
8.08
8.081
8.072
8.075
8.068
8.073
8.066
8.071
8.062
6.11
5.026
5.031
5.031
5.041
3.193
3.198
3.199
3.228
3.226
3.233
3.224
3.242
3.236
3.241
3.24
3.246
3.256
3.256
3.256
3.275
3.271
3.277
3.278
3.286
3.286
3.302
3.304
3.31
3.318
3.326
3.334
3.342
3.35
3.359
3.367
3.382
3.385
3.402
3.323
3.263
3.173
3.125
3.05
2.989
2.918
2.919
2.925
2.942
2.954
2.964
2.974
2.988
2.988
3.015
3.013
3.032
3.051
3.069
3.076
3.094
3.111
3.12
3.137
3.154
3.17
3.189
3.206
3.229
3.253
3.278
3.292
3.311
3.334
3.359
3.383
3.398
3.426
3.447
3.472
3.508
3.525
3.554
4.282
4.315
4.358
4.383
4.426
4.461
4.502
4.537
4.57
4.579
4.868
4.912
4.96
5.012
5.064
5.111
5.182
5.224
5.281
5.33
5.4
5.379
5.334
5.305
5.387
5.448
5.531
5.589
5.654
5.635
5.6
5.574
5.539
5.514
5.472
5.444
5.412
5.392
5.484
5.549
5.655
5.725
5.844
5.928
6.053
6.138
6.262
6.366
6.5
6.614
6.767
6.875
7.053
7.171
7.731
7.908
8.013
7.998
8.069
8.183
4.747
4.737
4.713
4.696
4.678
4.662
-2.69351 12.5193 1.18907
