1 361
1.395
1.386
1.377
1.377
1.368
1.368
1.36
1.353
1.353
1.351
1.342
1.342
1.333
1.332
1.323
1.323
1.323
1.314
1.314
1.306
1.306
1.306
1.306
1.297
1.289
1.287
1.287
1.287
1.287
1.287
1.279
1.28
1.28
1.271
1.271
1.271
1.271
1.271
1.271
1.272
1.264
1.262
1.26
1.267
1.259
1.266
1.259
1.267
1.258
1.264
1.258
1.258
1.258
1.265
1.263
1.267
1.265
1.26
1.258
1.267
1.265
1.268
1.266
1.265
1.266
1.273
1.264
1.272
1.272
1.281
1.281
1.281
1.281
1.28
1.28
1.288
1.288
1.297
1.297
1.297
1.297
1.156
1.166
1.14
1.147
1.156
1.149
1.157
1.159
1.149
1.148
1.172
1.173
1.184
1.184
1.191
1.183
1.365
1.367
1.381
1.379
1.39
1.4
1.407
1.405
1.413
1.412
1.422
1.43
1.445
1.436
1.453
1.454
1.471
1.471
1.475
1.489
1.496
1.503
1.509
1.519
1.529
1.535
1.551
1.551
1.574
1.573
1.589
1.598
1.613
1.621
1.641
1.64
1.663
1.666
1.689
1.689
1.64
1.637
1.59
1.582
1.601
1.6
1.644
1.643
1.676
1.693
1.78
1.78
1.791
1.799
1.833
1.833
5.798
5.781
5.716
5.707
5.449
5.446
5.399
5.399
5.34
5.34
5.28
5.271
5.22
5.22
5.164
5.154
5.113
5.106
5.057
5.057
5.013
5.005
4.964
4.955
4.92
4.912
4.878
4.877
4.844
4.844
4.799
4.799
4.763
4.764
4.737
4.728
4.702
4.701
4.675
4.677
4.65
4.649
4.624
4.618
4.789
4.865
5.105
5.112
5.084
5.084
5.069
5.068
5.051
5.042
5.006
5.008
5.209
5.262
6.769
6.769
6.751
6.751
8.183
8.183
8.183
8.183
8.183
8.183
8.183
8.183
8.183
8.183
8.183
8.183
8.183
6.874
4.906
4.936
4.913
4.926
4.92
4.928
4.927
4.931
4.93
4.937
4.931
4.937
4.943
4.951
4.95
4.958
4.958
4.968
4.974
4.982
4.983
4.999
5.003
5.015
4.793
4.697
4.498
4.504
4.514
4.518
4.614
4.752
4.777
4.82
4.828
4.835
4.871
4.952
4.91
4.913
4.822
4.781
4.689
4.699
4.717
4.736
4.753
4.762
4.789
1.543
1.542
1.525
1.486
1.477
1.468
1.467
1.443
1.452
1.432
1.423
1.392
1.399
1.358
1.363
1.363
1.371
1.363
1.372
1.371
1.387
1.38
1.378
1.387
1.552
1.572
1.579
1.589
1.603
1.613
1.627
1.632
1.643
1.653
1.669
1.677
1.694
1.714
1.729
1.739
1.755
1.768
1.772
1.797
1.813
1.825
1.839
1.856
1.877
1.9
1.909
1.946
1.962
1.996
2.007
2.006
2.041
2.068
2.083
2.108
2.133
1.89
1.767
1.753
1.734
1.753
1.77
1.789
1.805
1.875
2.027
2.009
2.009
1.991
1.983
1.974
1.966
1.949
1.949
1.907
1.9
1.89
1.891
-3.23768 10.67 1.06623
