1 361
5.562
5.516
5.468
5.41
5.341
5.287
5.25
5.244
5.038
4.983
4.947
4.908
4.89
4.862
4.842
4.852
5.193
5.168
5.164
5.19
4.936
4.892
4.878
4.825
4.746
4.682
4.664
4.65
4.625
4.694
4.83
5.036
5.156
5.212
4.753
4.127
4.102
4.083
4.075
4.05
4.041
4.023
4.006
3.988
3.981
3.962
3.953
3.935
3.928
3.909
3.902
3.895
3.877
3.871
3.852
3.854
3.836
3.827
3.82
3.812
3.811
3.802
3.793
3.785
3.777
3.768
3.76
3.76
3.747
3.741
3.744
3.736
3.732
3.725
3.727
3.718
3.717
3.72
3.711
3.712
3.713
3.713
3.714
3.711
3.708
3.708
3.713
3.709
3.709
3.708
3.704
3.713
3.712
3.711
3.712
3.721
3.719
3.723
3.731
3.724
3.73
3.733
3.732
3.749
3.747
3.747
3.755
3.754
3.763
3.772
3.778
3.785
3.787
3.823
4.978
4.996
5.003
5.013
5.028
5.037
5.053
5.063
5.078
5.094
5.104
5.119
5.135
5.152
5.169
5.185
5.201
5.218
5.243
5.259
5.278
5.304
5.32
5.336
5.355
5.388
5.406
5.422
5.457
5.473
5.499
5.532
5.556
5.585
5.61
5.636
5.663
5.701
5.726
5.762
5.787
5.821
5.856
5.89
5.933
5.965
5.999
6.039
6.082
6.122
6.156
6.209
6.244
6.188
6.106
6.047
5.986
5.926
5.868
5.811
5.761
3.007
2.984
2.967
2.94
2.914
2.89
2.873
2.846
2.822
2.806
2.79
2.763
2.747
2.731
2.713
2.687
2.679
2.661
2.643
2.627
2.609
2.592
2.575
2.567
2.551
2.534
2.527
2.502
2.493
2.485
2.469
2.46
2.444
2.435
2.427
2.411
2.402
2.394
2.385
2.367
2.36
2.35
2.342
2.334
2.325
2.317
2.308
2.308
2.292
2.283
2.284
2.274
2.266
2.265
2.256
2.248
2.24
2.23
2.231
2.23
2.222
2.221
2.212
2.212
2.203
2.203
2.194
2.194
2.185
2.185
2.176
2.176
2.177
2.177
2.848
2.861
2.886
2.948
3.014
3.08
3.419
3.423
3.436
3.421
3.468
3.542
3.878
3.984
3.975
3.771
3.956
3.975
3.966
3.467
3.221
3.223
3.216
3.217
3.223
3.168
3.224
3.757
3.923
3.911
3.442
3.299
3.259
3.254
3.665
3.502
3.373
3.237
3.225
3.23
3.236
3.243
3.259
3.27
3.85
3.727
3.603
3.478
3.371
3.264
3.181
3.183
3.191
3.201
3.209
3.209
3.225
3.235
3.243
3.251
3.268
3.277
3.625
3.574
3.532
3.485
3.447
3.405
3.365
3.323
3.344
7.905
7.935
7.973
8.008
8.051
8.084
8.127
8.161
8.183
8.183
8.183
8.183
8.183
8.183
4.931
4.862
4.841
4.806
4.715
4.686
4.668
4.656
4.648
4.621
4.603
4.594
4.576
4.562
4.556
4.538
4.532
4.699
5.342
5.377
5.417
5.47
5.513
5.563
5.606
5.66
5.705
12.295 6.08102 0.938053
