1 361
1.099
1.107
1.107
1.107
1.107
1.115
1.115
1.115
1.125
1.124
1.124
1.132
1.132
1.131
1.14
1.14
1.139
1.149
1.148
1.157
1.157
1.166
1.174
1.174
1.173
1.181
1.182
1.192
1.2
1.199
1.21
1.219
1.219
1.226
1.227
1.244
1.245
1.254
1.254
1.271
1.271
1.281
1.288
1.296
1.296
1.314
1.314
1.322
1.332
1.34
1.349
1.358
1.366
1.375
1.391
1.401
1.41
1.418
1.428
1.443
1.451
1.467
1.476
1.484
1.503
1.51
1.526
1.543
1.551
1.567
1.583
1.6
1.608
1.631
1.641
1.666
1.673
1.697
1.713
1.732
1.748
1.775
1.793
1.808
1.835
1.851
1.876
1.901
1.926
1.951
1.977
2.003
2.028
2.064
2.089
2.126
2.152
2.186
2.221
2.256
2.289
2.33
2.372
2.414
2.454
2.504
2.551
2.62
2.673
2.723
2.782
2.841
2.9
2.962
3.023
3.092
3.168
3.25
3.325
3.415
3.501
3.59
3.69
3.801
3.913
4.042
4.183
4.321
4.46
4.618
4.783
4.953
5.164
5.469
6.786
6.769
6.76
6.743
6.744
6.727
6.725
6.708
6.71
6.691
6.692
6.684
6.682
6.675
6.675
6.297
6.667
6.59
5.714
5.627
5.646
5.628
5.638
5.628
5.645
5.636
5.637
5.645
5.644
5.644
5.655
5.654
5.653
5.653
5.67
5.672
5.68
5.68
5.698
5.698
5.707
5.715
5.724
5.733
5.751
5.748
5.767
5.775
5.783
5.793
5.809
5.817
5.835
5.843
5.904
6.927
6.954
6.961
6.985
7.002
7.029
7.035
7.071
7.079
7.114
7.123
7.158
7.176
7.208
7.226
7.26
7.285
7.328
7.345
7.39
7.407
7.443
7.468
7.513
7.538
7.573
7.607
7.65
7.676
7.736
7.759
7.81
7.85
7.901
7.933
7.993
8.027
8.087
8.118
8.183
8.183
8.183
8.183
8.183
8.183
8.183
8.183
8.183
8.183
8.183
8.183
8.183
8.183
8.183
8.183
8.183
8.183
8.183
8.183
8.183
8.066
7.983
7.903
7.922
8.007
8.083
8.183
8.183
7.674
7.554
7.516
7.597
7.684
7.833
8.068
7.411
7.348
7.3
7.253
6.951
6.399
6.358
6.325
6.291
6.251
6.216
6.183
6.155
6.119
6.099
6.065
6.033
6.009
5.975
5.951
5.928
5.901
5.878
5.852
5.839
5.811
5.795
5.769
5.753
5.736
5.718
5.694
5.676
5.663
5.647
5.629
5.614
5.597
5.58
5.563
5.551
5.546
5.532
5.515
5.499
5.483
5.475
5.458
5.45
5.433
5.424
5.416
5.409
5.404
5.704
6.522
6.533
6.533
6.523
6.507
6.507
6.498
6.489
6.49
6.482
6.481
6.481
6.48
6.471
6.464
6.472
6.464
6.473
6.464
6.464
6.474
6.474
6.473
6.474
6.473
6.473
6.481
3.666
3.471
3.173
3.032
2.811
2.697
2.525
2.451
2.287
2.233
2.096
2.048
6.583
6.587
6.607
11.165 9.22179 4.82682
