1 361
4.298
4.164
4.14
4.025
4.005
3.905
3.884
3.496
3.481
3.432
3.414
3.331
3.318
3.251
3.234
3.167
3.149
3.08
3.07
3.01
3
2.939
2.931
2.87
2.861
2.81
2.802
2.753
2.743
2.701
2.693
2.65
2.641
2.597
2.588
2.556
2.546
2.505
2.497
2.465
2.456
2.416
2.417
2.385
2.383
2.352
2.351
2.318
2.309
2.284
2.276
2.251
2.252
2.226
2.226
2.199
2.2
2.176
2.166
2.15
2.149
2.124
2.124
2.08
2.08
2.051
2.055
2.107
2.104
2.165
2.174
2.174
2.175
2.155
2.156
2.13
2.13
2.113
2.112
2.104
2.104
2.087
2.087
2.068
2.079
2.059
2.06
2.042
2.043
2.035
2.033
2.024
2.024
2.018
2.008
1.998
2
1.99
1.99
1.982
1.982
1.981
1.983
1.973
1.973
1.957
1.966
1.955
1.955
1.949
1.949
1.94
1.949
1.94
1.941
1.942
1.942
1.935
1.937
1.777
1.777
1.78
1.782
1.781
1.79
1.786
1.795
1.792
1.798
1.798
1.795
1.795
1.8
1.793
1.791
1.795
1.792
1.799
1.799
1.799
1.808
1.807
1.807
1.807
1.817
1.816
1.816
1.819
1.829
1.825
1.833
1.833
1.833
1.842
1.851
1.851
1.851
1.859
1.859
1.867
1.867
1.875
1.876
1.885
1.892
1.902
1.902
1.91
1.91
1.919
1.928
1.929
1.937
1.944
1.952
1.961
1.97
1.978
1.987
1.996
2.003
2.013
2.021
2.031
2.039
2.047
2.055
2.074
2.075
2.092
2.102
2.111
2.121
2.136
2.146
2.163
2.163
2.19
2.197
2.217
2.225
2.241
2.249
2.268
2.285
2.302
2.309
2.333
2.343
2.367
2.384
2.4
2.417
2.44
2.451
2.483
2.49
2.519
2.535
2.566
2.582
2.598
2.599
2.641
2.686
2.924
2.942
2.994
3.012
3.055
3.074
3.116
3.142
3.191
3.207
3.264
3.287
3.348
3.37
3.439
3.463
3.426
3.426
3.393
3.392
3.427
3.482
3.565
3.594
3.674
3.708
3.794
3.827
3.925
3.958
4.058
4.099
4.214
4.253
4.375
4.418
4.551
4.611
4.762
4.807
4.976
5.034
5.208
5.238
5.915
6.001
6.175
6.177
6.143
6.166
6.508
6.595
6.57
6.568
6.498
6.489
6.419
6.419
6.351
6.344
6.29
6.316
6.376
6.408
6.47
6.495
6.575
6.599
6.662
8.183
8.187
8.191
8.183
8.187
8.183
8.187
8.187
8.191
8.183
8.183
8.183
8.183
8.183
8.183
8.183
8.183
8.183
8.183
8.183
8.183
8.183
8.183
8.187
8.183
8.183
8.183
8.183
8.183
8.183
8.183
7.521
7.334
6.79
6.501
6.502
6.517
4.459
4.439
4.378
4.382
4.352
4.342
4.345
4.342
4.302
4.235
4.052
3.984
3.837
3.776
3.628
3.587
3.465
3.413
3.308
3.262
3.16
3.124
3.02
2.975
2.863
2.828
2.715
2.671
2.574
2.539
6.82459 3.01128 0.741023
