1 361
1.603
1.604
1.604
1.596
1.596
1.598
1.594
1.596
1.596
1.59
1.595
1.598
1.59
1.581
1.581
1.581
1.59
1.597
1.602
1.598
1.595
1.589
1.603
1.592
1.599
1.599
1.607
1.604
1.605
1.597
1.605
1.605
1.622
1.614
1.624
1.6
1.605
1.604
1.605
1.605
1.62
1.767
1.785
1.776
1.784
1.786
1.794
1.794
1.8
1.802
1.82
1.819
1.828
1.827
1.835
1.835
1.852
1.852
1.861
1.862
1.879
1.878
1.896
1.896
1.903
1.912
1.92
1.93
1.947
1.947
2.023
4.092
4.027
3.957
3.827
3.776
3.767
3.774
3.176
3.143
3.103
3.08
3.045
3.009
2.974
2.948
2.922
2.887
2.861
2.835
2.804
2.778
2.76
2.735
2.71
2.693
2.675
2.649
2.623
2.597
2.58
2.564
2.557
2.56
2.565
2.619
2.535
2.487
2.461
2.446
2.422
2.405
2.41
2.427
2.477
2.499
2.541
2.556
2.597
2.608
2.63
2.604
2.59
2.572
2.573
2.567
2.564
2.561
2.58
2.577
2.59
2.589
2.621
2.628
2.685
2.701
3.311
3.35
3.432
3.458
3.543
3.578
3.673
3.714
3.813
3.851
3.962
3.996
4.118
4.166
4.306
4.358
4.493
4.552
4.709
4.772
4.952
5.031
5.227
5.308
5.515
5.616
5.854
5.969
6.234
6.354
6.532
7.997
8.088
8.025
7.997
7.986
8.183
8.183
8.183
8.183
8.183
8.183
8.183
8.183
8.183
8.183
8.183
8.183
8.183
8.183
8.183
8.183
8.183
8.183
8.183
8.183
8.183
8.183
8.183
8.183
8.183
8.183
8.183
8.183
8.183
8.183
8.183
8.183
8.183
8.183
8.183
8.183
8.183
8.183
8.183
8.183
8.183
8.183
7.943
7.932
7.308
6.958
6.582
6.426
6.087
5.957
5.663
5.553
5.298
5.193
4.997
4.999
5.021
5.017
4.883
4.819
4.649
4.159
4.029
3.963
3.834
3.798
3.666
3.632
3.521
3.482
3.384
3.345
3.262
3.228
3.145
3.119
3.041
3.003
2.934
2.907
2.848
2.823
2.756
2.739
2.679
2.652
2.6
2.583
2.534
2.518
2.456
2.446
2.413
2.396
2.354
2.331
2.271
2.258
2.271
2.278
2.303
2.303
2.332
2.337
2.324
2.314
2.274
2.265
2.231
2.222
2.188
2.178
2.153
2.143
2.117
2.109
2.081
2.074
2.047
2.037
2.02
2.01
1.985
1.977
1.96
1.952
1.934
1.925
1.025
1.044
0.94
0.948
0.88
0.897
0.826
0.839
0.775
0.793
0.745
0.754
0.702
0.71
0.663
0.678
0.636
0.647
0.612
0.619
0.586
0.595
0.564
0.58
0.543
0.552
0.526
0.537
0.509
0.519
0.492
0.501
0.482
0.483
0.465
0.473
0.447
0.456
0.44
0.447
0.474
0.444
1.431
0.51
1.437
1.435
1.428
1.429
1.429
1.429
1.421
1.421
1.421
1.421
1.413
1.414
1.413
1.414
1.406
1.407
1.4
2.88738 13.8332 5.96884
