1 361
5.561
5.513
5.474
5.404
5.338
5.293
5.246
5.25
5.035
4.987
4.947
4.914
4.888
4.862
4.831
4.849
5.195
5.166
5.163
5.194
4.934
4.89
4.873
4.835
4.737
4.691
4.672
4.684
4.649
4.71
4.837
5.032
5.145
5.209
4.751
4.126
4.099
4.082
4.073
4.048
4.038
4.021
4.004
3.988
3.98
3.961
3.943
3.934
3.927
3.909
3.901
3.895
3.876
3.868
3.859
3.842
3.842
3.835
3.817
3.81
3.801
3.801
3.792
3.784
3.776
3.766
3.758
3.757
3.755
3.748
3.741
3.735
3.732
3.723
3.723
3.723
3.718
3.718
3.708
3.718
3.71
3.711
3.711
3.709
3.713
3.708
3.709
3.707
3.712
3.707
3.705
3.704
3.71
3.71
3.714
3.712
3.716
3.722
3.721
3.73
3.73
3.731
3.738
3.739
3.745
3.745
3.753
3.753
3.763
3.769
3.77
3.783
3.784
3.823
4.976
4.993
5.003
5.01
5.028
5.036
5.053
5.059
5.076
5.092
5.1
5.117
5.134
5.149
5.166
5.182
5.199
5.217
5.242
5.257
5.275
5.3
5.317
5.336
5.361
5.378
5.403
5.42
5.447
5.472
5.496
5.522
5.556
5.582
5.609
5.635
5.662
5.698
5.724
5.76
5.794
5.82
5.853
5.89
5.922
5.965
5.996
6.038
6.08
6.119
6.162
6.198
6.24
6.182
6.114
6.048
5.98
5.918
5.869
5.812
5.759
3.007
2.983
2.964
2.941
2.912
2.888
2.871
2.846
2.829
2.804
2.78
2.761
2.747
2.729
2.712
2.686
2.677
2.66
2.642
2.625
2.607
2.591
2.582
2.566
2.55
2.533
2.516
2.509
2.492
2.475
2.467
2.459
2.442
2.433
2.425
2.408
2.408
2.392
2.383
2.366
2.357
2.349
2.341
2.332
2.324
2.315
2.307
2.299
2.29
2.282
2.282
2.273
2.264
2.255
2.247
2.248
2.238
2.238
2.229
2.229
2.22
2.22
2.211
2.211
2.202
2.193
2.193
2.193
2.184
2.184
2.175
2.175
2.176
2.174
2.848
2.861
2.894
2.963
3.004
3.095
3.418
3.421
3.436
3.419
3.478
3.557
3.937
3.983
3.974
3.759
3.964
3.974
3.965
3.448
3.219
3.212
3.214
3.208
3.212
3.164
3.226
3.747
3.922
3.91
3.445
3.309
3.258
3.26
3.663
3.496
3.37
3.237
3.224
3.229
3.233
3.24
3.257
3.27
3.849
3.726
3.599
3.476
3.371
3.264
3.181
3.181
3.189
3.199
3.207
3.207
3.224
3.233
3.241
3.258
3.267
3.284
3.612
3.571
3.527
3.48
3.436
3.394
3.355
3.323
3.341
7.902
7.938
7.975
8.007
8.04
8.074
8.116
8.158
8.183
8.183
8.183
8.183
8.183
8.183
4.926
4.869
4.84
4.806
4.701
4.686
4.668
4.651
4.635
4.618
4.611
4.593
4.578
4.561
4.552
4.541
4.536
4.722
5.339
5.373
5.417
5.468
5.509
5.562
5.605
5.659
5.711
12.295 6.08113 0.937608
