1 361
1.373
1.383
1.383
1.392
1.392
1.408
1.401
1.416
1.416
1.424
1.424
1.441
1.432
1.449
1.449
1.466
1.466
1.479
1.479
1.476
1.467
1.485
1.484
1.498
1.517
1.695
1.695
1.711
1.712
1.729
1.737
1.755
1.754
1.772
1.781
1.797
1.796
1.822
1.823
1.847
1.846
1.872
1.88
1.897
1.904
1.93
1.939
1.965
1.965
2
2.008
2.034
2.033
2.071
2.078
2.114
2.115
2.159
2.167
2.197
2.209
2.198
2.19
2.164
2.164
2.127
2.128
2.129
2.138
2.195
2.218
2.261
2.268
2.314
2.328
2.377
2.385
2.436
2.452
2.507
2.525
2.49
2.485
2.441
2.436
2.393
2.395
2.356
2.352
2.312
2.304
2.271
2.27
2.236
2.235
2.201
2.201
2.165
2.165
2.138
2.138
2.103
2.103
2.105
2.113
2.131
2.139
2.158
2.166
2.175
2.184
2.202
2.211
2.229
2.247
2.255
2.264
2.289
2.298
2.322
2.332
2.348
2.366
2.391
2.399
2.424
2.431
2.426
8.183
8.183
8.183
8.183
8.183
8.183
8.183
8.183
8.183
8.187
8.191
8.191
8.191
8.183
8.183
8.183
8.183
8.183
8.183
8.183
8.183
8.183
8.183
8.183
8.183
8.183
8.183
8.183
8.183
8.183
8.183
8.183
8.183
8.183
8.183
8.183
8.183
8.183
8.183
8.183
8.183
8.183
6.899
6.616
6.51
6.231
6.119
5.861
5.767
5.551
5.456
5.254
5.176
4.99
4.917
4.753
4.694
4.552
4.493
4.359
4.308
4.183
4.139
4.023
3.982
3.881
3.85
3.753
3.712
3.619
3.59
3.5
3.474
3.399
3.367
3.294
3.271
3.203
3.177
3.118
3.092
3.031
3.013
2.961
2.933
2.881
2.864
2.779
2.763
2.744
2.769
2.786
2.804
2.83
2.836
2.781
2.773
2.723
2.713
2.681
2.663
2.628
2.611
2.577
2.567
2.536
2.527
2.493
2.486
2.453
2.445
2.438
8.183
8.183
8.183
8.183
8.183
7.783
8.183
8.183
8.183
8.183
8.183
8.183
8.183
8.183
8.183
8.183
8.183
8.183
8.183
8.183
8.183
8.183
8.183
8.183
8.183
8.183
8.183
8.183
8.183
8.183
8.183
8.183
8.183
8.183
1.821
1.808
1.8
1.792
1.786
1.793
1.797
1.789
1.789
1.78
1.771
1.771
1.763
1.754
1.755
1.746
1.727
1.58
1.7
1.687
1.686
1.685
1.685
1.673
1.672
1.678
1.681
1.666
1.668
1.657
1.67
1.662
1.669
1.659
1.672
1.669
1.668
1.661
1.672
1.664
1.666
1.665
1.667
1.658
1.659
1.659
1.665
1.608
1.583
1.628
1.683
1.672
1.68
1.668
1.671
1.673
1.679
1.677
1.676
1.669
1.676
1.664
1.674
1.662
1.669
1.659
1.656
1.655
1.655
1.653
1.651
1.649
1.649
1.649
1.651
1.648
1.647
1.646
1.656
1.647
1.656
1.655
1.665
1.665
1.666
1.667
1.669
6.81333 7.5077 2.34813
