1 361
0.399
0.398
0.401
0.41
0.407
0.412
0.406
0.411
0.411
0.408
0.409
0.509
0.442
0.598
0.598
0.646
0.648
0.42
0.43
0.405
0.405
0.4
0.393
0.417
0.414
0.416
0.414
0.418
0.418
0.418
0.417
0.417
0.419
0.416
0.417
0.427
0.413
0.529
0.451
0.502
0.492
0.505
0.504
0.586
0.512
0.981
0.948
1.102
1.086
1.173
1.171
1.173
1.174
1.423
1.469
1.479
1.478
1.455
1.457
1.458
1.459
1.466
1.468
1.532
1.609
1.626
1.616
1.625
1.625
1.65
1.692
1.719
1.719
1.728
1.728
1.737
1.745
1.755
1.755
1.762
1.763
1.771
1.78
1.788
1.797
1.806
1.806
1.813
1.822
1.83
1.839
1.847
1.856
1.926
1.934
1.943
1.951
1.967
1.977
1.983
1.992
2.01
2.019
2.037
2.046
2.064
2.073
2.081
2.091
2.117
2.121
2.086
2.075
2.039
2.041
2.063
2.081
2.098
2.109
2.114
2.109
2.078
2.078
2.035
2.031
2.052
2.061
2.113
2.133
2.159
2.169
2.204
2.221
2.248
2.264
2.298
2.315
2.346
2.365
2.399
2.417
2.448
2.472
2.513
2.53
7.451
7.513
7.65
7.723
7.866
7.934
8.083
8.168
8.183
8.183
8.183
8.183
8.183
8.183
8.183
8.183
8.183
8.183
8.183
8.183
8.183
4.955
4.926
4.917
4.894
4.955
5.105
5.187
5.342
5.426
5.601
5.702
5.899
6
6.226
6.348
6.614
6.74
7.036
7.185
7.436
7.43
7.419
7.409
7.383
7.382
7.364
7.356
7.339
7.329
7.314
7.308
7.293
7.295
7.279
7.277
7.26
7.261
7.252
7.25
7.242
7.242
7.235
7.233
7.226
7.226
7.217
7.229
7.218
7.225
7.216
7.226
7.227
7.234
6.885
6.185
5.196
4.813
4.28
4.285
4.284
4.294
4.294
4.292
4.301
4.308
4.314
4.325
4.326
4.335
4.34
4.349
4.348
4.367
4.373
4.383
4.38
4.391
4.407
4.408
4.415
4.433
4.441
4.449
4.458
4.466
4.482
4.501
4.514
4.503
4.353
4.299
4.162
4.1
3.986
3.936
3.837
3.787
3.677
3.645
3.558
3.519
3.43
3.391
3.31
3.272
3.203
3.168
3.1
3.067
3.005
2.987
2.926
2.897
2.838
2.821
2.762
2.74
2.695
2.676
2.634
2.606
2.568
2.55
2.508
2.483
2.452
2.428
2.394
2.377
2.345
2.328
2.302
2.287
2.262
2.244
2.218
2.2
2.174
2.164
2.139
2.132
2.106
2.095
2.069
2.061
2.034
2.027
2.001
1.994
1.974
1.967
1.95
1.942
1.916
1.908
1.89
1.892
1.876
1.862
1.843
1.843
1.826
1.817
1.614
1.606
1.598
1.591
1.564
1.577
1.565
1.566
1.549
1.542
1.54
1.575
1.645
1.7
1.692
1.683
1.683
1.679
1.668
1.66
1.654
1.653
1.647
1.638
1.63
1.634
1.624
1.614
1.616
1.608
1.608
1.599
-1.96888 12.8889 4.07601
