1 361
5.562
5.524
5.468
5.407
5.34
5.289
5.249
5.247
5.039
4.99
4.947
4.917
4.892
4.863
4.834
4.86
5.195
5.176
5.158
5.188
4.936
4.891
4.867
4.817
4.729
4.682
4.656
4.65
4.636
4.694
4.832
5.034
5.165
5.214
4.752
4.12
4.109
4.084
4.075
4.05
4.032
4.023
4.007
3.998
3.981
3.963
3.954
3.936
3.928
3.912
3.902
3.887
3.887
3.869
3.862
3.846
3.844
3.829
3.82
3.812
3.811
3.802
3.793
3.786
3.777
3.769
3.76
3.761
3.75
3.75
3.743
3.737
3.732
3.735
3.725
3.726
3.718
3.719
3.711
3.713
3.714
3.714
3.713
3.719
3.707
3.707
3.703
3.71
3.709
3.709
3.707
3.705
3.713
3.712
3.714
3.713
3.719
3.723
3.723
3.725
3.731
3.731
3.74
3.739
3.748
3.749
3.756
3.764
3.764
3.772
3.781
3.785
3.787
3.826
4.987
4.997
5.004
5.021
5.029
5.037
5.053
5.062
5.078
5.095
5.102
5.12
5.136
5.153
5.169
5.185
5.202
5.219
5.243
5.26
5.278
5.303
5.321
5.338
5.364
5.39
5.405
5.422
5.457
5.474
5.499
5.533
5.557
5.585
5.61
5.637
5.664
5.7
5.726
5.762
5.788
5.824
5.856
5.89
5.933
5.958
5.998
6.041
6.081
6.122
6.165
6.2
6.244
6.179
6.118
6.051
5.984
5.931
5.87
5.82
5.753
3.008
2.992
2.958
2.942
2.915
2.897
2.872
2.848
2.822
2.807
2.789
2.765
2.748
2.731
2.714
2.696
2.679
2.661
2.644
2.627
2.609
2.592
2.575
2.559
2.552
2.535
2.519
2.502
2.493
2.477
2.469
2.452
2.444
2.436
2.418
2.411
2.402
2.393
2.385
2.367
2.36
2.351
2.351
2.334
2.334
2.317
2.308
2.308
2.3
2.292
2.283
2.274
2.266
2.256
2.257
2.249
2.249
2.24
2.231
2.221
2.222
2.212
2.213
2.213
2.203
2.203
2.195
2.185
2.185
2.185
2.185
2.176
2.177
2.177
2.848
2.862
2.886
2.965
3.005
3.095
3.419
3.423
3.435
3.419
3.462
3.545
3.886
3.984
3.974
3.772
3.957
3.975
3.966
3.468
3.222
3.223
3.216
3.217
3.23
3.167
3.237
3.749
3.923
3.911
3.44
3.301
3.259
3.26
3.666
3.498
3.372
3.237
3.225
3.23
3.237
3.243
3.257
3.263
3.85
3.727
3.601
3.487
3.372
3.273
3.176
3.183
3.183
3.201
3.209
3.209
3.226
3.234
3.244
3.251
3.268
3.277
3.623
3.574
3.532
3.49
3.447
3.407
3.357
3.329
3.346
7.905
7.94
7.976
8.009
8.042
8.077
8.118
8.161
8.183
8.183
8.183
8.183
8.183
8.183
4.938
4.872
4.843
4.814
4.704
4.688
4.674
4.657
4.644
4.629
4.606
4.594
4.579
4.571
4.554
4.547
4.531
4.715
5.341
5.385
5.418
5.461
5.513
5.563
5.607
5.659
5.704
12.295 6.08102 0.938053
