1 361
1.099
1.099
1.09
1.09
1.09
1.099
1.107
1.116
1.116
1.116
1.117
1.122
1.12
1.119
1.118
1.127
1.126
1.123
1.126
1.124
1.124
1.133
1.133
1.132
1.133
1.142
1.141
1.15
1.141
1.15
1.15
1.15
1.151
1.158
1.159
1.167
1.168
1.168
1.176
1.176
1.176
1.185
1.185
1.193
1.193
1.201
1.201
1.212
1.213
1.773
1.781
1.789
1.795
1.805
1.805
1.813
1.809
1.805
1.806
1.823
1.824
3.94
3.949
3.985
3.994
4.019
4.037
4.062
4.08
4.113
4.122
4.155
4.171
4.205
4.23
4.27
4.287
4.328
4.347
4.389
4.406
4.441
4.459
4.485
4.5
4.535
4.545
4.604
4.571
4.689
4.435
4.672
4.327
2.524
2.5
2.467
2.46
2.427
2.419
2.407
2.423
2.475
2.497
2.546
2.555
2.589
2.606
2.649
2.666
2.709
2.734
2.776
2.793
2.843
2.868
2.914
2.939
2.992
3.018
3.073
3.105
3.166
3.198
3.182
3.173
3.146
3.139
3.124
3.113
3.096
3.087
3.069
3.07
3.043
3.044
3.026
3.017
2.999
3.002
2.978
2.985
3.076
3.112
3.198
3.258
3.358
3.421
3.535
3.6
3.757
3.828
3.988
4.071
6.284
6.422
6.513
6.503
6.486
6.485
6.458
6.449
6.432
6.432
6.414
6.596
7.05
7.325
7.903
8.183
8.183
8.183
8.183
8.183
8.183
8.183
8.183
8.183
8.187
8.183
8.191
8.187
8.191
8.191
8.191
8.187
6.109
6.109
6.1
6.101
6.084
6.092
6.076
6.084
6.075
6.075
6.068
6.075
6.067
6.076
6.068
6.076
6.067
6.075
6.075
6.084
6.076
6.085
6.085
6.092
6.101
6.109
6.109
6.117
6.116
6.133
6.134
6.142
6.15
6.166
6.139
6.032
5.831
5.732
5.545
5.453
5.294
5.214
5.055
4.987
4.851
4.783
4.659
4.592
4.485
4.433
4.324
4.272
4.178
4.135
4.04
3.997
3.916
3.872
3.8
3.758
3.681
3.65
3.579
3.554
3.486
3.448
3.39
3.366
3.302
3.276
3.226
3.18
3.109
3.092
3.107
3.133
3.157
3.211
3.248
3.282
4.971
5.005
5.046
5.087
5.054
5.023
5.055
5.104
5.051
5.029
5.043
5.125
5.175
5.219
5.274
5.319
5.381
5.421
5.476
8.183
8.183
8.183
8.183
8.183
8.183
8.183
8.183
8.183
8.183
8.183
8.183
8.183
8.183
8.183
8.183
8.183
7.769
7.744
7.808
7.91
8.057
8.155
8.183
8.183
8.183
8.183
8.183
8.183
8.183
8.183
8.183
8.183
8.183
8.183
8.183
8.183
8.183
8.183
8.183
1.968
1.953
1.953
1.944
1.939
1.957
1.955
1.936
1.945
1.936
1.934
1.928
1.928
1.919
1.92
1.911
1.92
1.903
1.903
1.902
1.903
1.895
1.893
1.888
1.897
1.89
1.881
1.883
1.883
1.877
1.879
1.876
1.879
1.874
1.88
1.878
1.87
1.2731 13.0846 2.63179
