1 361
0.675
0.681
0.682
0.69
0.689
0.69
0.699
0.698
0.706
0.707
0.706
0.713
0.721
0.721
0.728
0.728
0.736
0.736
0.744
0.753
0.753
0.759
0.768
0.767
0.775
0.783
0.792
0.789
0.801
0.809
0.816
0.816
0.825
0.833
0.842
0.851
0.86
0.868
0.868
0.876
0.884
0.89
0.901
0.917
0.918
0.933
0.943
0.949
0.958
0.975
0.982
0.996
1.002
1.015
1.022
1.106
1.127
1.134
1.128
1.13
1.133
1.14
1.16
1.166
1.184
1.192
1.21
1.218
1.227
1.25
5.202
5.162
5.128
5.093
5.055
5.023
4.997
4.805
4.75
4.748
4.719
4.691
4.666
4.638
4.607
4.589
4.556
4.54
4.514
4.49
4.464
4.447
4.429
4.402
4.384
4.368
4.351
4.326
4.309
4.293
4.276
4.261
4.243
4.226
4.211
4.194
4.177
4.17
4.152
4.136
4.127
4.111
4.094
4.094
4.077
4.069
4.061
4.043
4.035
4.018
4.018
4.008
4
3.99
3.991
3.961
3.953
4.011
4.099
4.091
4.091
4.082
4.075
4.074
4.067
4.058
4.059
4.058
4.049
4.048
4.048
4.042
4.041
4.042
4.041
4.038
4.036
4.034
4.035
4.032
4.034
4.032
4.036
4.033
3.886
3.894
3.91
3.908
3.917
3.916
3.915
3.922
3.922
3.931
3.93
3.938
3.938
3.942
3.958
3.957
3.967
3.966
3.977
3.985
3.992
3.992
4
4.01
4.03
4.025
4.043
4.043
4.061
4.069
4.077
4.087
4.102
4.111
4.137
4.139
4.153
4.16
4.186
4.195
4.213
4.218
4.244
4.252
4.277
4.287
4.309
4.326
4.352
4.368
4.386
4.403
4.429
4.446
4.45
4.463
4.666
4.681
4.721
4.737
4.77
4.789
4.826
4.841
4.878
1.148
1.133
1.123
1.108
1.098
1.091
1.072
1.056
1.049
1.043
1.034
1.046
1.041
1.026
1.018
1.008
1.028
1.016
1.007
0.967
0.932
0.93
0.922
0.922
0.92
0.923
0.923
0.923
0.913
0.913
0.913
0.914
0.915
0.914
0.906
0.907
0.907
0.909
0.903
0.912
0.906
0.905
0.902
0.913
0.909
0.905
0.908
0.908
0.905
0.903
0.899
0.902
0.907
0.899
0.906
0.909
0.906
0.91
0.908
0.909
0.906
0.905
0.915
0.905
0.912
0.913
0.913
0.913
0.92
0.92
0.921
0.92
0.92
0.929
0.929
0.938
0.929
0.939
0.939
0.944
0.945
0.952
0.945
0.953
0.953
0.954
0.962
0.963
0.972
0.971
0.97
4.431
4.625
4.876
4.866
4.858
4.857
2.098
4.84
2.124
4.829
2.693
2.657
2.61
2.56
2.235
2.241
2.195
2.189
2.192
2.192
2.234
2.233
2.293
2.678
2.891
2.889
2.896
2.902
2.924
2.919
2.598
2.596
2.561
2.56
2.434
2.307
2.085
2
1.838
1.835
1.845
1.844
1.831
1.842
1.842
1.841
1.842
1.842
1.852
1.853
1.853
4.44917 2.46629 0.37474
