1 361
0.689
0.671
0.672
0.663
0.656
0.646
0.646
0.638
0.63
0.621
0.623
0.612
0.613
0.603
0.596
0.596
0.588
0.587
0.579
0.578
0.579
0.57
0.57
0.561
0.561
0.553
0.554
0.541
0.545
0.542
0.537
0.534
0.536
0.536
0.526
0.519
0.519
0.519
0.519
0.509
0.511
0.501
0.502
0.5
0.502
0.502
0.493
0.492
0.492
0.493
0.493
0.484
0.485
0.485
0.487
0.476
0.486
0.476
0.476
0.477
0.476
0.468
0.478
0.476
0.467
0.467
0.468
0.458
0.466
0.466
0.458
0.466
0.459
0.459
0.46
0.459
0.46
0.458
0.461
0.451
0.452
0.45
0.459
0.45
0.451
0.45
0.451
0.45
0.451
0.452
0.45
0.451
0.452
0.443
0.446
0.445
0.448
0.451
0.452
0.456
0.456
0.454
0.449
0.447
0.446
0.453
0.454
0.451
0.452
0.449
0.452
0.45
0.451
0.45
0.452
0.452
0.451
0.451
0.451
0.451
0.453
0.45
0.453
0.452
0.461
0.451
0.461
0.46
0.468
0.46
0.461
0.469
0.468
0.462
0.47
0.469
0.469
0.478
0.47
0.468
0.47
0.478
0.488
0.478
0.488
0.478
0.48
0.487
0.488
0.488
0.496
0.496
0.498
0.495
0.496
0.505
0.506
0.504
0.506
0.515
0.516
0.515
0.516
0.522
0.524
0.522
0.531
0.533
0.541
0.54
0.541
0.54
0.548
0.557
0.557
0.642
0.649
0.625
0.634
0.637
0.639
0.638
0.647
0.641
0.651
0.639
0.643
0.635
0.643
0.644
0.653
0.659
0.661
0.67
0.67
0.678
0.684
0.693
0.692
0.701
0.71
0.718
0.718
0.725
0.735
0.745
4.915
4.856
4.831
4.787
4.769
4.719
4.7
4.647
4.629
4.587
4.57
4.497
4.316
4.292
4.29
4.247
4.232
4.191
4.181
4.149
4.131
4.098
4.091
4.055
4.048
4.013
4.003
3.971
3.971
3.933
3.935
3.899
3.9
3.872
3.873
3.836
3.837
3.81
3.802
3.784
3.776
3.758
3.758
3.726
3.726
3.699
3.699
3.682
3.673
3.657
3.657
3.64
3.641
3.622
3.623
3.6
3.608
3.589
3.588
3.58
3.571
3.557
3.555
3.546
3.547
3.538
3.538
3.516
3.517
3.515
3.663
3.653
3.656
3.64
3.64
3.631
3.639
3.631
3.631
3.624
3.624
3.619
3.622
3.62
3.62
3.622
3.621
3.617
3.624
3.624
3.624
3.63
3.64
3.638
3.648
3.639
3.656
3.647
3.654
3.502
3.502
3.512
3.531
3.53
3.538
3.548
3.55
3.557
3.565
3.566
3.576
3.574
3.567
2.981
2.973
2.955
2.956
2.937
2.928
2.911
2.903
2.894
2.885
2.868
2.869
2.851
2.851
2.832
2.826
2.817
2.81
2.801
2.801
2.785
2.785
2.784
3.87
3.884
3.902
3.92
3.939
3.956
3.972
4
4.016
4.034
4.053
4.076
4.094
4.119
4.144
4.17
4.184
4.212
4.242
2.97038 8.54477 6.1298
