1 361
0.933
0.924
0.915
0.907
0.915
0.924
0.933
0.93
0.93
0.931
0.926
0.929
0.928
0.937
0.928
0.936
0.936
0.936
0.935
0.935
0.935
0.935
0.935
0.944
0.944
0.944
0.953
0.953
0.952
0.952
0.952
0.961
0.961
0.961
0.96
0.969
0.969
0.977
0.977
0.977
0.986
0.986
0.986
0.995
0.994
1.003
1.002
1.011
1.011
1.019
1.019
1.019
1.028
1.028
1.028
1.036
1.036
1.054
1.054
1.061
1.061
1.069
1.07
1.078
1.086
1.095
1.094
1.112
1.111
1.121
1.12
1.128
1.138
1.146
1.154
1.161
1.161
1.18
1.179
1.189
1.197
1.214
1.214
1.222
1.232
1.241
1.249
1.258
1.266
1.284
1.296
1.308
1.309
1.325
1.335
1.351
1.359
1.376
1.385
1.403
1.409
1.425
1.438
1.461
1.467
1.493
1.502
1.525
1.535
1.551
1.575
1.593
1.609
1.632
1.65
1.674
1.691
1.725
1.743
1.775
1.801
1.826
1.85
1.893
1.907
1.909
1.944
2.297
2.339
2.383
2.417
2.475
2.511
2.561
2.607
2.682
2.731
2.801
2.854
2.83
2.833
2.807
2.807
2.79
2.792
2.918
2.992
3.09
3.15
3.268
3.264
3.226
3.217
3.192
3.184
3.15
3.15
3.125
3.116
3.089
3.09
3.054
3.055
3.027
3.027
3
3.001
2.974
2.974
2.948
2.976
3.003
3.038
3.056
3.091
3.108
3.141
3.166
3.192
3.227
3.267
3.293
3.325
3.357
3.385
8.183
8.183
8.183
8.183
8.183
8.183
8.183
8.183
8.183
8.183
8.183
8.183
8.183
8.183
8.183
8.183
8.183
8.183
8.183
8.183
8.183
8.183
8.183
8.183
8.183
8.183
8.183
7.919
7.665
7.482
7.225
7.054
6.823
6.674
6.476
6.324
6.149
6.034
5.864
5.754
5.601
5.512
5.358
5.28
5.153
5.069
4.954
4.876
4.775
4.695
4.602
4.544
4.454
4.39
4.307
4.251
4.168
4.128
4.045
4.002
3.935
3.889
3.781
3.75
3.768
3.794
3.814
3.828
3.766
3.731
3.673
3.637
3.588
3.555
3.516
3.478
3.437
3.412
3.396
8.183
8.183
8.183
8.183
8.183
6.929
8.183
8.183
8.183
8.183
8.183
8.183
8.183
8.183
8.183
8.183
8.183
8.183
2.654
2.634
2.618
2.616
2.604
2.587
2.57
2.554
2.269
2.222
2.194
2.161
2.156
2.142
2.134
2.114
2.119
2.11
2.114
2.099
2.11
2.11
2.117
2.109
2.129
2.133
2.148
2.168
2.195
2.229
2.263
2.262
2.252
2.243
2.235
2.226
2.218
2.209
2.208
2.2
2.192
2.182
2.173
2.173
2.164
2.156
2.157
2.148
2.137
2.138
2.128
2.128
2.119
2.118
2.109
2.101
2.1
2.095
2.089
2.078
2.077
2.066
2.055
2.054
2.043
2.031
2.031
2.021
2.013
2.011
2.001
1.992
1.992
1.983
1.984
1.976
1.97
1.972
1.969
7.40359 6.56475 1.93423
