1 361
1.284
1.292
1.292
1.301
1.301
1.311
1.311
1.319
1.318
1.327
1.327
1.327
1.326
1.335
1.344
1.344
1.353
1.362
1.362
1.37
1.37
1.387
1.377
1.396
1.396
1.405
1.413
1.421
1.421
1.43
1.43
1.447
1.455
1.464
1.464
1.481
1.488
1.497
1.507
1.514
1.523
1.531
1.539
1.555
1.555
1.58
1.579
1.596
1.604
1.614
1.621
1.638
1.653
1.662
1.679
1.696
1.695
1.72
1.728
1.747
1.764
1.781
1.791
1.806
1.823
1.841
1.856
1.873
1.89
1.916
1.931
1.956
1.975
1.999
2.016
2.042
2.059
2.096
2.111
2.158
2.174
2.212
2.228
2.27
2.288
2.32
2.344
2.386
2.41
2.453
2.493
2.535
2.558
2.608
2.642
2.695
2.729
2.787
2.827
2.887
2.93
3
3.056
3.115
3.166
3.249
3.299
3.387
3.446
3.537
3.599
3.711
3.783
3.891
3.966
4.082
4.184
4.325
4.428
4.581
4.704
4.836
6.239
6.221
6.221
6.195
6.195
6.177
6.168
6.152
6.152
6.134
6.126
6.11
6.109
6.093
6.093
6.085
6.085
5.731
6.037
6.06
5.392
5.031
5.032
5.025
5.025
5.015
5.024
5.016
5.016
5.016
5.024
5.015
5.023
5.014
5.023
5.024
5.031
5.031
5.039
5.04
5.048
5.047
5.057
5.064
5.062
5.073
5.079
5.079
5.096
5.096
5.113
5.113
5.129
5.128
5.152
5.152
5.176
5.175
5.193
5.201
5.218
5.368
6.297
6.307
6.333
6.35
6.368
6.385
6.41
6.425
6.443
6.46
6.486
6.504
6.53
6.548
6.575
6.602
6.628
6.655
6.681
6.706
6.742
6.766
6.801
6.826
6.859
6.883
6.924
6.957
6.999
7.024
7.067
7.104
7.146
7.179
7.222
7.264
7.315
7.359
7.404
7.446
7.49
7.535
7.588
7.639
7.689
7.737
7.797
7.854
7.91
7.971
8.028
8.089
8.157
8.183
8.183
8.183
8.183
8.183
8.183
8.183
8.183
8.183
8.183
8.183
7.595
7.48
7.433
7.353
7.395
7.496
7.562
7.983
7.964
7.357
7.065
7.027
7.027
7.127
7.175
7.464
7.57
6.91
6.878
6.821
6.797
6.761
6.711
5.971
5.924
5.891
5.866
5.833
5.815
5.78
5.754
5.728
5.711
5.674
5.666
5.631
5.622
5.586
5.568
5.554
5.534
5.509
5.494
5.476
5.459
5.456
5.439
5.411
5.406
5.388
5.376
5.364
5.357
5.339
5.332
5.32
5.309
5.293
5.281
5.27
5.265
5.249
5.245
5.232
5.231
5.224
5.219
5.202
5.195
5.187
5.187
5.178
5.179
5.173
5.164
5.163
5.169
5.785
6.302
6.301
6.3
6.294
6.293
6.294
6.293
6.293
6.301
6.301
6.309
6.3
6.309
6.309
6.31
6.31
6.319
6.326
6.336
6.345
6.344
6.361
6.362
6.371
6.379
6.387
6.394
6.413
6.429
6.429
6.447
6.455
6.472
6.481
3.672
11.2675 8.52206 4.89358
