1 361
1.309
1.319
1.318
1.333
1.322
1.34
1.332
1.347
1.338
1.354
1.355
1.362
1.359
1.367
1.366
1.383
1.381
1.387
1.386
1.402
1.4
1.416
1.416
1.432
1.433
1.459
1.46
1.489
1.489
1.517
1.517
1.545
1.537
1.574
1.575
1.594
1.602
1.629
1.63
1.646
1.652
1.675
1.682
1.701
1.701
1.718
1.727
1.737
1.745
1.77
1.771
1.788
1.796
1.814
1.821
1.84
1.846
1.874
1.881
1.9
1.916
1.933
1.941
1.965
1.974
2.001
2.017
2.044
2.051
2.077
2.096
2.121
2.13
2.165
2.175
2.211
2.227
2.252
2.279
2.312
2.328
2.373
2.387
2.427
2.445
2.486
2.511
2.56
2.576
2.627
2.653
2.699
2.722
2.781
2.807
2.875
2.901
2.969
3.004
3.068
3.11
3.176
3.219
3.302
3.348
3.427
3.474
3.574
3.612
3.736
5.118
5.101
5.1
5.085
5.082
5.076
5.087
5.147
5.098
5.059
5.061
5.041
5.16
5.389
5.532
5.782
5.945
6.225
6.421
6.72
6.968
7.343
7.632
8.086
8.183
8.183
8.183
8.183
8.183
8.183
8.183
8.183
8.187
8.183
8.183
8.183
8.183
8.183
8.183
8.183
8.183
8.183
8.183
8.183
8.183
8.183
8.183
8.187
8.187
8.183
8.187
8.183
8.191
8.191
8.191
8.191
8.191
8.183
8.187
8.183
8.183
8.183
8.183
8.183
8.183
8.183
7.944
7.961
7.967
6.972
6.781
6.496
6.323
6.087
5.932
5.729
5.589
5.4
5.295
5.072
5.092
5.101
5.125
5.042
4.95
4.825
4.744
4.205
4.169
4.076
4.015
3.922
3.871
3.79
3.728
3.648
3.596
3.515
3.475
3.407
3.366
3.293
3.26
3.191
3.158
3.108
3.071
3.009
2.983
2.932
2.903
2.861
2.828
2.785
2.752
2.711
2.694
2.649
2.632
2.59
2.573
2.541
2.524
2.458
2.442
2.406
2.429
2.444
2.469
2.485
2.512
2.503
2.484
2.459
2.435
2.418
2.402
2.377
2.361
2.336
2.325
2.303
2.294
2.268
2.26
2.234
2.225
2.208
2.191
2.182
2.173
2.146
2.137
2.12
2.12
2.093
2.094
2.076
2.066
2.057
2.049
2.031
2.022
1.944
1.815
1.815
1.798
1.799
1.81
1.802
1.792
1.793
1.784
1.775
1.766
1.757
1.749
1.741
1.742
1.732
1.732
1.715
1.715
1.706
1.706
1.698
1.698
1.689
1.689
1.681
1.681
1.667
1.664
1.655
1.655
1.648
1.647
1.648
1.639
1.64
1.64
1.63
1.631
1.623
1.623
1.615
1.623
1.615
1.616
1.607
1.607
1.608
1.609
1.604
1.606
1.604
1.607
1.606
1.609
1.598
1.598
1.59
1.59
1.581
1.59
1.598
1.598
1.604
1.612
1.605
1.608
1.603
1.609
1.606
1.61
1.607
1.607
1.607
1.616
1.616
1.624
1.616
1.624
1.624
1.632
1.632
1.632
1.632
1.639
1.641
1.649
6.14067 12.971 0.19614
