1 361
1.121
1.124
1.117
1.124
1.126
1.132
1.127
1.129
1.126
1.124
1.108
1.099
1.108
1.151
1.168
1.228
1.202
1.198
1.181
1.168
1.168
1.168
1.159
1.161
1.161
1.161
1.17
1.159
1.165
1.161
1.161
1.16
1.17
1.175
8.191
8.183
8.183
8.187
8.183
8.183
8.183
8.183
8.183
8.183
8.183
8.183
8.183
8.183
8.183
8.183
8.183
8.183
8.183
8.183
8.183
8.183
8.183
8.183
8.183
5.897
6.023
6.179
6.369
6.464
6.478
6.471
6.488
6.487
6.491
6.502
6.511
6.512
6.521
6.529
6.479
6.374
6.265
6.179
6.084
6.003
5.916
5.837
5.759
5.681
5.611
5.532
5.465
5.392
5.342
5.252
5.211
5.243
5.29
5.268
5.213
5.153
5.095
5.046
4.998
4.937
4.894
4.844
4.803
4.75
4.493
4.47
4.442
4.4
4.365
4.332
4.29
4.249
4.224
4.192
4.158
4.127
4.1
4.067
4.041
4.006
3.981
3.955
3.928
3.901
3.876
3.847
3.83
3.804
3.786
3.764
3.736
3.71
3.694
3.668
3.66
3.635
3.619
3.601
3.585
3.568
3.552
3.533
3.525
3.499
3.49
3.474
3.456
3.441
3.442
3.416
3.412
3.485
3.574
3.641
3.745
3.823
3.895
3.88
3.874
3.855
3.847
3.829
3.829
3.811
3.811
3.794
3.763
3.755
3.773
3.951
4.01
4.28
5.527
5.517
5.509
5.491
5.493
5.758
7.296
7.456
8.014
8.183
8.183
8.183
8.183
8.183
8.183
8.183
8.183
8.183
8.183
8.183
8.183
8.183
5.517
5.458
3.642
3.619
3.644
3.644
3.654
3.647
3.649
3.648
3.654
3.652
3.659
3.657
3.671
3.662
3.675
3.675
3.683
3.674
3.691
3.691
3.7
3.698
3.716
3.707
3.724
3.724
3.743
3.743
3.75
3.76
3.76
3.66
3.533
3.444
3.331
3.265
3.276
3.276
3.292
3.291
3.303
3.31
3.324
3.325
3.35
3.35
3.366
3.374
3.39
3.397
3.422
3.423
3.449
3.457
3.481
3.482
3.509
3.515
3.547
3.555
3.586
3.592
3.615
3.624
3.658
3.667
3.7
3.709
3.743
3.76
3.794
3.811
4.481
4.499
4.532
4.55
4.591
4.616
4.66
4.678
4.729
4.746
4.764
4.794
5.057
5.089
5.139
5.173
5.224
5.256
5.319
5.342
5.414
5.444
5.515
5.556
5.515
5.481
5.471
5.529
5.607
5.647
5.724
5.776
5.746
5.721
5.676
5.641
5.596
5.571
5.526
5.492
5.532
5.58
5.653
5.721
5.816
5.882
5.991
6.056
6.158
6.228
6.357
6.426
6.558
6.637
6.786
6.866
7.01
7.097
7.575
7.68
4.754
4.733
4.709
4.682
4.654
4.639
4.611
4.596
4.572
4.554
4.529
4.512
4.497
4.478
4.453
4.444
4.419
4.41
4.384
4.377
4.358
4.349
0.678
0.674
0.668
0.668
0.67
0.669
0.662
0.661
0.662
0.662
0.662
-2.86061 12.0333 1.30923
