1 361
1.27
1.261
1.261
1.261
1.26
1.253
1.253
1.253
1.254
1.255
1.256
1.249
1.254
1.248
1.247
1.254
1.253
1.247
1.238
1.229
1.229
1.229
1.247
1.254
1.249
1.251
1.253
1.249
1.255
1.253
1.26
1.26
1.26
1.259
1.259
1.259
1.267
1.266
1.267
1.267
1.275
1.272
1.275
1.275
1.275
1.284
1.292
1.292
1.291
1.291
1.301
1.301
1.309
1.31
1.31
1.319
1.317
1.318
1.322
1.327
1.336
1.336
1.344
1.345
1.354
1.354
1.362
1.371
1.37
1.38
1.388
1.389
1.396
1.396
1.406
1.413
1.421
1.421
1.429
1.438
1.447
1.457
1.462
1.463
1.479
1.489
1.496
1.496
1.506
1.52
1.53
1.535
1.544
1.553
1.569
1.573
1.585
1.593
1.611
1.621
1.631
1.642
1.656
1.665
1.681
1.697
1.716
1.724
1.742
1.75
1.769
1.784
1.803
1.819
1.836
1.853
1.878
1.886
1.906
1.928
1.953
1.969
1.996
1.988
5.778
5.916
5.703
6.041
5.662
6.205
5.616
5.243
3.497
3.446
3.43
3.415
3.398
3.38
3.413
3.501
3.562
3.603
3.672
3.722
3.792
3.853
3.933
3.992
4.068
4.128
4.226
4.231
4.218
4.2
4.194
4.176
4.169
4.143
4.144
4.118
4.11
4.093
4.093
4.076
4.065
4.145
4.359
4.496
4.65
4.706
4.863
5.002
5.198
7.619
7.61
7.589
7.585
7.567
7.556
7.543
7.537
7.683
8.137
8.183
8.183
8.183
8.183
8.183
8.183
8.183
8.183
8.183
8.187
8.183
8.183
8.187
8.191
8.191
8.187
7.207
7.211
7.203
7.193
7.177
7.174
7.177
7.167
7.16
7.161
7.152
7.161
7.152
7.152
7.15
7.152
7.152
7.152
7.15
7.16
7.152
7.159
7.157
7.156
7.164
7.174
7.176
7.189
7.178
7.143
6.949
6.71
6.539
6.306
6.135
5.935
5.784
5.621
5.496
5.343
5.225
5.089
4.988
4.866
4.774
4.654
4.577
4.468
4.4
4.294
4.213
4.124
4.002
3.978
3.987
4.013
4.036
4.152
4.108
5.536
5.552
5.586
5.607
5.688
5.713
5.751
5.781
5.815
5.841
5.877
5.822
5.822
5.846
5.817
5.763
5.824
5.864
5.914
5.948
5.997
6.028
6.085
6.111
6.166
8.183
8.183
8.183
8.183
8.183
2.459
2.447
2.412
2.418
2.399
2.383
2.357
2.35
2.323
2.306
2.29
2.283
2.256
2.248
2.223
2.215
2.197
2.188
2.17
2.162
2.143
2.137
2.116
2.113
2.091
2.082
2.065
2.058
2.046
2.038
2.033
2.021
2.006
2.007
1.99
1.98
1.974
1.966
1.949
1.941
1.932
1.924
1.916
1.917
1.908
1.9
1.891
1.883
1.873
1.874
1.866
1.858
1.849
1.849
1.844
1.832
1.832
1.825
1.826
1.816
1.807
1.807
1.799
1.799
1.798
1.792
1.795
1.78
1.776
1.785
1.776
1.767
1.767
2.20782 12.2452 2.4195
