1 361
1.507
1.51
1.508
1.514
1.555
1.635
1.635
1.612
1.625
1.634
1.612
1.628
1.635
1.699
1.701
1.706
1.705
1.703
1.709
1.713
1.71
1.709
1.717
1.716
1.707
1.714
1.724
1.723
1.724
1.732
1.731
1.741
1.733
1.74
1.749
1.75
1.75
1.758
1.759
1.765
1.783
1.818
1.826
1.827
1.826
1.844
1.844
1.843
1.851
1.86
1.869
1.868
1.877
1.884
1.886
1.894
1.903
1.911
1.92
1.93
1.939
1.948
1.946
1.889
1.872
1.853
1.86
1.878
1.877
1.895
1.895
1.915
1.919
1.869
1.859
1.819
1.806
1.824
1.824
1.841
1.858
1.89
1.898
1.915
1.924
1.941
1.95
1.973
1.984
2.008
2.008
2.034
2.045
2.061
2.069
2.097
2.104
2.132
2.141
2.167
2.174
2.202
2.209
2.23
6.291
6.242
6.417
6.5
6.545
6.633
6.683
6.776
6.823
6.919
6.983
7.081
7.133
7.254
7.315
7.435
7.496
7.618
7.691
7.823
7.895
8.036
8.131
8.183
8.183
8.183
8.183
8.183
8.183
8.183
8.183
4.582
4.577
4.552
4.536
4.55
4.617
4.72
4.789
4.915
4.994
5.126
5.207
5.356
5.441
5.606
5.711
5.889
6.001
6.205
6.325
6.557
6.692
6.953
7.033
7.01
6.996
6.977
6.966
6.947
6.947
6.92
6.919
6.904
6.893
6.878
6.871
6.856
6.846
6.84
6.832
6.821
6.826
6.809
6.81
6.799
6.798
6.79
6.791
6.785
6.788
6.774
6.781
6.782
6.778
6.776
6.775
6.776
6.773
6.774
6.321
5.124
4.593
3.893
3.825
3.826
3.834
3.834
3.843
3.842
3.843
3.851
3.86
3.861
3.868
3.868
3.886
3.877
3.894
3.894
3.903
3.913
3.92
3.93
3.93
3.938
3.947
3.956
3.973
3.983
3.983
3.999
4.008
4.016
4.035
4.043
4.049
4.059
4.052
3.929
3.875
3.766
3.722
3.619
3.572
3.485
3.441
3.365
3.323
3.248
3.206
3.138
3.105
3.043
3.007
2.946
2.91
2.859
2.827
2.776
2.74
2.691
2.674
2.629
2.605
2.561
2.538
2.5
2.472
2.432
2.415
2.381
2.355
2.324
2.306
2.273
2.256
2.23
2.211
2.189
2.168
2.142
2.135
2.109
2.091
2.072
2.054
2.04
2.019
2.001
1.994
1.97
1.96
1.935
1.927
1.91
1.894
1.875
1.868
1.852
1.843
1.835
1.818
1.809
1.801
1.784
1.776
1.76
1.758
1.742
1.732
1.724
1.716
1.699
1.7
1.683
1.683
1.668
1.658
1.65
1.65
1.642
1.633
1.625
1.618
1.608
1.601
1.592
1.592
1.578
1.576
1.568
1.568
1.56
1.552
1.552
1.543
1.535
1.535
1.509
1.36
1.36
1.35
1.352
1.344
1.33
1.335
1.336
1.335
1.335
1.326
1.317
1.315
1.309
1.457
1.478
1.479
1.471
1.472
1.47
1.472
1.473
1.472
1.466
1.459
1.452
1.453
-2.20916 12.4693 4.27584
