1 361
0.851
0.86
0.851
0.86
0.86
0.869
0.859
0.868
0.869
0.877
0.877
0.884
0.883
0.893
0.883
0.892
0.892
0.901
0.9
0.91
0.899
0.908
0.908
0.916
0.925
0.933
0.932
0.94
0.941
0.95
0.948
0.959
0.958
0.968
0.967
0.974
0.983
0.991
0.991
1
1
1.016
1.016
1.024
1.023
1.04
1.04
1.048
1.057
1.065
1.074
1.091
1.083
1.109
1.108
1.126
1.125
1.143
1.143
1.16
1.16
1.178
1.178
1.204
1.204
1.222
1.231
1.248
1.249
1.276
1.275
1.301
1.31
1.327
1.337
1.362
1.363
1.39
1.397
1.423
1.432
1.457
1.466
1.499
1.508
1.541
1.549
1.581
1.589
1.631
1.639
1.68
1.688
1.731
1.747
1.793
1.808
1.857
1.867
1.926
1.941
2.002
2.018
2.08
2.097
2.177
2.195
2.271
2.289
2.372
2.397
2.496
2.519
2.618
2.653
2.765
2.799
2.937
2.981
3.118
3.172
3.336
3.394
3.53
3.538
3.52
3.52
3.511
3.511
3.502
3.492
3.485
3.485
3.476
3.476
3.468
3.469
3.46
3.46
3.46
3.452
3.443
3.452
3.443
3.452
3.443
3.443
3.443
3.443
3.443
3.443
3.443
3.444
3.443
3.444
3.444
3.453
3.209
2.713
2.668
2.677
2.563
2.502
1.999
1.913
1.748
1.748
1.533
1.226
1.177
1.181
1.185
1.181
3.525
3.537
1.236
1.21
1.145
1.126
3.572
3.581
3.59
3.599
3.607
3.617
3.625
3.641
3.65
3.658
3.667
3.676
3.693
3.71
3.719
3.735
3.753
3.761
3.787
3.795
3.813
3.821
3.84
3.857
3.876
3.893
3.911
3.92
3.945
3.962
3.989
3.999
4.025
4.04
4.067
4.053
3.17
3.195
4.158
4.175
4.112
4.138
4.163
4.187
4.216
4.205
4.261
4.278
4.303
4.32
4.334
4.346
4.405
4.433
4.473
4.504
4.544
4.571
4.676
4.701
4.713
4.696
4.633
4.615
4.561
4.533
4.478
4.5
4.889
4.879
4.88
4.915
4.975
5.018
5.053
5.058
5.148
5.181
5.209
5.194
5.312
2.09
2.068
2.085
5.505
5.861
6.455
6.513
3.957
3.955
3.958
3.952
3.875
3.882
7.265
6.864
6.76
6.752
6.159
6.148
6.147
6.101
6.045
5.689
5.629
5.563
5.531
5.663
5.414
5.384
5.36
5.307
5.322
5.396
5.44
5.238
5.737
5.976
5.645
5.572
4.836
4.734
4.671
4.699
4.993
5.462
4.856
4.891
4.983
4.974
4.956
4.953
4.943
4.95
4.973
5.151
5.311
5.132
8.066
8.068
4.648
8.051
8.044
8.035
5.082
5.136
8.018
5.811
8.017
8.017
8.018
7.972
7.683
7.685
7.662
7.634
7.857
7.619
7.847
7.659
7.639
7.647
7.368
7.245
7.226
7.259
7.367
7.726
7.771
7.764
7.648
8.133
6.845
6.773
6.611
8.187
6.071
7.197
8.187
8.187
4.518
4.379
2.68678 8.92363 2.38774
