1 361
1.825
1.833
1.836
5.676
5.699
5.283
4.927
4.679
4.681
4.712
4.791
4.682
4.691
3.944
3.895
3.822
3.831
3.849
3.857
3.874
3.875
3.892
3.909
3.926
3.935
3.962
3.964
3.987
3.996
4.022
4.03
4.048
4.064
4.089
4.098
4.132
4.14
4.172
4.18
4.212
4.222
4.202
4.159
4.089
4.066
2.312
2.306
2.256
2.25
2.209
2.213
2.24
2.24
2.285
2.293
2.318
2.326
2.352
2.361
2.387
2.395
2.419
2.436
2.46
2.476
2.5
2.516
2.549
2.556
2.582
2.599
2.634
2.651
2.675
2.703
2.736
2.744
2.788
2.803
2.846
2.872
2.882
2.871
2.837
2.828
2.804
2.797
2.771
2.771
2.735
2.727
2.711
2.703
2.678
2.675
2.652
2.643
2.618
2.618
2.605
2.616
2.685
2.705
2.765
2.792
2.867
2.901
2.97
2.997
3.074
3.105
3.196
3.233
3.327
3.386
3.475
3.532
3.635
3.702
5.705
5.701
5.673
5.687
5.921
6.057
6.062
6.055
6.03
6.03
6.005
5.997
5.971
5.972
5.95
6.053
6.326
6.521
6.885
7.149
7.606
7.809
8.183
8.183
8.183
8.183
8.183
8.187
8.183
8.183
8.183
8.183
8.183
8.183
8.183
8.191
8.187
5.61
5.601
5.602
5.584
5.591
5.575
5.575
5.567
5.566
5.558
5.548
5.549
5.549
5.549
5.549
5.541
5.55
5.542
5.542
5.541
5.541
5.542
5.55
5.549
5.549
5.549
5.558
5.558
5.566
5.567
5.576
5.575
5.592
5.591
5.602
5.602
5.61
5.624
5.647
5.471
5.362
5.19
5.096
4.938
4.852
4.713
4.632
4.506
4.435
4.327
4.259
4.153
4.1
4.003
3.95
3.861
3.819
3.73
3.679
3.602
3.56
3.492
3.458
3.39
3.349
3.286
3.259
3.201
3.167
3.11
3.081
3.028
3.002
2.958
2.931
2.888
2.86
2.818
2.785
2.751
2.725
2.682
2.662
2.598
2.581
2.575
2.593
2.609
2.636
2.694
2.732
2.769
2.769
4.586
4.56
4.515
4.553
4.597
4.584
4.539
4.53
4.604
4.659
4.713
4.756
4.808
4.86
4.912
4.963
5.012
8.183
8.183
8.183
8.183
8.183
8.183
8.183
8.183
8.183
8.183
8.183
8.183
8.183
8.183
8.183
8.183
7.368
7.324
7.363
7.505
7.619
7.767
7.893
8.044
8.183
8.183
8.183
8.183
8.183
8.183
8.183
8.183
8.183
8.183
8.183
8.183
8.183
8.183
8.183
8.183
8.183
8.183
8.183
8.183
8.183
8.183
8.183
8.183
8.183
8.183
8.183
6.3
6.283
6.276
6.269
6.255
6.246
6.238
6.23
6.223
6.221
6.209
1.867
1.672
1.654
1.656
1.659
1.649
1.671
1.655
1.655
1.655
1.664
1.672
1.676
1.671
1.68
1.672
1.68
1.678
1.677
1.683
1.682
1.681
1.681
1.689
1.69
1.69
1.69
1.688
1.697
1.698
1.697
1.697
1.707
0.722907 13.3107 2.85566
