1 361
0.817
0.829
0.826
0.836
0.836
0.836
0.843
0.852
0.851
0.861
0.868
0.869
0.875
0.868
0.885
0.885
0.893
0.894
0.901
0.907
0.916
0.916
0.921
0.934
0.939
0.968
1.018
1.018
1.028
1.037
1.036
1.022
1.027
1.027
1.043
1.043
1.053
1.051
1.059
1.068
1.085
1.084
1.092
1.101
1.109
1.101
5.759
5.718
5.643
5.595
5.527
5.485
5.417
5.382
5.32
5.264
5.267
5.301
5.339
5.291
5.231
5.196
5.137
5.104
5.058
5.025
4.982
4.95
4.905
4.883
4.84
4.658
4.591
4.592
4.553
4.527
4.494
4.478
4.444
4.418
4.383
4.365
4.332
4.316
4.285
4.267
4.244
4.226
4.193
4.179
4.16
4.144
4.12
4.103
4.077
4.068
4.043
4.034
4.017
4.001
3.991
3.973
3.956
3.938
3.921
3.912
3.903
3.885
3.876
3.87
3.849
3.841
3.823
3.814
3.806
3.797
3.788
3.779
3.77
3.763
3.742
3.733
3.719
3.839
3.866
3.858
3.857
3.848
3.84
3.83
3.831
3.823
3.823
3.814
3.814
3.804
3.805
3.797
3.805
3.796
3.797
3.787
3.79
3.782
3.788
3.784
3.79
3.781
3.788
3.785
3.76
3.622
3.627
3.632
3.653
3.651
3.65
3.649
3.657
3.662
3.664
3.663
3.67
3.678
3.687
3.687
3.686
3.687
3.703
3.704
3.713
3.717
3.722
3.721
3.738
3.738
3.754
3.758
3.772
3.779
3.787
3.797
3.814
3.809
3.822
3.833
3.848
3.86
3.876
3.879
3.892
3.903
3.919
3.93
3.947
3.957
3.983
3.992
4.008
4.017
4.044
4.052
4.078
4.085
4.112
4.128
4.152
4.169
4.196
4.186
4.217
4.363
4.446
4.453
4.484
4.501
4.544
4.56
4.594
4.609
4.656
4.67
4.716
4.722
4.773
4.793
4.844
4.863
0.9
0.911
0.894
0.887
0.869
0.869
0.861
0.86
0.843
0.842
0.826
0.825
0.816
0.81
0.808
0.794
0.811
0.812
0.806
0.802
0.795
0.791
0.797
0.797
0.797
0.797
0.804
0.795
0.751
0.753
0.722
0.717
0.711
0.709
0.712
0.715
0.713
0.712
0.712
0.703
0.703
0.703
0.715
0.709
0.711
0.707
0.714
0.71
0.711
0.711
0.708
0.718
0.716
0.718
0.717
0.718
0.715
0.724
0.716
0.725
0.724
0.724
0.724
0.722
0.732
0.73
0.73
0.73
0.73
0.739
0.741
0.741
0.74
0.74
0.747
0.746
0.756
0.747
0.755
0.756
0.764
0.763
0.77
0.77
0.771
0.771
0.779
0.777
0.785
0.787
0.795
0.795
0.804
0.803
0.811
0.812
0.811
0.82
0.819
0.829
0.828
0.827
0.845
0.845
0.854
0.853
0.862
0.862
0.873
0.871
0.879
0.888
2.118
2.125
2.128
2.151
2.208
2.275
2.853
2.868
2.894
2.894
2.59
2.555
2.563
2.539
2.497
2.442
2.288
2.24
2.109
2.08
1.981
4.71134 2.57511 0.37652
