1 361
0.87
0.879
0.888
0.887
0.886
0.896
0.902
0.912
0.909
0.918
0.919
0.927
0.934
0.938
0.944
0.948
0.96
0.966
0.966
0.999
1.045
1.044
1.06
1.06
1.07
1.05
1.058
1.067
1.066
1.083
1.083
1.093
1.093
1.101
1.11
1.119
1.126
1.135
1.14
5.901
5.847
5.781
5.719
5.648
5.596
5.544
5.491
5.437
5.388
5.315
5.267
5.318
5.363
5.352
5.296
5.251
5.208
5.157
5.116
5.075
5.035
4.993
4.959
4.927
4.892
4.826
4.631
4.621
4.603
4.559
4.534
4.508
4.475
4.448
4.424
4.396
4.371
4.346
4.321
4.297
4.28
4.247
4.233
4.199
4.19
4.168
4.149
4.125
4.109
4.092
4.067
4.058
4.039
4.027
4.006
3.998
3.981
3.963
3.947
3.936
3.918
3.91
3.892
3.884
3.869
3.857
3.848
3.83
3.821
3.813
3.803
3.796
3.794
3.777
3.757
3.748
3.743
3.883
3.887
3.872
3.863
3.855
3.855
3.847
3.847
3.837
3.837
3.83
3.829
3.819
3.82
3.811
3.811
3.81
3.803
3.803
3.794
3.795
3.799
3.801
3.798
3.786
3.795
3.792
3.762
3.635
3.634
3.657
3.664
3.661
3.658
3.665
3.665
3.673
3.671
3.68
3.679
3.68
3.688
3.695
3.694
3.703
3.703
3.711
3.711
3.722
3.728
3.737
3.737
3.755
3.755
3.765
3.773
3.78
3.788
3.798
3.806
3.823
3.824
3.842
3.85
3.86
3.868
3.886
3.894
3.911
3.919
3.93
3.947
3.964
3.974
3.991
4.008
4.024
4.032
4.058
4.067
4.091
4.109
4.125
4.142
4.168
4.186
4.189
4.202
4.41
4.435
4.454
4.478
4.504
4.528
4.557
4.578
4.612
4.64
4.671
4.689
4.723
4.763
0.889
0.883
0.875
0.866
0.856
0.849
0.839
0.831
0.824
0.816
0.806
0.798
0.794
0.785
0.785
0.791
0.788
0.787
0.783
0.774
0.768
0.771
0.779
0.776
0.777
0.774
0.761
0.738
0.737
0.718
0.681
0.693
0.693
0.693
0.685
0.694
0.687
0.681
0.686
0.684
0.69
0.685
0.686
0.678
0.686
0.692
0.691
0.678
0.683
0.692
0.692
0.686
0.688
0.685
0.683
0.692
0.69
0.692
0.691
0.689
0.698
0.688
0.697
0.698
0.697
0.696
0.697
0.705
0.705
0.704
0.704
0.705
0.714
0.712
0.714
0.713
0.722
0.72
0.719
0.721
0.728
0.728
0.728
0.737
0.737
0.736
0.745
0.743
0.745
0.752
0.76
0.761
0.759
0.769
0.769
0.767
0.775
0.775
0.782
0.783
0.783
0.801
0.8
0.8
0.799
0.808
0.817
0.817
0.825
0.834
0.833
0.842
0.841
0.85
0.936
2.088
2.098
2.1
2.105
2.141
2.219
2.803
2.825
2.844
2.874
2.787
2.544
2.526
2.521
2.497
2.482
2.42
2.318
2.222
2.139
2.039
1.966
1.908
1.839
1.782
1.775
1.773
4.66421 2.55816 0.461081
