1 361
4.266
3.472
3.46
3.706
3.689
4.349
4.35
4.374
4.373
4.408
4.399
4.392
4.365
4.37
4.361
4.404
4.394
4.405
4.405
4.452
4.452
4.478
4.475
4.528
4.52
2.101
2.111
2.11
2.098
4.647
4.646
4.743
4.735
4.789
4.792
4.714
4.703
4.59
4.579
4.609
4.636
4.996
4.978
4.86
4.851
4.879
4.867
4.937
4.938
5.008
5.004
5.085
5.085
5.161
5.155
5.069
5.15
3.826
3.824
3.807
3.796
3.748
3.815
6.138
6.139
6.266
6.27
6.301
6.326
6.526
6.524
6.666
6.672
6.821
6.833
6.829
6.671
6.495
6.478
5.332
5.332
5.26
5.277
5.23
5.276
5.081
5.06
4.95
4.94
4.985
4.983
4.89
4.874
5.241
5.249
4.484
4.448
4.252
4.249
4.393
4.419
5.068
5.06
4.542
4.542
4.495
4.494
4.464
4.454
4.384
4.388
4.358
4.359
4.467
4.467
4.869
4.869
6.266
6.293
6.103
6.104
7.531
7.531
7.512
7.506
7.476
7.478
7.451
7.451
7.434
7.424
7.417
7.417
7.391
7.391
7.382
7.382
7.294
7.176
7.059
7.049
7.033
7.033
6.948
6.94
7.257
7.257
7.256
7.257
7.257
7.256
7.257
7.257
7.256
7.258
7.265
7.265
7.275
7.279
7.383
7.392
7.4
7.4
7.418
7.418
7.434
7.444
6.346
6.357
5.312
5.292
5.283
5.283
5.302
5.301
4.321
4.314
4.316
4.315
3.297
3.305
3.033
3.033
2.954
2.951
2.982
2.991
3.02
3.024
1.793
1.805
1.725
1.726
1.691
1.69
1.657
1.667
1.684
1.693
1.666
1.669
1.61
1.61
2.279
2.289
2.241
2.241
1.951
1.96
1.888
1.886
1.828
1.835
1.78
1.787
1.739
1.748
1.714
1.714
1.73
1.74
1.755
1.756
1.762
1.773
1.475
1.473
1.695
1.592
1.842
1.843
1.433
1.445
1.361
1.363
1.331
1.343
1.294
1.292
1.24
1.248
1.221
1.224
0.955
0.971
0.919
0.928
0.893
0.893
0.868
0.868
0.85
0.856
0.833
0.839
0.826
0.833
0.815
0.814
0.806
0.807
0.799
0.8
0.79
0.791
0.783
0.79
0.781
0.778
0.785
0.781
0.777
0.784
0.774
0.783
0.777
0.774
0.773
0.774
0.773
0.774
0.774
0.784
0.773
0.781
0.775
0.775
0.781
0.778
0.771
0.783
0.77
0.779
0.776
0.779
0.823
0.832
0.813
0.822
0.805
0.813
0.807
0.807
0.797
0.798
0.79
0.791
0.783
0.791
0.785
0.787
0.777
0.788
0.779
0.79
0.781
0.785
1.027
1.041
1.361
1.371
1.555
1.565
1.485
1.486
1.486
1.494
1.494
1.503
1.495
1.503
1.503
1.503
1.502
1.512
1.504
1.513
1.512
1.512
1.512
1.512
1.503
1.513
1.504
1.513
1.504
1.513
1.517
1.54
1.704
1.705
1.711
1.713
1.718
1.719
1.723
1.732
1.727
1.737
1.739
1.74
2.40606 8.99679 4.14528
