1 361
5.559
5.523
5.474
5.41
5.336
5.294
5.245
5.25
5.035
4.99
4.942
4.915
4.887
4.871
4.839
4.858
5.188
5.165
5.161
5.201
4.935
4.891
4.873
4.825
4.753
4.699
4.67
4.657
4.64
4.708
4.837
5.022
5.153
5.209
4.757
4.125
4.108
4.083
4.072
4.048
4.031
4.021
4.003
3.988
3.979
3.962
3.952
3.935
3.926
3.909
3.9
3.887
3.878
3.867
3.86
3.843
3.843
3.825
3.825
3.809
3.809
3.801
3.792
3.784
3.776
3.767
3.766
3.758
3.755
3.748
3.74
3.734
3.731
3.731
3.723
3.725
3.716
3.717
3.718
3.709
3.709
3.711
3.711
3.709
3.706
3.707
3.701
3.706
3.706
3.708
3.712
3.71
3.711
3.708
3.713
3.711
3.717
3.72
3.722
3.731
3.729
3.731
3.738
3.738
3.746
3.747
3.755
3.762
3.762
3.769
3.777
3.785
3.793
3.824
4.985
4.994
5.003
5.018
5.027
5.043
5.051
5.069
5.075
5.093
5.1
5.117
5.134
5.15
5.167
5.182
5.198
5.216
5.242
5.258
5.274
5.292
5.317
5.335
5.361
5.386
5.404
5.428
5.452
5.471
5.505
5.522
5.555
5.581
5.608
5.636
5.661
5.698
5.725
5.761
5.794
5.82
5.854
5.889
5.93
5.963
5.997
6.036
6.078
6.121
6.155
6.206
6.241
6.178
6.111
6.046
5.98
5.927
5.868
5.818
5.757
3.006
2.992
2.966
2.94
2.914
2.898
2.87
2.846
2.821
2.805
2.78
2.77
2.746
2.73
2.712
2.694
2.677
2.66
2.642
2.625
2.608
2.591
2.574
2.565
2.55
2.533
2.517
2.508
2.491
2.484
2.467
2.459
2.442
2.432
2.425
2.408
2.4
2.392
2.383
2.375
2.357
2.349
2.341
2.333
2.324
2.314
2.307
2.299
2.29
2.282
2.282
2.273
2.264
2.264
2.247
2.247
2.238
2.238
2.229
2.229
2.221
2.22
2.211
2.202
2.202
2.193
2.193
2.193
2.183
2.184
2.175
2.184
2.175
2.175
2.849
2.861
2.894
2.972
2.994
3.087
3.417
3.42
3.435
3.42
3.469
3.56
3.929
3.974
3.983
3.76
3.964
3.965
3.964
3.449
3.22
3.212
3.215
3.208
3.221
3.165
3.229
3.747
3.921
3.911
3.43
3.301
3.247
3.26
3.663
3.495
3.377
3.235
3.224
3.229
3.243
3.24
3.257
3.268
3.849
3.726
3.598
3.477
3.37
3.265
3.173
3.181
3.19
3.189
3.207
3.207
3.215
3.233
3.241
3.25
3.267
3.275
3.621
3.573
3.532
3.487
3.447
3.396
3.366
3.322
3.341
7.9
7.934
7.972
8.005
8.037
8.084
8.116
8.16
8.183
8.183
8.183
8.183
8.183
8.183
4.926
4.859
4.841
4.799
4.712
4.686
4.668
4.653
4.633
4.626
4.604
4.581
4.578
4.561
4.553
4.543
4.535
4.73
5.332
5.375
5.417
5.458
5.508
5.562
5.604
5.66
5.704
12.295 6.08113 0.937608
