1 361
0.388
0.39
0.4
0.394
0.394
0.391
0.393
0.396
0.384
0.405
0.397
0.403
0.406
0.4
0.397
0.398
0.403
0.416
0.421
0.447
0.437
0.465
0.462
0.49
0.497
0.519
0.52
0.56
0.558
0.597
0.601
0.643
0.647
0.712
0.717
0.778
0.797
0.876
0.902
1.129
1.173
1.289
1.338
1.489
1.571
1.797
1.921
2.244
2.473
2.994
3.5
4.744
5.047
5.037
5.038
5.038
5.037
5.037
5.037
5.037
5.044
5.046
5.055
5.055
5.054
5.054
5.061
5.07
5.07
5.079
5.087
5.085
5.096
5.105
5.111
5.111
5.129
4.466
4.352
4.507
4.398
3.922
3.852
3.881
3.564
3.418
3.358
3.263
3.146
2.895
2.899
2.889
2.879
2.755
2.707
2.629
2.586
2.514
2.464
2.397
2.356
2.293
2.263
2.207
2.208
5.582
5.602
5.628
5.655
5.682
5.707
5.735
5.752
4.877
5.787
5.847
5.874
5.831
5.857
5.891
5.924
5.943
5.962
5.981
6
6.027
6.053
6.113
6.148
6.2
6.267
6.334
6.388
6.303
6.252
6.167
3.675
3.656
6.434
6.505
6.551
6.62
6.673
6.651
6.619
6.678
6.734
6.74
6.7
7.42
7.479
5.446
5.447
5.374
5.485
7.866
7.943
8.031
8.113
8.183
8.183
8.183
8.183
8.183
7.727
7.363
7.324
7.274
7.235
7.178
7.159
6.717
6.709
6.652
6.625
6.72
6.859
6.869
6.136
5.883
5.906
6.328
6.714
6.2
6.147
6.109
6.088
6.053
5.986
5.954
5.939
6.029
6.147
6.435
6.452
6.614
8.183
7.932
7.814
7.934
8.183
8.183
8.183
8.183
8.183
8.183
8.183
8.183
8.183
8.183
8.183
8.183
8.183
8.183
8.183
8.183
8.183
1.731
1.687
1.634
1.602
1.617
1.92
1.977
8.183
8.183
8.183
8.183
8.183
8.183
8.183
1.949
1.943
1.945
1.908
1.742
1.699
1.662
1.644
1.635
1.64
1.644
1.644
1.652
1.653
1.66
1.659
1.669
1.677
1.677
1.684
1.694
1.702
1.702
1.719
1.719
1.726
1.727
1.734
1.742
1.75
1.759
1.768
1.767
1.766
1.721
1.688
1.69
1.698
1.681
1.668
1.659
1.659
1.649
1.649
1.642
1.601
1.503
1.486
1.468
1.448
1.421
1.399
1.378
1.353
1.314
1.278
1.251
1.233
1.487
1.49
1.473
1.489
1.489
0.993
0.895
0.887
0.878
0.861
0.854
0.845
0.836
0.827
0.82
0.812
0.802
0.795
0.787
0.777
0.761
0.761
0.754
0.737
0.738
0.731
0.723
0.723
0.714
0.707
0.706
0.698
0.691
0.682
0.681
0.672
0.675
0.667
0.66
0.649
0.649
0.649
0.641
0.633
0.634
0.634
0.626
0.618
0.617
0.617
0.617
0.611
0.609
0.603
0.604
0.603
0.592
0.592
0.591
0.594
0.583
0.584
0.584
0.577
0.578
0.568
0.568
0.567
0.569
0.561
0.57
0.561
4.39407 8.2628 3.19508
