1 361
2.115
2.108
2.108
2.108
2.094
2.105
2.095
2.094
2.085
2.085
2.084
2.079
2.077
2.071
2.071
2.08
2.072
2.063
2.064
2.061
2.051
2.052
2.052
2.056
2.056
2.051
2.051
2.059
2.05
2.055
2.056
2.058
2.049
2.057
2.056
2.058
2.059
2.066
2.057
2.065
2.056
2.065
2.065
2.075
2.064
2.075
2.075
2.079
2.08
2.082
2.082
2.091
2.091
2.141
2.138
2.137
2.135
2.109
2.108
2.126
2.117
2.135
2.134
2.141
2.142
3.35
3.358
3.383
3.374
3.399
3.4
3.424
3.424
3.44
3.449
3.474
3.474
3.5
3.5
3.526
3.517
3.561
3.552
3.587
3.587
3.614
3.623
3.647
3.648
3.69
3.691
3.725
3.724
3.767
3.767
3.81
3.809
3.852
3.851
3.897
3.895
3.948
3.949
4.001
4.002
4.053
4.052
4.103
4.103
4.162
4.17
4.22
4.227
4.294
4.293
4.358
4.368
4.436
4.436
4.514
4.512
4.58
4.589
4.665
4.673
4.761
4.76
4.85
4.858
4.893
4.882
4.819
4.809
4.748
4.737
4.676
4.678
4.628
4.615
4.566
4.56
4.509
4.509
4.463
4.463
4.419
4.41
4.374
4.369
4.326
4.327
4.277
4.278
4.236
4.237
4.196
4.201
4.168
4.165
4.134
4.134
4.1
4.102
4.071
4.071
4.07
4.07
4.035
4.043
4.017
4.017
3.992
3.992
3.965
3.973
3.938
3.947
3.92
3.92
1.938
1.938
1.931
1.931
1.922
1.922
1.922
1.922
1.913
1.914
1.906
1.906
1.907
1.906
1.897
1.898
1.891
1.9
1.886
1.902
1.881
1.89
1.885
1.887
1.884
1.893
1.887
1.896
1.887
1.894
1.892
1.891
1.885
1.893
1.889
1.888
1.885
1.892
1.89
1.898
1.896
1.896
1.895
1.905
1.904
1.913
1.912
1.912
1.912
1.921
1.921
1.93
1.929
1.93
1.937
1.946
1.946
1.954
1.953
1.962
1.971
1.971
1.98
1.988
1.988
1.997
2.005
2.005
2.014
2.023
2.031
2.041
2.04
2.048
2.057
2.066
2.076
2.076
2.093
2.103
2.11
2.111
2.128
2.137
2.147
2.155
2.173
2.181
2.199
2.199
2.217
2.226
2.243
2.251
2.268
2.267
2.293
2.302
2.319
3.845
3.767
3.759
3.687
3.69
3.695
3.711
3.765
3.782
3.982
3.982
3.903
3.903
3.825
3.815
3.811
3.83
3.872
3.889
3.935
3.96
4.011
4.041
4.213
4.219
4.174
4.17
4.209
4.151
5.766
5.777
5.703
5.682
5.649
5.651
5.644
5.643
5.634
5.637
5.632
5.635
5.62
5.627
6.67
6.703
6.843
6.879
7.026
7.069
7.23
7.271
7.446
7.49
6.816
6.898
7.93
7.973
4.91
4.901
4.858
4.859
4.816
4.816
4.78
4.771
4.735
4.736
4.7
4.692
4.666
4.668
4.634
4.624
4.599
4.599
4.575
4.568
4.54
4.543
4.516
4.517
4.501
4.502
1.53643 -1.58689 -0.136188
