1 361
2.341
2.248
2.202
2.122
2.092
2.014
1.995
2.002
2
2.01
2.018
2.026
2.035
2.053
2.061
2.07
2.08
2.08
2.076
2.09
2.1
2.116
2.132
2.148
2.167
2.193
2.201
2.223
1.855
1.801
1.811
1.809
1.812
1.813
1.826
1.829
1.834
1.842
1.841
1.857
1.868
1.892
1.909
1.905
1.916
1.958
1.979
2.015
2.033
2.456
2.463
2.466
2.476
2.491
2.496
2.519
2.534
2.555
2.587
2.633
2.652
2.721
2.775
2.822
2.826
2.839
2.877
2.877
2.888
2.883
2.894
2.961
2.986
3.015
3.04
2.695
1.378
1.333
1.351
1.367
1.376
1.402
1.409
1.435
1.443
1.468
1.485
1.51
1.526
1.543
1.569
1.592
1.617
1.641
1.667
1.691
1.717
1.744
1.769
1.811
1.835
1.869
1.903
1.945
1.978
2.022
2.067
2.11
2.155
2.199
2.249
2.308
2.358
2.422
2.486
2.563
2.629
2.713
2.797
2.896
2.981
3.097
3.195
3.325
3.447
3.596
3.743
3.915
4.079
4.345
4.55
4.791
5.062
5.381
5.724
6.119
6.499
6.98
8.183
8.183
8.183
8.183
8.183
8.183
8.183
8.183
8.183
8.183
8.051
8.183
8.183
7.665
7.411
7.411
7.422
7.412
7.419
7.419
7.435
7.427
7.444
7.444
7.45
7.457
7.476
7.471
7.486
7.495
7.513
7.51
7.528
7.537
7.551
7.563
7.579
7.587
7.615
7.621
7.647
7.748
8.183
8.183
8.183
8.183
8.183
8.183
8.183
8.183
8.183
8.183
8.183
8.183
8.183
8.183
8.183
8.183
8.183
8.183
8.183
8.183
8.183
8.183
8.183
8.183
8.183
8.183
8.183
8.183
8.183
8.183
8.183
8.183
8.183
8.183
8.183
8.183
8.183
8.183
8.183
8.183
8.183
8.183
8.183
8.183
8.183
8.183
8.183
8.183
8.183
8.183
8.183
8.183
8.183
8.183
8.183
0.715
0.722
0.713
0.69
0.681
0.681
0.672
0.68
0.672
0.673
0.663
0.664
0.655
0.656
0.648
0.649
0.64
0.64
0.64
0.64
0.631
0.632
0.622
0.621
0.614
0.623
0.614
0.613
0.608
0.613
0.606
0.606
0.598
0.605
0.597
0.598
0.599
0.599
0.589
0.59
0.59
0.589
0.589
0.59
0.588
0.582
0.583
0.581
0.582
0.582
0.572
0.581
0.573
0.573
0.574
0.572
0.573
0.573
0.564
0.574
0.574
0.565
0.565
0.573
0.566
0.566
0.568
0.564
0.57
0.575
0.564
0.555
0.546
0.555
0.564
0.579
0.561
0.566
0.57
0.568
0.568
0.566
0.565
0.572
0.566
0.573
0.572
0.572
0.571
0.582
0.573
0.581
0.572
0.581
0.572
0.58
0.573
0.581
0.581
0.59
0.581
0.583
0.581
0.592
0.59
0.591
0.589
0.59
0.59
0.599
0.598
0.598
0.598
0.606
0.608
0.606
0.605
0.615
0.615
0.614
0.613
0.623
0.623
0.622
0.622
0.632
11.0083 11.2384 4.8464
