1 361
1.059
1.068
1.06
1.068
1.06
1.067
1.056
1.067
1.054
1.068
1.064
1.047
1.038
1.038
1.038
1.047
1.056
1.062
1.064
1.061
1.056
1.056
1.055
1.068
1.059
1.066
1.065
1.069
1.066
1.072
1.072
1.073
1.072
1.082
1.082
1.09
1.081
1.089
1.089
1.089
1.089
1.098
1.099
1.106
1.098
1.107
1.107
1.115
1.115
1.123
1.123
1.132
1.123
1.132
1.132
1.141
1.149
1.148
1.158
1.157
1.156
1.167
1.167
1.167
1.175
1.184
1.184
1.192
1.192
1.201
1.209
1.219
1.219
1.227
1.227
1.236
1.245
1.326
1.351
1.849
1.848
1.866
1.873
1.921
4.138
4.18
4.19
4.23
4.245
4.287
4.304
4.346
4.372
4.414
4.433
4.485
4.501
4.551
4.568
4.629
4.654
4.706
4.725
4.788
4.804
4.849
4.838
4.775
4.757
4.659
4.331
2.646
2.628
2.586
2.577
2.544
2.544
2.514
2.537
2.588
2.613
2.664
2.682
2.726
2.741
2.793
2.817
2.87
2.885
2.946
2.972
3.027
3.053
3.122
3.148
3.218
3.24
3.322
3.339
3.309
3.309
3.284
3.285
3.259
3.259
3.234
3.234
3.209
3.208
3.185
3.184
3.167
3.168
3.142
3.152
3.13
3.193
3.307
3.363
3.484
3.539
3.687
3.76
3.944
4.022
4.214
4.296
6.683
6.681
6.665
6.662
6.637
6.638
6.62
6.62
6.586
6.675
7.202
7.464
8.183
8.183
8.183
8.183
8.183
8.183
8.183
8.191
8.187
8.183
8.183
8.183
8.191
8.187
8.187
8.191
8.191
6.304
6.292
6.3
6.291
6.292
6.282
6.282
6.275
6.275
6.266
6.274
6.266
6.267
6.266
6.267
6.266
6.273
6.265
6.274
6.273
6.281
6.282
6.291
6.29
6.299
6.3
6.307
6.315
6.324
6.324
6.332
6.341
6.349
6.412
6.323
6.109
6.013
5.808
5.723
5.529
5.455
5.289
5.215
5.063
4.996
4.854
4.802
4.669
4.618
4.5
4.45
4.349
4.306
4.204
4.157
4.064
4.031
3.942
3.908
3.831
3.791
3.725
3.681
3.611
3.587
3.518
3.483
3.423
3.399
3.286
3.284
3.294
3.31
3.341
3.388
3.428
3.463
5.123
5.145
5.197
5.219
5.266
5.236
5.213
5.239
5.258
5.225
5.199
5.242
5.331
5.362
5.421
5.454
5.533
5.564
5.625
5.654
8.183
8.183
8.183
8.183
8.183
8.183
8.183
8.183
8.183
8.183
8.183
8.183
8.183
8.183
8.183
8.183
7.948
7.922
7.879
7.969
8.118
8.183
8.183
8.183
8.183
8.183
8.183
8.183
8.183
8.183
8.183
8.183
8.183
2.087
2.067
2.066
2.057
2.062
2.058
2.056
2.049
2.048
2.044
2.039
2.031
2.022
2.014
2.014
2.006
2.007
2.006
1.997
1.988
1.989
1.981
1.981
1.972
1.973
1.965
1.965
1.957
1.957
1.948
1.949
1.949
1.944
1.941
1.949
1.44165 12.9813 2.54678
