1 361
1.261
1.268
1.267
1.278
1.277
1.284
1.275
1.281
1.29
1.288
1.296
1.304
1.302
1.312
1.31
1.311
1.319
1.326
1.324
1.332
1.34
1.341
1.347
1.356
1.354
1.363
1.37
1.379
1.384
1.395
1.401
1.406
1.415
1.424
1.431
1.449
1.457
1.475
1.486
1.502
1.516
1.529
1.549
1.567
1.587
1.594
1.614
1.622
1.641
1.657
1.669
1.685
1.696
1.721
1.732
1.748
1.759
1.776
1.786
1.802
1.812
1.83
1.838
1.862
1.871
1.896
1.904
1.93
1.939
1.968
1.974
2.006
2.016
2.041
2.059
2.086
2.093
2.13
2.137
2.173
2.191
2.225
2.242
2.28
2.293
2.335
2.353
2.394
2.409
2.46
2.475
2.525
2.55
2.601
2.619
2.668
2.704
2.754
2.789
2.844
2.879
2.95
2.987
3.057
3.089
3.169
3.21
3.294
3.334
3.422
3.461
3.561
3.615
3.699
3.707
5.196
5.199
5.19
5.189
5.174
5.18
5.264
5.206
5.164
5.158
5.138
5.24
5.501
5.641
5.91
6.086
6.39
6.614
6.976
7.224
7.665
7.954
8.183
8.183
8.183
8.183
8.183
8.183
8.187
8.183
8.187
8.183
8.187
8.183
8.183
8.183
8.183
8.183
8.183
8.183
8.183
8.183
8.183
8.183
8.183
8.183
8.183
8.183
8.183
8.183
8.183
8.183
8.183
8.183
8.183
8.183
8.183
8.183
8.183
8.183
8.183
8.183
8.183
8.183
8.067
8.082
7.954
7.103
6.775
6.601
6.347
6.183
5.96
5.823
5.629
5.506
5.325
5.209
5.225
5.243
5.238
5.132
4.989
4.915
4.444
4.29
4.223
4.166
4.065
4.008
3.91
3.864
3.776
3.726
3.646
3.597
3.525
3.482
3.407
3.374
3.309
3.268
3.21
3.175
3.115
3.08
3.027
3.001
2.949
2.922
2.881
2.854
2.805
2.787
2.745
2.721
2.677
2.658
2.613
2.573
2.549
2.544
2.561
2.585
2.594
2.621
2.621
2.608
2.575
2.56
2.525
2.517
2.485
2.467
2.443
2.427
2.401
2.394
2.37
2.361
2.335
2.327
2.303
2.294
2.267
2.26
2.234
2.234
2.209
2.2
2.181
2.182
2.156
2.146
2.128
2.119
1.934
1.918
1.901
1.901
1.893
1.897
1.886
1.885
1.868
1.868
1.852
1.851
1.835
1.835
1.819
1.817
1.808
1.801
1.793
1.793
1.784
1.775
1.767
1.767
1.757
1.75
1.743
1.741
1.732
1.732
1.722
1.723
1.715
1.715
1.706
1.706
1.698
1.698
1.689
1.69
1.681
1.69
1.682
1.681
1.672
1.673
1.665
1.665
1.665
1.665
1.656
1.657
1.656
1.649
1.65
1.652
1.647
1.651
1.649
1.645
1.646
1.65
1.64
1.64
1.623
1.623
1.623
1.64
1.65
1.651
1.642
1.645
1.64
1.648
1.652
1.651
1.65
1.657
1.649
1.657
1.657
1.666
1.666
1.665
1.666
1.674
1.674
1.674
1.683
1.683
6.00483 12.9456 0.172552
