1 361
1.758
1.754
1.756
1.757
1.753
1.646
1.646
1.629
1.639
1.644
1.621
1.629
1.649
1.646
1.629
1.513
1.514
1.519
1.521
1.524
1.524
1.541
1.549
1.548
1.547
1.548
1.555
1.555
1.555
1.563
1.563
1.563
1.573
1.568
1.58
1.58
1.587
1.587
1.586
1.588
1.604
1.604
1.605
1.612
1.612
1.62
1.629
1.628
1.636
1.636
1.646
1.646
1.653
1.654
1.661
1.67
1.678
1.678
1.687
1.738
4.731
4.75
4.774
4.784
4.81
4.839
4.86
4.877
4.904
4.92
4.952
4.979
5.021
5.028
5.07
5.087
5.127
5.141
5.194
5.208
5.25
5.271
5.321
5.347
5.391
5.407
5.46
5.486
5.546
5.559
5.557
5.651
5.579
5.729
5.798
5.823
5.9
5.93
5.997
6.03
6.106
6.138
6.218
6.25
6.33
6.371
6.459
6.503
6.592
6.634
6.736
6.781
6.878
6.929
7.04
7.088
7.199
7.257
7.382
7.44
7.56
7.624
3.795
3.778
3.763
3.737
3.721
3.757
3.816
3.86
3.94
3.983
4.064
4.111
4.191
4.241
4.344
4.395
4.502
4.555
4.67
4.722
4.855
4.91
5.055
5.13
5.28
5.359
5.53
5.616
5.808
5.894
6.104
6.163
6.145
6.128
6.113
6.091
6.083
6.068
6.048
6.038
6.032
6.009
6.005
5.988
5.973
5.97
5.963
5.952
5.946
5.935
5.928
5.915
5.917
5.91
5.907
5.897
5.892
5.887
5.889
5.881
5.877
5.873
5.874
5.872
5.873
5.865
5.872
5.871
5.87
5.869
5.873
5.87
5.645
5.007
4.146
3.854
3.299
3.089
2.917
2.918
2.926
2.918
2.927
2.927
2.934
2.936
2.942
2.94
2.951
2.951
2.96
2.958
2.967
2.967
2.976
2.986
2.994
2.994
3.011
3.012
3.02
3.021
3.039
3.037
3.056
3.057
3.075
3.073
3.091
3.091
3.108
3.108
3.126
3.135
3.151
3.159
3.176
3.175
3.202
3.201
3.22
3.228
3.165
3.139
3.073
3.053
2.973
2.948
2.887
2.859
2.801
2.776
2.719
2.701
2.649
2.632
2.58
2.566
2.524
2.499
2.458
2.442
2.401
2.391
2.35
2.343
2.301
2.291
2.257
2.24
2.206
2.197
2.161
2.154
2.128
2.109
2.083
2.073
2.048
2.039
2.021
2.005
1.988
1.979
1.945
1.937
1.92
1.912
1.894
1.888
1.861
1.862
1.846
1.84
1.818
1.811
1.794
1.786
1.77
1.77
1.752
1.751
1.735
1.727
1.709
1.708
1.7
1.692
1.674
1.675
1.658
1.659
1.642
1.643
1.627
1.627
1.619
1.619
1.602
1.602
1.586
1.594
1.577
1.578
1.561
1.561
1.553
1.553
1.545
1.548
1.536
1.536
1.529
1.529
1.521
1.521
1.512
1.513
1.504
1.505
1.504
1.504
1.497
1.497
1.487
1.49
1.481
1.482
1.482
1.482
1.473
1.473
1.466
1.474
1.466
1.467
1.46
1.469
1.461
-2.60047 11.5057 4.21798
