1 361
1.732
1.722
1.706
1.697
1.688
1.671
1.664
1.646
1.638
1.629
1.621
1.603
1.604
1.588
1.579
1.57
1.563
1.553
1.546
1.537
1.536
1.52
1.52
1.511
1.503
1.494
1.494
1.477
1.478
1.469
1.469
1.451
1.452
1.444
1.445
1.428
1.427
1.418
1.418
1.409
1.41
1.402
1.402
1.393
1.393
1.384
1.384
1.356
1.355
1.348
1.348
1.339
1.34
1.343
1.377
1.415
1.556
1.602
1.62
8.183
8.183
8.183
8.183
8.183
8.183
8.183
8.183
8.183
3.039
3.169
3.479
3.64
4.084
4.35
5.298
5.777
7.601
8.183
8.183
8.183
8.183
8.183
8.183
8.183
8.183
8.183
8.183
8.183
8.183
8.183
8.183
8.183
8.183
8.183
8.183
8.183
8.183
8.183
8.183
8.183
8.183
8.183
8.183
8.183
8.183
8.183
8.183
8.183
8.183
8.183
8.183
8.183
8.183
8.183
8.183
8.183
8.183
8.183
8.183
8.183
8.183
8.183
8.183
2.557
2.532
2.511
2.461
2.435
2.394
2.378
2.339
2.322
2.28
2.263
2.228
2.212
2.186
2.168
2.142
2.115
2.099
2.079
2.054
2.036
2.011
2.003
1.976
1.969
1.942
1.925
1.907
1.891
1.884
1.881
1.901
1.893
1.948
1.871
1.81
1.792
1.768
1.759
1.741
1.724
1.729
1.73
1.764
1.756
1.802
1.802
1.837
1.837
1.862
1.861
1.896
1.895
1.929
1.93
1.973
1.972
2.016
2.016
2.06
2.059
2.103
2.101
2.146
2.146
2.198
2.197
2.242
2.251
2.302
2.302
2.36
2.36
2.414
2.423
2.487
2.495
2.561
2.57
2.64
2.645
2.717
2.723
2.814
2.828
2.909
2.918
3.011
3.02
3.124
3.131
3.249
3.26
3.373
3.389
3.518
3.534
3.666
3.695
3.834
3.866
4.031
4.07
4.25
4.301
4.494
4.549
4.778
4.822
5.082
5.15
5.442
5.531
5.785
6.175
7.087
7.219
7.259
7.249
7.348
7.485
7.477
7.464
7.437
7.448
7.412
7.38
7.376
7.372
7.353
7.348
7.328
7.31
7.316
7.326
7.306
7.317
7.328
7.424
7.286
7.273
7.225
7.224
7.324
7.349
7.358
7.347
7.383
7.368
7.41
7.385
8.187
8.187
8.187
8.183
8.187
8.183
8.187
8.187
8.183
8.183
8.183
8.183
8.191
8.191
7.383
7.166
7.19
7.191
6.613
6.314
6
5.93
5.662
5.605
5.364
5.31
5.085
5.042
4.84
4.808
4.612
4.571
4.365
4.372
4.395
4.403
4.423
4.419
4.245
4.22
4.078
4.053
3.936
3.916
3.484
3.481
3.427
3.411
3.323
3.307
3.222
3.215
3.129
3.121
3.049
3.036
2.963
2.962
2.893
2.885
2.817
2.818
2.76
2.751
2.693
2.694
2.64
2.632
2.581
2.572
2.532
2.533
2.484
2.482
2.433
2.434
2.396
2.389
2.353
2.354
2.311
2.304
2.28
2.273
2.239
2.239
2.212
10.4372 13.2407 5.40317
