1 361
1.734
1.743
1.751
1.76
1.778
1.777
1.794
1.802
1.819
1.827
1.844
1.851
1.87
1.876
1.894
1.902
1.918
1.925
1.95
1.957
1.983
1.99
2.01
2.026
2.046
2.061
2.078
2.095
2.111
2.13
2.156
2.174
2.202
2.215
2.242
2.257
2.292
2.3
2.337
2.358
2.39
2.406
2.446
2.471
2.505
2.53
2.569
2.595
2.636
2.657
2.705
2.732
2.781
2.816
2.874
2.901
2.961
2.988
3.059
3.094
3.155
3.19
3.261
3.303
3.378
3.424
3.503
3.551
3.645
3.684
3.795
3.845
3.961
4.011
4.145
4.211
4.355
4.403
5.001
5.89
5.893
5.884
5.899
5.964
5.883
5.854
5.851
5.842
6.181
6.337
6.681
6.855
7.251
7.456
7.924
8.157
8.183
8.183
8.183
8.183
8.183
8.183
8.183
8.183
8.183
8.183
8.183
8.183
8.183
8.183
8.183
8.183
8.183
8.183
8.183
8.183
8.183
8.183
8.183
8.183
8.183
8.183
8.183
8.183
8.183
8.183
8.187
8.187
8.183
8.183
8.183
4.029
4.094
4.134
4.209
4.249
4.34
4.384
4.478
4.526
4.554
4.545
4.537
4.528
4.537
4.527
4.524
4.515
4.526
4.517
4.521
4.512
4.512
4.513
4.513
4.508
4.364
4.302
4.16
4.111
3.99
3.942
3.835
3.788
3.696
3.648
3.553
3.518
3.425
3.385
3.312
3.28
3.214
3.167
3.082
3.074
3.101
3.108
3.134
3.135
3.118
3.094
3.034
3.009
2.955
2.928
2.886
2.86
2.818
2.793
2.75
2.725
2.692
2.675
2.632
2.616
2.399
2.33
2.289
2.283
2.278
2.26
2.233
2.224
2.2
2.181
2.156
2.146
2.118
2.112
2.087
2.075
2.059
2.041
2.024
2.016
1.997
1.99
1.963
1.955
1.94
1.93
1.914
1.905
1.887
1.879
1.862
1.855
1.846
1.837
1.83
1.819
1.801
1.794
1.786
1.777
1.767
1.758
1.75
1.742
1.733
1.732
1.715
1.707
1.699
1.698
1.69
1.681
1.681
1.674
1.664
1.657
1.657
1.649
1.634
1.634
1.624
1.624
1.616
1.616
1.607
1.607
1.599
1.6
1.59
1.591
1.583
1.582
1.576
1.574
1.574
1.566
1.566
1.558
1.557
1.557
1.557
1.557
1.55
1.55
1.55
1.55
1.542
1.541
1.541
1.542
1.534
1.535
1.536
1.532
1.537
1.531
1.534
1.532
1.53
1.522
1.522
1.522
1.539
1.527
1.535
1.53
1.531
1.529
1.535
1.535
1.542
1.542
2.047
2.047
2.073
2.073
2.073
2.082
2.082
2.082
2.091
2.091
2.091
2.1
2.099
2.098
2.109
2.111
2.093
2.093
2.101
2.101
4.948
4.945
5.029
4.947
4.97
4.961
4.182
4.173
4.11
4.118
4.141
4.142
4.169
4.171
4.202
4.202
4.232
4.244
4.268
4.277
4.308
4.309
4.343
4.351
4.384
4.394
4.428
4.437
4.472
4.48
4.514
4.533
4.542
-1.38298 13.9383 0.358587
