1 361
1.297
1.253
1.245
1.239
1.087
1.067
1.066
1.059
1.059
1.05
1.05
1.042
1.051
1.05
1.048
1.041
1.041
1.041
1.032
1.032
1.024
1.024
1.023
1.016
1.016
1.007
1.007
0.999
0.999
0.999
0.992
0.991
0.991
0.982
0.991
0.982
0.982
0.974
0.982
0.974
0.974
0.966
0.966
0.966
0.966
0.957
0.966
0.957
0.957
0.958
0.957
0.949
0.949
0.95
0.95
0.941
0.95
0.942
0.942
0.943
0.943
0.934
0.938
0.94
0.944
0.94
0.939
0.932
0.937
0.941
0.944
0.935
0.935
0.926
0.935
0.935
0.942
0.942
0.946
3.661
3.672
3.672
3.68
3.679
3.68
3.68
3.689
3.689
3.705
3.697
3.714
3.714
3.731
3.731
3.746
3.747
3.763
3.77
3.781
3.78
3.798
3.798
3.815
3.815
3.833
3.841
3.86
3.86
3.876
3.884
3.903
3.91
3.929
3.937
3.956
3.964
3.991
4
4.017
4.026
4.051
4.06
4.084
4.101
4.135
4.135
4.167
4.183
4.21
4.226
4.251
4.265
4.299
4.315
4.349
4.367
4.391
4.41
4.452
4.462
4.502
4.521
4.555
4.579
4.623
4.638
4.676
4.684
4.75
4.768
4.772
4.718
4.886
4.913
4.965
4.99
5.046
5.071
5.135
5.153
5.217
5.244
5.313
5.338
5.404
5.438
5.515
5.543
5.622
5.655
5.751
5.786
5.873
5.907
5.996
6.039
6.141
6.192
6.298
6.339
6.446
6.492
6.623
6.674
6.794
6.866
6.988
7.06
7.19
2.916
2.902
2.894
2.877
2.859
2.853
2.887
2.955
2.981
3.07
3.095
3.18
3.212
3.305
3.337
3.435
3.473
3.589
3.632
3.745
3.795
3.934
3.986
4.13
4.195
4.353
4.421
4.609
4.683
4.893
4.989
5.07
5.057
5.048
5.042
5.028
5.026
5.011
4.998
4.994
4.986
4.985
4.966
4.968
4.958
4.952
4.941
4.94
4.933
4.935
4.936
4.926
4.919
4.919
4.911
4.908
4.908
4.909
4.903
4.908
4.901
4.909
4.908
4.908
4.906
4.916
4.914
4.924
4.92
4.92
4.924
4.932
4.929
4.934
4.941
4.948
4.958
4.965
4.964
4.98
4.984
4.793
4.653
4.378
4.276
4.024
3.946
3.753
3.671
3.499
3.431
3.279
3.221
3.074
3.041
2.916
2.873
2.756
2.722
2.629
2.598
2.51
2.483
2.411
2.411
2.42
2.428
2.437
2.444
2.461
2.46
2.477
2.484
2.505
2.505
2.522
2.522
2.546
2.548
2.574
2.572
2.598
2.599
2.623
2.631
2.651
2.659
2.676
2.685
2.711
2.719
2.736
2.744
2.779
2.779
2.804
2.82
2.847
2.862
2.89
2.896
2.922
2.932
2.967
2.976
3.014
3.023
3.005
2.995
2.961
2.943
2.909
2.892
2.849
2.849
2.808
2.801
2.768
2.759
2.726
2.718
2.683
2.676
2.645
2.645
2.608
2.6
2.577
2.576
2.545
2.537
2.513
-3.23305 10.8582 3.67367
