1 361
0.542
0.566
0.566
0.594
0.593
0.608
0.607
0.642
0.641
0.667
0.667
0.638
0.639
0.618
0.618
0.614
0.619
0.621
0.613
0.611
0.614
0.616
0.611
0.621
0.62
0.617
0.614
0.616
0.621
0.623
0.623
0.623
0.62
0.627
0.627
0.64
0.628
0.638
0.63
0.766
0.74
1.051
1.045
1.938
2.002
8.187
8.187
4.834
6.328
8.187
8.183
8.183
8.183
8.183
8.183
8.183
8.183
8.183
8.183
8.183
8.183
8.187
8.187
8.187
8.183
8.187
8.187
8.187
8.187
8.187
8.187
8.187
8.187
8.191
8.187
8.191
8.191
8.183
8.183
8.183
8.183
8.183
8.183
8.183
8.183
8.183
8.183
8.183
8.183
8.183
8.183
8.183
8.127
7.864
7.745
7.507
7.406
7.193
7.092
6.854
6.868
6.905
6.904
6.701
6.633
6.465
6.284
5.953
5.893
5.756
5.704
5.58
5.527
5.416
5.357
5.256
5.217
5.11
5.069
4.971
4.932
4.854
4.812
4.733
4.697
4.612
4.576
4.5
4.476
4.406
4.381
4.277
4.263
4.301
4.327
4.341
4.321
4.256
4.231
4.175
4.16
4.101
4.085
4.027
4.022
3.968
3.953
3.9
3.894
3.84
3.795
3.582
3.567
3.549
3.539
3.497
3.488
3.445
3.438
3.404
3.389
3.356
3.349
3.317
3.308
3.283
3.268
3.242
3.237
3.202
3.202
3.167
3.169
3.142
3.134
3.109
3.108
3.082
3.074
3.055
3.047
3.03
3.029
3.002
2.994
2.985
2.977
2.959
2.952
2.933
2.933
2.916
2.916
2.899
2.9
2.883
2.881
2.865
2.864
2.849
2.849
2.831
2.84
2.816
2.815
2.807
2.807
2.797
2.797
2.78
2.788
2.774
2.781
2.763
2.772
2.763
2.756
2.756
2.754
2.723
2.732
2.719
2.867
2.876
2.877
2.868
2.879
2.861
2.871
2.86
2.869
2.854
2.863
2.858
2.864
2.858
2.866
2.861
2.86
2.867
2.868
2.867
2.876
2.866
2.875
2.875
2.883
2.883
2.891
2.892
2.899
2.9
2.909
2.908
2.918
2.917
2.935
2.932
2.938
2.777
2.788
2.788
2.798
2.827
2.835
2.834
2.843
2.851
2.86
2.86
2.875
2.885
2.894
2.903
2.913
2.92
2.931
2.942
2.82
2.329
2.323
2.306
2.306
2.306
2.299
2.29
2.29
2.281
2.281
2.272
2.272
2.264
2.264
2.256
2.264
2.256
2.256
2.247
2.247
2.237
2.247
2.238
2.238
2.238
2.229
2.229
2.229
2.23
2.229
2.22
2.28
3.503
3.521
3.546
3.571
3.606
3.624
3.659
3.682
3.724
3.751
3.764
3.795
4.051
4.083
4.125
4.148
4.199
4.231
4.288
4.318
4.373
4.406
4.456
4.497
4.562
4.592
4.543
4.525
4.499
4.56
4.645
4.688
4.759
4.804
4.882
4.932
5.01
5.064
5.145
5.199
5.296
5.346
5.446
5.514
5.619
5.691
5.803
5.887
6.011
6.085
3.75315 8.64935 0.403826
