1 361
4.896
4.723
4.693
4.536
4.506
4.337
4.311
4.331
4.34
4.363
4.366
4.222
4.196
4.081
4.056
3.956
3.927
3.84
3.824
3.436
3.435
3.388
3.371
3.299
3.282
3.215
3.199
3.139
3.12
3.06
3.053
2.99
2.982
2.929
2.92
2.868
2.852
2.801
2.792
2.751
2.741
2.693
2.692
2.648
2.64
2.604
2.597
2.558
2.551
2.514
2.507
2.476
2.467
2.435
2.428
2.404
2.395
2.37
2.361
2.337
2.329
2.298
2.3
2.28
2.272
2.248
2.245
2.22
2.222
2.193
2.193
2.17
2.17
2.151
2.152
2.134
2.125
2.083
2.082
2.065
2.065
2.096
2.092
2.16
2.167
2.181
2.187
2.168
2.167
2.15
2.149
2.131
2.132
2.115
2.124
2.105
2.105
2.096
2.087
2.086
2.08
2.068
2.07
2.06
2.06
2.052
2.052
2.042
2.043
2.034
2.035
2.025
2.025
2.017
2.017
2.01
2.008
2
2
2.001
2.001
2.001
2.001
1.994
1.992
1.985
1.994
1.987
1.988
1.983
1.994
1.987
1.988
1.823
1.826
1.825
1.831
1.827
1.827
1.844
1.849
1.843
1.842
1.847
1.846
1.844
1.852
1.851
1.859
1.854
1.86
1.859
1.867
1.867
1.867
1.867
1.876
1.876
1.876
1.885
1.885
1.89
1.894
1.902
1.902
1.902
1.91
1.91
1.919
1.919
1.928
1.936
1.935
1.945
1.953
1.953
1.962
1.971
1.978
1.978
1.987
1.996
2.004
2.013
2.022
2.03
2.04
2.047
2.057
2.066
2.065
2.075
2.083
2.102
2.11
2.118
2.127
2.136
2.146
2.163
2.172
2.191
2.191
2.21
2.217
2.234
2.244
2.261
2.269
2.294
2.302
2.319
2.328
2.349
2.357
2.383
2.392
2.417
2.423
2.451
2.465
2.489
2.498
2.53
2.538
2.57
2.58
2.611
2.629
2.663
2.68
2.692
2.709
2.752
2.96
3.039
3.056
3.099
3.125
3.167
3.191
3.244
3.254
3.311
3.336
3.389
3.414
3.48
3.506
3.543
3.547
3.512
3.503
3.473
3.498
3.615
3.641
3.726
3.76
3.85
3.877
3.967
4
4.098
4.14
4.245
4.292
4.412
4.46
4.592
4.638
4.789
4.84
5.002
5.064
5.256
5.318
5.917
5.999
6.255
6.286
6.247
6.247
6.488
6.596
6.695
6.676
6.613
6.594
6.533
6.524
6.463
6.445
6.394
6.392
6.452
6.477
6.55
6.574
6.645
6.672
6.745
6.771
8.183
8.183
8.183
8.183
8.183
8.191
8.183
8.187
8.187
8.183
8.183
8.183
8.183
8.183
8.183
8.183
8.183
8.183
8.183
8.183
8.183
8.183
8.183
8.187
8.183
8.183
8.187
8.183
8.183
8.183
7.616
7.405
6.816
6.58
6.581
4.628
4.486
4.483
4.43
4.43
4.407
4.421
4.416
4.423
4.252
4.177
3.992
3.927
3.77
3.72
3.57
3.533
3.397
3.348
3.241
3.19
3.083
3.038
6.74967 2.94857 0.648451
