1 361
3.421
3.361
3.346
3.296
3.287
3.26
3.243
3.278
3.28
3.237
3.224
3.187
3.177
3.141
3.132
3.071
2.981
2.938
2.92
2.879
2.87
2.838
2.83
2.806
2.788
2.773
2.764
2.877
2.937
2.847
2.835
2.808
2.8
2.423
2.417
2.392
2.391
2.374
2.366
2.349
2.34
2.323
2.315
2.298
2.298
2.283
2.274
2.256
2.257
2.242
2.233
2.224
2.215
2.207
2.196
2.19
2.18
2.171
2.171
2.151
2.15
2.141
2.132
2.123
2.123
2.114
2.114
2.107
2.106
2.087
2.087
2.08
2.079
2.07
2.07
2.061
2.061
2.053
2.062
2.053
2.054
2.046
2.046
2.037
2.037
2.037
2.037
2.029
2.028
2.029
2.019
2.034
2.041
2.031
2.031
2.022
2.023
2.023
2.023
2.018
2.019
2.019
2.019
2.018
2.028
2.03
2.024
2.026
2.026
2.035
2.034
2.041
2.041
2.041
2.048
2.049
2.049
2.058
2.056
2.057
2.064
2.063
2.071
2.074
2.075
2.085
2.086
2.085
2.094
2.094
2.104
2.111
2.117
2.119
2.125
2.134
2.137
2.146
2.148
2.154
2.162
2.171
2.177
2.188
2.198
2.204
2.205
2.214
2.221
2.23
2.239
2.247
2.256
2.262
2.272
2.281
2.297
2.303
2.311
2.327
2.337
2.345
2.361
2.369
2.378
2.393
2.399
3.801
3.818
3.845
3.863
3.89
3.907
3.942
3.958
3.996
4.011
4.044
4.068
4.104
4.119
4.162
4.186
4.218
4.252
4.293
4.317
4.359
4.393
4.435
4.462
4.512
4.537
4.589
4.623
4.676
4.709
4.763
4.796
4.859
4.902
4.953
5.004
5.07
5.103
5.177
5.227
5.304
5.337
5.422
5.415
5.36
5.345
5.292
5.282
5.232
5.213
5.171
5.163
5.115
5.107
5.076
5.049
5.018
5.008
4.975
4.968
4.926
4.928
4.895
4.878
4.854
4.844
4.811
4.813
4.773
4.773
4.749
4.741
4.714
4.716
4.688
4.703
4.697
4.686
4.67
4.658
4.644
4.634
4.61
4.607
4.592
4.585
4.574
4.566
4.551
4.55
4.532
2.597
2.591
2.592
2.582
2.583
2.583
2.583
2.576
2.576
2.567
2.568
2.561
2.562
2.556
2.559
2.554
2.557
2.559
2.561
2.561
2.561
2.56
2.558
2.561
2.561
2.556
2.563
2.561
2.568
2.567
2.576
2.575
2.583
2.575
2.583
2.582
2.591
2.591
2.599
2.599
2.608
2.607
2.616
2.616
2.625
2.624
2.633
2.643
2.651
2.651
2.66
2.669
2.677
2.677
2.686
2.695
2.704
2.713
2.721
2.73
2.739
2.747
2.755
2.764
2.772
2.789
2.799
2.806
2.815
2.831
2.838
2.848
2.864
2.872
2.889
2.907
2.976
4.133
4.17
4.16
4.166
4.184
4.3
4.309
4.274
4.262
4.285
4.315
4.345
4.584
4.541
4.465
4.43
4.362
4.342
4.374
4.401
4.436
4.452
4.496
4.52
4.791
4.762
1.02819 -1.26281 -0.862969
