1 361
2.249
2.256
2.248
2.255
2.247
2.264
2.255
2.264
2.254
2.272
2.263
2.281
2.271
2.28
2.28
2.294
2.294
3.475
3.467
3.484
3.475
3.501
3.492
3.518
3.51
3.535
3.526
3.553
3.553
3.569
3.569
3.596
3.596
3.623
3.614
3.647
3.638
3.664
3.664
3.697
3.689
3.723
3.722
3.757
3.757
3.789
3.79
3.826
3.825
3.862
3.86
3.896
3.888
3.93
3.932
3.977
3.976
4.018
4.018
4.063
4.062
4.114
4.103
4.161
4.153
4.21
4.211
4.259
4.261
4.327
4.318
4.384
4.384
4.445
4.445
4.514
4.514
4.581
4.581
4.657
4.659
4.737
4.737
4.817
4.816
4.904
4.902
4.839
4.839
4.76
4.753
4.685
4.674
4.613
4.614
4.553
4.546
4.489
4.488
4.43
4.431
4.377
4.378
4.327
4.317
4.279
4.272
4.223
4.214
4.175
4.175
4.129
4.134
4.094
4.097
4.063
4.062
4.03
4.02
3.994
3.994
3.981
3.981
3.952
3.953
3.917
3.918
1.833
1.833
1.826
1.816
1.808
1.817
1.799
1.799
1.791
1.791
1.782
1.783
1.774
1.774
1.757
1.766
1.757
1.757
1.748
1.748
1.739
1.748
1.731
1.74
1.723
1.74
1.723
1.733
1.724
1.725
1.725
1.725
1.718
1.718
1.714
1.715
1.71
1.711
1.716
1.716
1.712
1.721
1.715
1.714
1.713
1.721
1.718
1.718
1.712
1.711
1.715
1.722
1.72
1.719
1.717
1.726
1.725
1.724
1.723
1.724
1.733
1.733
1.733
1.741
1.74
1.74
1.749
1.749
1.757
1.758
1.767
1.766
1.774
1.774
1.783
1.783
1.792
1.792
1.8
1.799
1.808
1.818
1.817
1.826
1.834
1.834
1.843
1.843
1.86
1.86
1.867
1.876
1.885
1.885
1.902
1.91
1.919
1.919
1.936
1.945
1.952
1.961
1.97
1.978
1.995
2.003
2.012
2.03
2.039
2.047
3.63
3.629
3.554
3.554
3.468
3.477
3.412
3.422
3.453
3.453
3.508
3.516
3.709
3.71
3.634
3.634
3.565
3.556
3.537
3.546
3.588
3.598
3.645
3.655
3.706
3.722
3.976
3.976
3.934
3.945
3.892
3.893
5.548
5.547
5.495
5.499
5.399
5.397
5.38
5.38
5.366
5.376
5.366
5.369
5.355
5.366
5.351
5.36
5.521
6.42
6.568
6.595
6.747
6.773
6.943
6.969
7.149
7.183
7.372
7.41
6.395
7.649
6.313
4.775
4.627
4.627
4.584
4.586
4.544
4.542
4.51
4.508
4.475
4.476
4.44
4.443
4.415
4.415
4.38
4.381
4.354
4.355
4.332
4.33
4.299
4.306
4.283
4.282
4.259
4.259
4.242
4.243
4.226
4.226
4.209
4.211
4.202
4.202
4.186
4.187
4.179
4.18
4.171
4.173
4.159
4.166
4.153
4.162
4.148
4.156
4.142
4.142
4.135
4.145
4.14
4.141
4.14
4.141
4.138
4.146
4.144
4.143
4.149
4.158
1.72119 -1.57912 0.209178
