1 361
1.641
1.634
1.651
0.977
0.974
0.9
0.91
0.91
0.909
0.908
0.909
0.908
0.908
0.917
0.916
0.917
0.926
0.925
0.925
0.925
0.924
0.934
0.933
0.941
0.942
0.942
0.949
0.949
0.949
0.958
0.958
0.967
0.967
0.967
0.967
0.975
0.975
0.983
0.983
0.99
0.991
0.999
1.007
1.016
1.016
1.025
1.025
1.032
1.031
1.041
1.04
1.057
1.057
1.066
1.066
1.073
1.083
1.092
1.091
1.108
1.116
1.123
1.124
1.132
1.141
1.15
1.159
1.165
1.175
1.184
1.192
1.202
1.21
1.217
1.227
1.244
1.25
1.258
1.269
1.284
1.292
1.311
1.319
1.328
1.344
1.352
1.37
1.386
1.394
1.421
1.429
1.454
1.463
1.479
1.496
1.52
1.529
1.553
1.571
1.6
1.616
1.643
1.667
1.7
1.718
1.753
1.77
1.803
1.829
1.87
1.896
1.94
1.964
2.009
2.042
2.087
2.122
2.174
2.21
2.27
2.304
2.37
2.41
2.476
2.534
2.6
2.662
2.746
2.802
2.892
2.961
3.063
3.138
3.254
3.393
3.519
3.63
3.775
3.913
4.088
4.224
4.432
4.616
4.852
5.064
5.351
5.602
5.95
6.208
7.575
7.576
7.566
7.566
7.549
7.549
7.541
7.542
7.533
7.532
7.524
7.523
7.2
7.523
7.482
6.563
6.493
6.502
6.502
6.511
6.503
6.52
6.51
6.527
6.519
6.528
6.537
6.545
6.544
6.553
6.563
6.571
6.58
6.589
6.598
6.606
6.615
6.63
6.63
6.657
6.656
6.681
6.691
6.715
6.725
6.741
6.79
7.821
7.838
7.863
7.878
7.905
7.92
7.955
7.973
7.999
8.016
8.052
8.066
8.102
8.128
8.161
8.183
8.183
8.183
8.183
8.183
8.183
8.183
8.183
8.183
8.183
8.183
8.183
8.183
8.183
8.183
8.183
8.183
8.183
8.183
8.183
8.183
8.183
8.183
8.183
8.183
8.183
8.183
8.183
8.183
8.183
8.183
8.183
8.183
8.183
8.183
8.183
8.183
8.183
8.183
8.183
8.183
8.183
8.183
8.183
8.183
8.183
8.183
8.183
8.183
8.183
8.183
8.183
8.183
8.075
8.004
7.36
7.071
7.026
6.967
6.925
6.876
6.836
6.786
6.752
6.703
6.671
6.629
6.592
6.551
6.519
6.487
6.453
6.425
6.387
6.357
6.325
6.294
6.268
6.248
6.22
6.189
6.164
6.134
6.106
6.09
6.064
6.041
6.023
5.997
5.974
5.957
5.936
5.913
5.896
5.871
5.858
5.829
5.824
5.933
6.097
6.437
6.925
6.908
6.918
6.894
6.884
6.867
2.273
2.268
2.411
2.509
2.683
2.786
2.997
3.163
3.413
3.629
3.942
6.734
6.725
6.725
6.717
6.707
6.699
6.699
6.699
6.689
6.69
6.681
6.682
6.673
6.68
6.673
6.673
6.673
2.332
2.278
2.228
2.203
2.138
2.132
2.14
6.692
6.701
6.7
3.752
3.777
3.631
3.572
3.255
11.0726 10.2188 4.75428
