1 361
1.683
1.754
1.761
1.83
1.842
1.922
1.939
2.026
2.038
2.133
2.159
2.248
2.289
2.404
2.421
2.559
2.601
2.752
2.79
2.959
2.99
3.18
3.219
3.344
3.34
3.333
3.332
3.323
3.314
3.316
3.315
3.315
3.307
3.306
3.299
3.299
3.299
3.299
3.29
3.297
3.288
3.296
3.287
3.289
3.287
3.29
3.288
3.288
3.287
3.295
3.299
3.298
3.298
3.298
3.298
3.305
3.299
3.314
3.305
3.313
3.313
3.321
3.322
3.337
3.329
3.346
3.346
3.354
3.353
3.371
3.363
3.377
3.377
3.395
3.402
3.411
3.412
3.429
3.428
3.453
3.453
3.47
3.47
3.488
3.488
3.513
3.513
3.539
3.539
3.566
3.565
3.592
3.59
3.618
3.615
3.641
3.649
3.675
3.675
3.708
3.716
3.751
3.75
3.777
3.785
3.82
3.819
3.864
3.864
3.9
3.908
3.944
3.951
3.986
3.995
4.038
4.044
3.963
3.962
4.139
4.147
4.198
4.207
4.255
4.265
4.321
4.327
4.389
4.397
4.455
4.457
4.524
4.534
4.599
4.607
4.675
4.694
4.763
4.771
4.841
4.857
4.931
4.95
5.036
5.055
5.145
5.155
5.249
5.265
5.361
5.383
5.496
5.512
5.626
5.643
5.75
5.784
5.898
5.937
6.074
6.104
6.238
6.262
2.125
2.117
2.107
2.099
2.081
2.081
2.058
2.069
2.136
2.135
2.206
2.214
2.283
2.291
2.373
2.381
2.472
2.48
2.569
2.586
2.688
2.706
2.816
2.839
2.957
2.981
3.111
3.135
3.275
3.307
3.482
3.516
3.703
3.748
3.961
4.003
4.27
4.329
4.601
4.604
4.597
4.588
4.58
4.578
4.559
4.567
4.561
4.562
4.545
4.544
4.536
4.537
4.527
4.527
4.528
4.52
4.52
4.521
4.512
4.515
4.512
4.514
4.512
4.512
4.505
4.505
4.497
4.497
4.496
4.487
4.479
4.495
4.456
4.447
4.438
4.431
4.428
4.438
4.452
4.44
4.44
4.426
4.429
4.414
4.432
4.423
4.43
4.413
4.427
4.429
4.43
4.436
4.429
4.417
4.396
4.38
4.17
4.136
3.96
3.914
3.755
3.712
3.57
3.54
3.406
3.384
3.271
3.244
3.137
3.119
3.021
2.998
2.904
2.886
2.805
2.787
2.711
2.694
2.613
2.608
2.534
2.525
2.459
2.452
2.384
2.384
2.317
2.309
2.26
2.25
2.207
2.198
2.146
2.137
2.095
2.086
2.051
2.041
2.006
1.997
1.988
1.988
2.012
2.02
2.038
2.048
2.073
2.082
2.1
2.115
2.132
2.151
2.177
2.188
2.212
2.221
2.247
2.265
2.289
2.307
2.339
2.357
2.387
2.398
2.43
2.447
2.487
2.506
2.547
2.553
2.596
2.622
2.663
2.672
2.724
2.739
2.791
2.81
2.858
2.853
2.824
2.823
2.798
2.801
2.77
2.775
2.75
2.75
2.727
2.726
2.7
2.699
2.684
2.684
2.658
2.658
2.632
2.632
-3.94434 10.4372 4.03239
