1 361
4.548
4.531
5.458
5.409
5.329
5.287
5.251
5.244
5.038
4.992
4.946
4.915
4.889
4.861
4.833
4.849
5.199
5.167
5.157
5.187
4.933
4.892
4.867
4.816
4.728
4.681
4.646
4.641
4.618
4.695
4.822
5.035
5.155
5.213
4.748
4.119
4.101
4.083
4.067
4.05
4.032
4.023
4.006
3.988
3.98
3.972
3.952
3.936
3.928
3.909
3.901
3.895
3.877
3.869
3.861
3.853
3.844
3.828
3.818
3.811
3.801
3.802
3.793
3.785
3.777
3.767
3.76
3.751
3.756
3.749
3.742
3.735
3.732
3.726
3.725
3.727
3.718
3.717
3.711
3.712
3.713
3.712
3.713
3.711
3.707
3.708
3.702
3.707
3.7
3.708
3.705
3.703
3.713
3.711
3.713
3.711
3.718
3.72
3.731
3.723
3.731
3.731
3.74
3.739
3.747
3.748
3.755
3.762
3.763
3.772
3.779
3.786
3.786
3.827
4.978
4.996
5.004
5.011
5.019
5.036
5.053
5.069
5.077
5.094
5.103
5.127
5.134
5.151
5.16
5.186
5.2
5.218
5.242
5.259
5.276
5.293
5.32
5.336
5.363
5.379
5.405
5.43
5.456
5.471
5.498
5.524
5.559
5.583
5.609
5.636
5.663
5.7
5.726
5.762
5.787
5.822
5.857
5.89
5.933
5.965
5.998
6.04
6.08
6.121
6.156
6.209
6.244
6.176
6.116
6.042
5.984
5.926
5.875
5.809
5.76
3.007
2.983
2.967
2.941
2.914
2.888
2.874
2.847
2.823
2.797
2.789
2.764
2.748
2.731
2.713
2.686
2.678
2.652
2.643
2.626
2.608
2.592
2.575
2.559
2.551
2.534
2.518
2.502
2.492
2.485
2.469
2.452
2.443
2.435
2.427
2.41
2.401
2.393
2.385
2.367
2.359
2.35
2.341
2.333
2.325
2.317
2.308
2.3
2.292
2.292
2.283
2.274
2.265
2.265
2.256
2.248
2.248
2.239
2.23
2.221
2.221
2.221
2.212
2.203
2.203
2.203
2.194
2.194
2.185
2.185
2.185
2.176
2.176
2.178
2.841
2.861
2.894
2.953
2.988
3.071
3.419
3.423
3.436
3.42
3.468
3.552
3.792
3.975
3.984
3.77
3.956
3.975
3.966
3.468
3.219
3.214
3.208
3.217
3.223
3.165
3.232
3.747
3.922
3.902
3.441
3.301
3.258
3.251
3.666
3.494
3.37
3.237
3.225
3.23
3.236
3.241
3.258
3.269
3.849
3.726
3.6
3.485
3.37
3.265
3.182
3.182
3.192
3.2
3.208
3.208
3.225
3.234
3.243
3.251
3.268
3.277
3.625
3.581
3.53
3.489
3.447
3.397
3.369
3.324
3.344
7.902
7.937
7.973
8.015
8.048
8.078
8.118
8.16
8.183
8.183
8.183
8.183
8.183
8.183
4.936
4.861
4.841
4.817
4.705
4.684
4.67
4.651
4.633
4.617
4.606
4.594
4.574
4.561
4.556
4.538
4.532
4.697
5.341
5.385
5.418
5.469
5.512
5.554
5.606
5.659
5.704
12.295 6.08102 0.938053
