1 361
5.24
5.227
5.044
4.989
4.949
4.913
4.879
4.85
4.831
4.882
5.194
5.165
5.155
4.981
4.891
4.861
4.809
4.621
4.588
4.547
4.535
4.518
4.508
4.657
4.948
5.026
5.15
4.847
4.134
4.082
4.066
4.049
4.031
4.014
3.996
3.979
3.97
3.943
3.933
3.916
3.899
3.888
3.88
3.863
3.848
3.838
3.829
3.813
3.806
3.797
3.788
3.771
3.763
3.755
3.748
3.738
3.731
3.714
3.714
3.706
3.697
3.686
3.686
3.678
3.671
3.668
3.663
3.655
3.655
3.647
3.647
3.637
3.64
3.633
3.639
3.633
3.636
3.632
3.629
3.627
3.63
3.622
3.63
3.628
3.622
3.63
3.627
3.623
3.626
3.628
3.631
3.635
3.638
3.638
3.637
3.636
3.645
3.646
3.644
3.643
3.653
3.659
3.661
3.669
3.667
3.676
3.684
3.708
4.874
4.882
4.89
4.898
4.906
4.915
4.924
4.941
4.949
4.968
4.976
4.994
5.011
5.017
5.034
5.044
5.067
5.076
5.101
5.109
5.132
5.149
5.165
5.184
5.207
5.225
5.248
5.265
5.29
5.309
5.334
5.353
5.385
5.403
5.428
5.454
5.487
5.513
5.539
5.565
5.598
5.627
5.661
5.687
5.723
5.749
5.786
5.819
5.855
5.896
5.938
5.97
6.014
6.047
6.095
6.067
5.997
5.933
5.865
5.809
5.756
5.696
5.652
2.865
2.843
2.818
2.803
2.768
2.752
2.726
2.711
2.684
2.675
2.65
2.633
2.614
2.589
2.572
2.556
2.539
2.524
2.506
2.49
2.474
2.466
2.45
2.432
2.416
2.408
2.391
2.382
2.365
2.357
2.34
2.331
2.314
2.314
2.29
2.29
2.272
2.272
2.254
2.246
2.237
2.228
2.219
2.219
2.201
2.201
2.183
2.183
2.174
2.165
2.156
2.156
2.148
2.139
2.139
2.13
2.121
2.121
2.112
2.112
2.103
2.103
2.094
2.085
2.085
2.076
2.076
2.067
2.066
2.067
2.057
2.058
2.057
2.057
2.05
2.05
2.041
2.049
2.127
2.705
2.708
2.794
2.804
2.926
3.22
3.294
3.304
3.279
3.344
3.355
3.847
3.856
3.848
3.721
3.839
3.848
3.822
3.377
3.11
3.108
3.101
3.101
3.106
3.082
3.099
3.29
3.795
3.773
3.298
3.213
3.159
3.135
3.145
3.43
3.324
3.198
3.133
3.133
3.13
3.146
3.146
3.161
3.165
3.668
3.574
3.463
3.37
3.264
3.181
3.093
3.084
3.101
3.101
3.11
3.119
3.136
3.145
3.154
3.163
3.18
3.189
3.344
3.502
3.455
3.424
3.384
3.346
3.307
3.272
3.252
7.906
7.946
7.981
8.025
8.056
8.103
8.141
8.183
8.183
8.183
8.183
8.183
8.183
4.894
4.83
4.788
4.759
4.668
4.652
4.638
4.619
4.599
4.589
4.569
4.559
4.553
4.536
4.519
4.512
4.506
4.496
5.306
5.339
5.39
5.432
5.484
5.535
5.587
5.63
5.685
12.4272 6.27285 0.975883
