1 361
0.887
0.896
0.895
0.912
0.903
0.92
0.919
0.928
0.929
0.937
0.943
0.943
0.95
0.963
0.968
0.976
0.983
0.986
0.998
1.005
1.073
1.085
1.086
1.096
1.095
1.084
1.093
1.091
1.1
1.11
1.118
1.118
1.136
1.135
1.144
1.152
1.161
1.17
5.81
5.757
5.695
5.642
5.582
5.528
5.471
5.423
5.36
5.307
5.338
5.383
5.39
5.336
5.282
5.243
5.197
5.149
5.116
5.077
5.035
5.002
4.96
4.924
4.893
4.667
4.653
4.634
4.602
4.569
4.541
4.517
4.484
4.459
4.432
4.406
4.38
4.354
4.33
4.312
4.288
4.273
4.24
4.224
4.2
4.184
4.158
4.143
4.125
4.108
4.093
4.076
4.058
4.042
4.024
4.016
3.997
3.983
3.964
3.953
3.944
3.929
3.919
3.901
3.892
3.885
3.875
3.867
3.85
3.84
3.831
3.829
3.814
3.791
3.783
3.799
3.924
3.915
3.91
3.898
3.89
3.891
3.882
3.881
3.882
3.873
3.862
3.864
3.856
3.856
3.855
3.847
3.839
3.84
3.84
3.832
3.834
3.835
3.823
3.837
3.826
3.824
3.824
3.67
3.667
3.682
3.692
3.698
3.696
3.703
3.691
3.705
3.707
3.715
3.715
3.714
3.722
3.729
3.729
3.737
3.736
3.746
3.755
3.758
3.762
3.771
3.779
3.787
3.787
3.8
3.805
3.814
3.822
3.833
3.84
3.853
3.858
3.867
3.876
3.894
3.902
3.911
3.92
3.937
3.947
3.964
3.976
3.99
4.006
4.023
4.031
4.051
4.066
4.084
4.101
4.125
4.134
4.159
4.176
4.191
4.211
4.211
4.236
4.437
4.454
4.481
4.505
4.529
4.554
4.582
4.614
4.633
4.664
4.686
0.911
0.908
0.891
0.891
0.875
0.866
0.856
0.847
0.84
0.832
0.823
0.818
0.808
0.803
0.807
0.812
0.808
0.8
0.801
0.786
0.797
0.803
0.802
0.788
0.789
0.762
0.749
0.737
0.7
0.708
0.704
0.703
0.7
0.7
0.7
0.7
0.691
0.694
0.698
0.698
0.699
0.696
0.697
0.693
0.696
0.701
0.695
0.701
0.696
0.7
0.695
0.694
0.697
0.701
0.699
0.702
0.698
0.697
0.702
0.701
0.7
0.698
0.707
0.706
0.706
0.704
0.703
0.705
0.714
0.714
0.714
0.713
0.714
0.72
0.722
0.721
0.721
0.72
0.728
0.729
0.729
0.73
0.739
0.737
0.737
0.745
0.744
0.743
0.754
0.754
0.76
0.761
0.769
0.768
0.768
0.767
0.775
0.776
0.776
0.783
0.783
0.791
0.793
0.801
0.803
0.808
0.809
0.818
0.817
0.827
0.835
0.834
0.842
0.941
2.121
2.104
2.08
2.077
2.075
2.086
2.105
2.126
2.227
2.787
2.802
2.821
2.844
2.786
2.523
2.512
2.513
2.479
2.46
2.384
2.277
2.183
2.08
1.996
1.915
1.853
1.789
1.744
1.749
1.759
1.759
1.76
1.769
1.769
1.779
4.62808 2.53997 0.464197
