1 361
0.444
0.436
0.435
0.433
0.435
0.434
0.425
0.425
0.424
0.422
0.416
0.414
0.416
0.414
0.415
0.406
0.404
0.403
0.404
0.405
0.404
0.395
0.394
0.392
0.393
0.393
0.392
0.393
0.392
0.381
0.384
0.381
0.383
0.382
0.384
0.384
0.373
0.384
0.374
0.383
0.374
0.374
0.375
0.376
0.374
0.375
0.373
0.375
0.374
0.373
0.372
0.374
0.374
0.365
0.373
0.364
0.364
0.362
0.363
0.365
0.364
0.364
0.365
0.366
0.365
0.369
0.368
0.359
0.361
0.359
0.359
0.354
0.358
0.364
0.355
0.368
0.356
0.355
0.361
0.363
0.359
0.359
0.369
0.366
0.367
0.405
0.4
0.403
0.398
0.422
0.402
0.475
0.473
0.443
0.451
0.44
0.437
0.432
0.429
0.423
0.427
0.415
0.417
0.415
0.415
0.422
0.424
0.415
0.423
0.414
0.428
0.406
0.406
0.4
0.402
0.41
0.409
0.41
0.409
0.409
0.411
0.408
0.409
0.417
0.418
0.419
0.419
0.418
0.42
0.419
0.42
0.419
0.427
0.428
0.428
0.429
0.429
0.429
0.429
0.437
0.438
0.437
0.438
0.438
0.446
0.448
0.447
0.449
0.449
0.456
0.457
0.459
0.468
5.783
5.745
5.636
5.591
5.497
5.457
5.373
5.33
5.247
5.21
5.131
5.089
5.024
4.99
4.923
4.889
4.821
4.794
4.732
4.684
4.631
4.662
4.707
4.727
4.672
4.646
4.591
4.567
4.52
4.495
4.451
4.435
4.386
4.366
4.317
4.298
4.263
4.245
4.01
3.993
3.972
3.959
3.925
3.915
3.872
3.862
3.826
3.818
3.784
3.777
3.75
3.731
3.707
3.689
3.667
3.657
3.631
3.622
3.597
3.588
3.565
3.552
3.537
3.536
3.511
3.502
3.485
3.477
3.458
3.451
3.434
3.428
3.405
3.412
3.386
3.377
3.37
3.361
3.344
3.345
3.328
3.329
3.312
3.313
3.296
3.298
3.288
3.279
3.271
3.271
3.263
3.262
3.251
3.246
3.239
3.239
3.23
3.23
3.212
3.207
3.2
3.231
3.344
3.348
3.341
3.342
3.335
3.335
3.332
3.335
3.327
3.328
3.317
3.326
3.32
3.326
3.328
3.327
3.326
3.334
3.334
3.334
3.34
3.341
3.34
3.347
3.348
3.356
3.357
3.373
3.373
3.38
3.375
3.244
3.233
3.234
3.262
3.263
3.272
3.278
3.278
3.298
3.296
3.303
3.314
3.312
3.32
3.328
3.337
2.792
2.723
2.723
2.714
2.705
2.696
2.687
2.679
2.68
2.662
2.662
2.644
2.644
2.627
2.627
2.618
2.618
2.609
2.609
2.593
2.602
2.584
2.584
2.576
2.577
2.568
3.704
3.732
3.759
3.775
3.792
3.817
3.836
3.864
3.879
3.906
3.933
3.961
3.989
4.012
4.037
4.068
4.072
4.105
4.34
4.367
4.397
4.435
4.47
4.509
4.535
4.579
4.613
4.662
4.689
4.74
4.777
4.84
4.826
3.28071 8.53223 0.071367
