1 361
5.533
5.502
5.453
5.376
5.319
5.276
5.234
5.101
5.018
4.968
4.93
4.909
4.882
4.858
4.834
4.949
5.189
5.16
5.18
5.015
4.923
4.882
4.886
4.786
4.728
4.689
4.665
4.666
4.676
4.745
4.995
5.104
5.25
4.844
4.27
4.108
4.091
4.074
4.065
4.048
4.031
4.013
3.996
3.988
3.97
3.96
3.943
3.935
3.917
3.909
3.89
3.886
3.876
3.859
3.851
3.843
3.835
3.825
3.818
3.81
3.8
3.791
3.791
3.783
3.767
3.767
3.758
3.749
3.755
3.739
3.741
3.737
3.723
3.724
3.725
3.718
3.718
3.718
3.709
3.71
3.711
3.712
3.706
3.706
3.7
3.702
3.706
3.698
3.708
3.707
3.698
3.706
3.708
3.711
3.708
3.712
3.714
3.719
3.721
3.73
3.731
3.731
3.737
3.738
3.746
3.745
3.754
3.754
3.77
3.77
3.777
3.779
3.785
4.033
4.984
4.993
5.002
5.009
5.026
5.043
5.059
5.068
5.075
5.094
5.11
5.127
5.134
5.149
5.167
5.183
5.198
5.224
5.242
5.258
5.283
5.299
5.317
5.343
5.371
5.387
5.412
5.429
5.454
5.479
5.505
5.531
5.566
5.59
5.616
5.644
5.679
5.706
5.733
5.761
5.793
5.829
5.864
5.896
5.94
5.972
6.005
6.046
6.086
6.13
6.172
6.215
6.221
6.15
6.08
6.017
5.958
5.902
5.841
5.792
5.739
2.998
2.973
2.947
2.922
2.906
2.879
2.854
2.829
2.813
2.796
2.771
2.746
2.738
2.712
2.694
2.685
2.66
2.642
2.633
2.617
2.6
2.581
2.566
2.549
2.533
2.525
2.509
2.499
2.483
2.467
2.459
2.441
2.433
2.425
2.417
2.4
2.392
2.383
2.375
2.357
2.357
2.34
2.333
2.324
2.314
2.307
2.299
2.29
2.282
2.282
2.273
2.264
2.264
2.255
2.247
2.247
2.238
2.229
2.22
2.22
2.211
2.211
2.202
2.202
2.193
2.193
2.193
2.184
2.175
2.175
2.175
2.166
2.166
2.222
2.857
2.861
2.893
2.976
3.021
3.175
3.417
3.425
3.441
3.407
3.515
3.53
3.974
3.974
3.973
3.791
3.965
3.965
3.955
3.293
3.209
3.211
3.208
3.212
3.216
3.166
3.243
3.766
3.921
3.821
3.384
3.296
3.249
3.269
3.607
3.464
3.339
3.231
3.222
3.227
3.233
3.241
3.256
3.271
3.823
3.691
3.565
3.453
3.346
3.247
3.171
3.181
3.182
3.189
3.198
3.207
3.224
3.224
3.241
3.249
3.258
3.281
3.615
3.564
3.522
3.471
3.429
3.388
3.351
3.318
3.347
7.91
7.944
7.981
8.013
8.049
8.092
8.124
8.168
8.183
8.183
8.183
8.183
8.183
8.183
4.91
4.853
4.831
4.77
4.696
4.673
4.66
4.64
4.635
4.62
4.603
4.587
4.567
4.561
4.546
4.534
4.53
5.297
5.339
5.382
5.424
5.468
5.519
5.571
5.615
5.658
5.721
12.2959 6.08232 0.941614
