1 361
6.078
8.183
7.65
7.591
7.563
7.709
7.826
7.973
8.084
8.183
8.183
8.183
8.183
8.183
8.183
8.183
8.183
8.183
8.183
8.183
8.183
8.183
8.183
8.183
8.183
8.183
8.183
8.183
8.183
8.183
8.183
8.183
8.183
8.183
8.183
8.183
8.183
8.183
8.183
8.187
8.187
8.183
8.183
8.183
8.183
8.183
0.963
0.971
0.971
0.962
0.965
0.974
0.971
0.962
0.965
0.969
0.968
0.96
0.951
0.96
0.96
0.96
0.968
0.967
0.969
0.836
0.78
0.682
0.679
0.435
0.44
0.412
0.405
0.416
0.415
0.434
0.443
0.431
0.439
0.432
0.44
0.458
0.458
0.46
0.461
5.227
5.244
5.25
5.258
4.462
4.514
4.517
5.314
5.331
4.268
4.049
5.371
5.386
5.398
3.537
3.484
3.264
3.163
3.029
3.079
3.064
3.013
2.854
2.818
2.755
2.706
2.642
2.606
2.554
2.514
2.46
2.441
2.386
2.38
2.416
5.89
5.924
5.373
5.089
6.015
6.047
6.011
6.048
6.081
6.101
6.151
6.188
6.223
6.266
6.307
6.31
6.312
6.381
6.425
6.524
6.561
6.531
6.467
6.392
6.353
3.884
3.872
3.868
6.739
6.815
6.878
6.941
6.91
6.951
7
6.949
6.964
7.651
7.728
7.809
5.634
5.626
8.043
8.139
8.183
8.183
8.183
8.183
8.183
8.183
8.183
8.183
8.183
7.634
7.531
7.784
7.945
7.896
7.06
6.937
6.898
6.86
6.957
8.183
8.183
6.241
6.115
6.147
6.778
6.87
6.405
6.368
6.34
6.302
6.269
6.207
6.185
6.282
6.39
6.599
6.687
6.828
8.183
8.183
8.183
8.183
8.183
8.183
8.183
8.183
8.183
8.183
8.183
8.183
8.183
8.183
8.183
8.183
8.183
8.183
8.183
1.972
1.908
1.873
8.183
8.183
8.183
8.183
8.183
8.183
8.183
8.183
8.183
8.183
8.183
8.183
2.007
1.956
1.903
1.861
1.86
1.856
1.868
1.867
1.874
1.874
1.883
1.892
1.892
1.899
1.909
1.91
1.919
1.918
1.925
1.934
1.942
1.949
1.96
1.959
1.975
1.979
1.995
1.998
2.008
2.518
2.4
2.263
2.158
2.178
2.113
2.04
1.979
1.703
1.67
1.644
1.614
1.583
1.545
1.502
1.405
1.334
1.064
1.037
1.024
1.008
0.984
0.977
0.955
0.944
0.93
0.916
0.898
0.889
0.88
0.864
0.857
0.84
0.83
0.823
0.807
0.797
0.791
0.782
0.767
0.768
0.751
0.751
0.735
0.726
0.719
0.719
0.711
0.703
0.694
0.686
0.679
0.679
0.671
0.663
0.654
0.654
0.647
0.638
0.638
0.629
0.629
0.623
0.614
0.612
0.613
0.606
0.598
0.596
0.589
0.59
0.588
0.581
0.574
0.574
0.574
0.564
0.565
0.556
0.557
0.556
0.547
0.547
0.547
0.538
0.538
0.537
0.538
0.531
0.531
0.531
0.522
0.521
0.522
0.521
0.514
4.6634 8.26882 3.1301
