1 361
1.313
1.313
1.306
1.309
1.301
1.286
1.267
1.244
1.194
1.224
1.28
1.289
1.3
1.303
1.31
1.308
1.308
1.308
1.317
1.313
1.316
1.322
1.319
1.326
1.322
1.319
1.328
1.326
1.321
1.33
1.327
1.33
1.307
1.202
1.2
1.203
1.21
1.212
1.219
1.219
1.228
1.229
1.229
1.238
1.238
1.312
1.323
1.332
1.315
1.307
1.317
1.312
1.3
1.299
1.309
1.317
1.316
1.326
1.325
1.334
1.335
1.343
6.239
6.453
6.651
6.699
6.699
6.708
6.716
6.723
6.73
6.74
6.757
6.768
6.776
6.726
6.643
6.536
6.454
6.363
6.287
6.203
6.131
6.047
5.984
5.908
5.842
5.774
5.715
5.647
5.588
5.506
5.525
5.562
5.581
5.523
5.47
5.411
5.363
5.308
5.266
5.216
5.172
5.123
5.081
4.83
4.796
4.774
4.747
4.702
4.667
4.635
4.6
4.567
4.531
4.498
4.473
4.437
4.413
4.377
4.353
4.327
4.301
4.269
4.245
4.21
4.195
4.169
4.152
4.121
4.103
4.078
4.06
4.036
4.019
4.001
3.985
3.966
3.948
3.922
3.913
3.895
3.879
3.871
3.851
3.835
3.825
3.809
3.8
3.819
3.915
4.002
4.11
4.227
4.27
4.249
4.251
4.226
4.22
4.21
4.201
4.184
4.176
4.145
4.136
4.187
4.388
4.449
5.907
5.901
5.894
5.884
5.878
5.983
7.681
8.183
8.183
8.183
8.183
8.183
8.183
8.183
8.183
8.183
8.183
8.183
8.183
8.183
8.183
5.851
4.057
4.008
4.023
4.028
4.034
4.028
4.038
4.032
4.038
4.035
4.042
4.038
4.044
4.036
4.053
4.053
4.061
4.06
4.065
4.068
4.075
4.075
4.084
4.092
4.101
4.1
4.117
4.121
4.041
3.905
3.765
3.62
3.612
3.623
3.631
3.634
3.652
3.651
3.666
3.674
3.683
3.692
3.709
3.716
3.732
3.741
3.759
3.767
3.784
3.793
3.812
3.82
3.85
3.86
3.886
3.889
3.913
3.92
3.957
3.965
3.993
4.001
4.026
4.044
4.069
4.083
4.725
4.751
4.778
4.804
4.832
4.857
4.89
4.908
4.943
4.974
5.008
5.025
5.05
5.287
5.33
5.363
5.413
5.439
5.499
5.525
5.579
5.614
5.667
5.7
5.761
5.756
5.702
5.661
5.744
5.787
5.851
0.797
0.793
0.787
0.777
0.777
0.77
0.762
0.762
0.755
0.746
0.746
0.738
0.739
0.731
0.722
0.733
0.733
0.73
0.728
0.722
0.732
0.725
0.727
0.736
0.739
0.731
0.724
0.746
0.747
0.72
0.722
0.697
0.697
0.709
0.706
0.712
0.709
0.694
0.696
0.693
0.693
0.704
0.711
0.719
0.73
0.745
0.744
0.761
0.764
0.761
0.761
0.785
0.779
1.307
1.326
1.408
1.418
1.459
1.459
1.421
1.397
1.697
1.707
1.677
1.544
1.648
1.504
1.624
1.618
1.618
1.617
1.601
1.633
1.615
-2.96031 11.6055 1.3662
