1 361
1.108
1.09
1.084
1.076
1.077
1.075
1.077
1.069
1.076
1.067
1.067
1.067
1.068
1.068
1.061
1.453
1.653
1.891
2.183
2.615
3.053
7.362
5.535
7.074
7.348
7.387
8.191
8.187
8.187
8.191
8.191
8.191
8.191
8.183
8.191
8.191
8.191
8.191
8.191
8.191
8.191
8.187
8.183
8.183
8.187
8.183
8.183
8.183
8.183
8.183
8.183
8.183
8.183
8.183
8.183
8.183
8.183
8.183
8.183
8.183
8.183
8.183
8.183
5.714
5.836
5.952
6.128
6.265
6.282
6.273
6.283
6.282
6.288
6.288
6.295
6.299
6.305
6.307
6.329
6.236
6.131
6.04
5.933
5.842
5.749
5.663
5.581
5.506
5.428
5.355
5.286
5.206
5.144
5.078
4.987
4.978
5.022
5.037
5.011
4.951
4.9
4.84
4.789
4.735
4.684
4.639
4.595
4.549
4.354
4.221
4.21
4.172
4.141
4.096
4.062
4.029
3.996
3.959
3.924
3.897
3.871
3.837
3.81
3.776
3.75
3.726
3.692
3.665
3.64
3.615
3.591
3.563
3.545
3.52
3.503
3.48
3.461
3.437
3.419
3.396
3.38
3.355
3.338
3.322
3.315
3.291
3.283
3.259
3.25
3.234
3.216
3.199
3.191
3.175
3.165
3.15
3.141
3.126
3.149
3.213
3.293
3.354
3.458
3.51
3.61
3.59
3.588
3.571
3.563
3.549
3.547
3.529
3.521
3.511
3.505
3.472
3.462
3.456
3.652
3.717
3.767
5.227
5.234
5.218
5.216
5.2
5.299
6.649
7.116
7.645
8.183
8.183
8.183
8.183
8.183
8.183
8.183
8.183
8.183
8.183
8.183
8.183
8.183
8.183
5.347
5.183
5.186
5.184
3.36
3.35
3.375
3.375
3.38
3.387
3.392
3.385
3.389
3.39
3.396
3.394
3.402
3.404
3.417
3.411
3.427
3.418
3.435
3.434
3.444
3.444
3.458
3.458
3.467
3.467
3.485
3.485
3.501
3.5
3.518
3.521
3.5
3.417
3.31
3.252
3.148
3.098
3.033
3.042
3.058
3.058
3.078
3.08
3.097
3.105
3.122
3.13
3.147
3.147
3.174
3.174
3.199
3.209
3.232
3.243
3.259
3.264
3.288
3.298
3.327
3.33
3.368
3.367
3.411
3.417
3.449
3.458
3.493
3.501
3.535
3.552
3.579
3.595
3.63
3.684
4.358
4.383
4.427
4.444
4.487
4.511
4.563
4.579
4.636
4.635
4.848
4.947
5.003
5.03
5.095
5.127
5.187
5.233
5.301
5.326
5.399
5.438
5.406
5.373
5.364
5.421
5.514
5.565
5.644
5.695
5.66
5.635
5.588
5.571
5.528
5.504
5.451
5.436
5.443
5.5
5.594
5.657
5.773
5.838
5.955
6.02
6.158
6.233
6.368
6.449
6.597
6.685
6.846
6.941
7.068
7.547
7.772
7.935
8.007
7.986
4.732
4.718
4.683
4.667
4.649
4.633
4.605
4.59
4.574
4.557
4.532
4.525
4.508
4.49
4.474
4.465
4.448
-2.76442 12.3391 1.21933
