1 361
0.947
0.947
0.948
0.954
0.947
0.955
0.955
0.954
0.953
0.963
0.962
0.962
0.962
0.971
0.971
0.97
0.97
0.978
0.978
0.985
0.985
0.985
0.984
0.994
0.994
1.002
1.01
1.009
1.009
1.018
1.018
1.026
1.027
1.034
1.034
1.035
1.043
1.051
1.05
1.06
1.06
1.075
1.067
1.084
1.084
1.093
1.093
1.101
1.109
1.117
1.126
1.135
1.135
1.143
1.153
1.161
1.161
1.168
1.178
1.187
1.194
1.213
1.213
1.22
1.219
1.237
1.248
1.255
1.264
1.28
1.279
1.297
1.303
1.321
1.32
1.338
1.347
1.362
1.371
1.389
1.405
1.415
1.432
1.448
1.459
1.489
1.496
1.521
1.531
1.554
1.562
1.595
1.612
1.637
1.653
1.678
1.694
1.73
1.755
1.781
1.796
1.832
1.857
1.9
1.915
1.957
1.984
2.026
2.054
2.098
2.133
2.185
2.213
2.272
2.298
2.364
2.396
2.462
2.512
2.587
2.628
2.706
2.756
2.849
2.905
3.001
3.07
3.214
3.277
3.398
3.48
3.624
3.725
3.88
4.001
4.18
4.32
4.533
4.701
4.957
5.132
5.412
5.631
6.116
7.381
7.372
7.373
7.353
7.354
7.337
7.337
7.329
7.329
7.32
7.32
7.312
7.312
7.105
7.303
7.281
6.337
6.272
6.287
6.28
6.287
6.286
6.296
6.285
6.295
6.295
6.304
6.305
6.312
6.32
6.329
6.329
6.345
6.345
6.362
6.363
6.379
6.389
6.403
6.412
6.428
6.428
6.445
6.464
6.481
6.48
6.507
6.516
6.544
7.593
7.62
7.636
7.654
7.67
7.703
7.721
7.745
7.762
7.787
7.812
7.846
7.871
7.905
7.927
7.964
7.99
8.026
8.05
8.081
8.111
8.151
8.183
8.183
8.183
8.183
8.183
8.183
8.183
8.183
8.183
8.183
8.183
8.183
8.183
8.183
8.183
8.183
8.183
8.183
8.183
8.183
8.183
8.183
8.183
8.183
8.183
8.183
8.183
8.183
8.183
8.183
8.183
8.183
8.183
8.183
8.183
8.183
8.183
8.183
8.183
8.183
8.183
8.183
8.081
8.087
8.183
8.183
8.183
7.988
7.869
7.823
7.751
6.907
6.847
6.814
6.764
6.73
6.678
6.647
6.601
6.564
6.524
6.499
6.453
6.429
6.379
6.363
6.32
6.293
6.275
6.239
6.201
6.182
6.152
6.126
6.102
6.08
6.056
6.03
6.001
5.982
5.958
5.948
5.913
5.905
5.881
5.862
5.836
5.821
5.803
5.788
5.769
5.752
5.735
5.725
5.713
5.887
6.088
6.827
6.81
6.817
6.793
6.793
6.776
6.767
6.742
6.742
6.724
6.717
6.708
6.699
6.68
2.182
2.323
2.611
2.884
3.328
3.793
6.647
6.645
6.639
6.637
6.629
6.628
6.628
6.62
6.629
6.62
6.629
6.621
6.629
6.628
6.628
6.638
6.638
6.647
6.647
6.647
3.4
3.328
2.306
2.25
2.21
2.186
2.153
2.093
2.102
11.0871 9.97182 4.78855
