1 361
0.394
0.394
0.383
0.384
0.383
0.383
0.382
0.381
0.381
0.374
0.381
0.369
0.372
0.369
0.369
0.37
0.366
0.373
0.374
0.394
0.388
0.394
0.397
0.394
0.397
0.402
0.402
0.4
0.398
0.462
0.454
0.463
0.463
0.462
0.463
0.427
0.433
0.404
0.416
0.402
0.39
0.394
0.394
0.395
0.385
0.386
0.395
0.38
0.384
0.367
0.372
0.373
0.372
0.363
0.361
0.363
0.36
0.363
0.359
0.36
0.364
0.361
0.364
0.363
0.364
0.366
0.36
0.36
0.351
0.353
0.36
0.35
0.362
0.361
0.359
0.364
0.371
0.362
0.36
0.363
0.358
0.363
0.362
0.359
0.357
0.365
0.366
0.365
0.365
0.363
0.365
0.365
0.363
0.364
0.365
0.363
0.365
0.365
0.362
0.498
0.443
0.654
0.654
0.669
0.668
0.668
0.675
0.681
0.69
0.703
0.698
0.715
0.713
8.183
8.183
8.183
8.183
8.103
7.994
7.766
7.68
7.476
7.377
7.199
7.083
7.043
7.074
7.012
6.921
6.777
6.705
6.549
6.186
6.087
6.029
5.906
5.853
5.735
5.691
5.577
5.533
5.441
5.392
5.3
5.258
5.175
5.136
5.05
5.022
4.936
4.912
4.834
4.8
4.736
4.701
4.641
4.607
4.511
4.493
4.532
4.555
4.572
4.545
4.488
4.462
4.412
4.396
4.337
4.321
4.272
4.249
4.207
4.184
4.143
4.135
4.087
3.949
3.842
3.829
3.808
3.79
3.755
3.747
3.706
3.697
3.663
3.654
3.62
3.605
3.578
3.568
3.544
3.535
3.51
3.491
3.466
3.458
3.434
3.425
3.403
3.402
3.368
3.369
3.344
3.336
3.324
3.313
3.296
3.288
3.272
3.271
3.255
3.238
3.229
3.221
3.204
3.202
3.185
3.187
3.169
3.17
3.153
3.152
3.137
3.136
3.128
3.127
3.118
3.108
3.101
3.101
3.093
3.091
3.085
3.084
3.066
3.077
3.067
3.067
3.033
3.042
3.035
3.05
3.185
3.182
3.175
3.177
3.168
3.168
3.166
3.166
3.161
3.17
3.167
3.169
3.159
3.166
3.164
3.167
3.166
3.166
3.165
3.173
3.173
3.18
3.181
3.189
3.19
3.198
3.198
3.199
3.205
3.216
3.214
3.226
3.197
3.076
3.078
3.076
3.108
3.115
3.116
3.133
3.133
3.135
3.142
3.158
3.158
3.176
3.176
3.185
3.189
3.204
2.608
2.591
2.582
2.574
2.565
2.558
2.55
2.541
2.533
2.534
2.517
2.517
2.516
2.509
2.501
2.492
2.492
2.484
2.476
2.476
2.467
2.467
2.46
2.459
2.451
2.452
2.443
2.461
3.629
3.653
3.678
3.695
3.721
3.748
3.773
3.798
3.823
3.85
3.879
3.894
3.931
3.958
3.965
3.992
4.236
4.263
4.309
4.346
4.386
4.41
4.455
4.489
4.533
4.562
4.623
4.647
4.71
4.757
4.725
4.689
4.661
4.7
4.785
4.83
4.889
4.933
5.001
5.05
3.44329 8.55471 0.192423
