1 361
3.923
3.94
3.923
3.941
3.932
3.94
3.931
3.949
3.94
3.957
3.949
3.966
3.957
3.975
3.966
3.993
3.984
4.002
4.002
4.019
4.009
4.036
4.027
4.053
4.044
4.071
4.071
4.087
4.087
4.113
4.103
3.307
3.297
4.162
4.155
4.187
4.178
4.217
4.208
4.24
4.233
4.199
4.201
4.205
4.204
4.246
4.238
4.243
4.243
4.303
4.295
4.332
4.324
4.367
4.356
4.413
4.405
4.457
4.449
1.944
1.956
1.963
1.953
4.643
4.636
4.595
4.6
4.478
4.485
4.375
4.373
4.796
4.832
4.779
4.78
4.743
4.734
4.826
4.808
4.922
4.922
4.912
4.905
5.005
5
4.98
4.977
5.663
5.646
3.754
3.71
3.686
3.682
3.649
3.619
6.111
6.111
6.249
6.24
6.388
6.377
6.532
6.523
6.691
6.674
6.858
6.841
5.777
5.822
5.663
5.666
5.567
5.567
5.496
5.496
5.402
5.41
4.974
4.975
4.928
4.926
4.818
4.831
4.797
4.806
5.164
5.166
5.108
5.119
4.193
4.186
4.256
4.235
4.942
4.854
4.481
4.49
4.451
4.45
4.419
4.419
4.353
4.35
4.312
4.314
4.38
4.372
4.825
4.797
6.231
6.243
6.239
6.229
7.486
7.487
7.46
7.461
7.442
7.433
7.417
7.425
7.399
7.408
7.381
7.391
7.372
7.372
7.366
7.368
7.067
7.067
7.032
7.037
7.037
7.024
7.258
7.258
7.258
7.258
7.257
7.266
7.266
7.264
7.273
7.273
7.281
7.282
7.289
7.29
6.992
6.982
7.418
7.419
7.434
7.435
7.453
7.462
7.47
7.48
6.323
6.332
5.318
5.321
5.324
5.326
5.344
5.344
4.401
4.426
4.364
4.373
4.379
4.388
3.292
3.324
3.103
3.118
3.01
3.009
3.039
3.04
3.086
3.079
3.14
3.139
3.154
3.167
1.885
1.913
1.806
1.824
1.703
1.705
1.682
1.68
1.665
1.672
1.667
1.668
1.674
1.673
1.784
1.736
2.068
2.091
2.008
2.015
1.956
1.964
1.905
1.914
1.858
1.866
1.823
1.829
1.827
1.835
1.855
1.854
1.878
1.888
1.824
1.893
1.522
1.538
1.56
1.557
1.567
1.603
1.479
1.488
1.454
1.466
1.425
1.43
1.39
1.414
1.366
1.375
1.342
1.351
1.305
1.322
1.11
1.117
1.073
1.082
1.045
1.052
1.02
1.029
1.003
1.008
0.988
0.995
0.971
0.979
0.961
0.97
0.954
0.964
0.95
0.957
0.944
0.95
0.939
0.948
0.94
0.948
0.934
0.939
0.93
0.941
0.93
0.941
0.933
0.946
0.937
0.946
0.935
0.944
0.935
0.947
0.947
0.947
0.945
0.947
0.945
0.953
0.98
0.981
0.971
0.971
0.964
0.972
0.966
0.966
0.958
0.968
0.954
0.962
0.959
0.957
0.961
0.96
0.948
0.952
1.282
1.298
1.679
1.707
1.655
1.663
1.663
1.663
1.663
1.672
1.672
1.672
1.672
1.68
2.42122 9.01449 3.89293
