1 361
1.955
1.998
2.045
2.084
2.128
2.18
2.227
2.281
2.327
2.395
2.456
2.513
2.573
2.649
2.719
2.797
2.887
2.983
3.076
3.18
3.303
3.403
3.559
3.687
3.862
3.996
4.193
4.378
4.606
4.832
5.21
5.279
6.786
6.778
6.769
7.044
7.036
7.053
8.191
8.191
8.183
8.183
8.183
8.183
8.191
8.187
8.183
8.183
8.183
8.183
8.183
8.187
8.183
8.187
8.183
8.183
8.183
8.183
8.183
8.183
8.183
8.183
8.187
8.187
8.183
8.183
8.187
8.183
8.183
8.183
8.183
8.183
8.183
8.183
8.183
5.205
5.313
5.39
5.513
5.593
5.731
5.723
5.73
5.723
5.731
5.722
5.727
5.718
5.728
5.722
5.729
5.722
5.737
5.69
5.552
5.458
5.333
5.239
5.134
5.054
4.948
4.883
4.784
4.719
4.631
4.561
4.49
4.411
4.318
4.327
4.361
4.382
4.382
4.324
4.248
4.209
4.144
4.094
4.044
3.994
3.941
3.895
3.855
3.592
3.529
3.51
3.469
3.437
3.403
3.371
3.337
3.306
3.274
3.24
3.207
3.18
3.147
3.131
3.088
3.069
3.043
3.016
2.992
2.974
2.948
2.921
2.904
2.878
2.862
2.837
2.82
2.805
2.779
2.764
2.74
2.731
2.713
2.694
2.678
2.662
2.645
2.627
2.618
2.602
2.585
2.576
2.562
2.553
2.538
2.522
2.513
2.497
2.488
2.472
2.464
2.456
2.448
2.43
2.431
2.415
2.406
2.398
2.389
2.374
2.424
2.456
2.548
2.581
2.676
2.712
2.824
2.855
2.864
2.856
2.846
2.839
2.829
2.82
2.813
2.805
2.805
2.797
2.798
2.78
2.778
2.748
2.738
2.737
2.808
2.961
3.006
2.996
4.511
4.5
4.5
4.495
6.918
7.116
7.574
7.565
7.579
7.573
7.569
7.564
7.57
7.56
7.563
7.555
7.562
7.553
7.566
7.553
7.557
6.78
5.586
5.429
4.619
4.532
4.544
4.544
4.55
4.552
4.566
4.566
4.574
2.86
2.726
2.726
2.735
2.735
2.768
2.769
2.777
2.776
2.795
2.794
2.794
2.8
2.81
2.81
2.826
2.824
2.84
2.835
2.858
2.85
2.867
2.875
2.891
2.893
2.911
2.911
2.925
2.934
2.952
2.951
2.969
2.969
2.997
2.997
3.023
3.023
3.052
3.051
2.972
2.954
2.884
2.866
2.799
2.782
2.721
2.697
2.645
2.619
2.603
2.603
2.629
2.639
2.662
2.671
2.699
2.7
2.732
2.74
2.768
2.778
2.804
2.811
2.85
2.85
2.895
2.903
2.938
2.947
2.983
2.991
3.033
3.049
3.085
3.093
3.137
3.154
3.195
3.213
3.257
3.273
3.321
3.335
3.393
3.418
4.302
4.327
4.394
4.423
4.457
4.491
4.849
4.882
4.975
5.015
5.104
5.144
5.24
5.286
5.339
5.311
5.277
5.262
5.388
5.448
5.564
5.635
5.612
5.603
5.559
5.551
5.509
5.5
5.467
5.449
5.423
-2.4085 13.0824 1.00036
