1 361
0.423
0.415
0.414
0.414
0.414
0.413
0.414
0.404
0.404
0.403
0.405
0.394
0.394
0.394
0.393
0.384
0.392
0.384
0.383
0.383
0.381
0.381
0.381
0.381
0.382
0.373
0.382
0.378
0.369
0.377
0.37
0.368
0.369
0.367
0.369
0.371
0.359
0.363
0.362
0.363
0.363
0.362
0.365
0.36
0.36
0.364
0.362
0.363
0.354
0.363
0.35
0.355
0.352
0.352
0.363
0.356
0.357
0.352
0.355
0.357
0.353
0.375
0.365
0.392
0.388
0.391
0.39
0.389
0.393
0.462
0.441
0.457
0.457
0.437
0.435
0.418
0.421
0.422
0.414
0.408
0.409
0.403
0.398
0.402
0.397
0.402
0.406
0.4
0.398
0.402
0.402
0.379
0.382
0.376
0.375
0.384
0.385
0.389
0.38
0.389
0.378
0.388
0.388
0.389
0.387
0.389
0.387
0.389
0.387
0.387
0.386
0.396
0.388
0.396
0.389
0.389
0.397
0.399
0.397
0.397
0.407
0.407
0.399
0.399
0.399
0.408
0.409
0.408
0.409
0.409
0.409
0.418
0.409
0.418
0.418
0.424
0.424
7.03
6.978
6.803
6.753
6.44
6.248
6.15
6.099
5.975
5.924
5.807
5.764
5.659
5.613
5.518
5.479
5.378
5.345
5.253
5.221
5.138
5.106
5.023
4.988
4.914
4.887
4.808
4.79
4.721
4.695
4.606
4.586
4.626
4.656
4.653
4.644
4.577
4.561
4.502
4.486
4.433
4.417
4.366
4.347
4.299
4.281
4.234
4.218
4.178
4.002
3.93
3.925
3.897
3.887
3.853
3.835
3.8
3.792
3.757
3.749
3.709
3.698
3.664
3.665
3.631
3.62
3.597
3.589
3.563
3.553
3.526
3.527
3.502
3.493
3.467
3.46
3.442
3.434
3.41
3.408
3.393
3.385
3.369
3.36
3.343
3.336
3.321
3.321
3.304
3.295
3.281
3.28
3.271
3.272
3.256
3.255
3.237
3.241
3.221
3.222
3.211
3.212
3.195
3.195
3.189
3.186
3.181
3.181
3.173
3.171
3.149
3.148
3.14
3.151
3.295
3.292
3.283
3.277
3.277
3.278
3.276
3.277
3.271
3.272
3.267
3.276
3.27
3.267
3.27
3.278
3.269
3.276
3.276
3.283
3.283
3.283
3.283
3.292
3.291
3.299
3.299
3.308
3.316
3.324
3.324
3.329
3.173
3.173
3.184
3.212
3.211
3.22
3.228
3.229
3.236
3.245
3.254
3.26
3.27
3.278
3.279
3.296
2.698
2.679
2.67
2.67
2.653
2.652
2.634
2.634
2.627
2.617
2.609
2.609
2.592
2.592
2.583
2.575
2.566
2.565
2.56
2.559
2.551
2.551
2.543
2.543
2.527
2.535
2.583
3.689
3.716
3.729
3.765
3.774
3.799
3.818
3.852
3.871
3.897
3.915
3.952
3.969
4.011
4.019
4.037
4.063
4.316
4.328
4.383
4.397
4.444
4.475
4.52
4.543
4.591
4.617
4.668
4.715
4.767
4.804
4.77
4.751
4.715
4.748
3.33133 8.53719 0.115427
