1 361
1.663
1.68
1.713
1.731
1.765
1.782
1.817
1.834
1.866
1.892
1.927
1.959
1.993
2.02
2.059
2.088
2.139
2.165
2.218
2.25
2.302
2.343
2.4
2.434
2.506
2.547
2.633
2.666
2.75
2.802
2.903
2.955
3.068
3.129
3.257
3.327
3.469
3.548
3.708
3.802
3.979
4.079
4.299
4.424
4.685
4.7
4.698
4.688
4.679
4.671
4.67
4.655
4.653
4.646
4.638
4.638
4.638
4.629
4.628
4.619
4.621
4.613
4.623
4.613
4.614
4.613
4.62
4.613
4.621
4.613
3.837
2.588
2.339
2.322
2.355
2.231
1.919
1.645
1.653
4.644
4.657
4.656
4.673
4.674
4.683
4.685
4.702
4.701
4.717
4.718
4.727
4.737
4.745
4.752
4.769
4.771
4.785
4.795
4.823
4.821
4.839
4.848
4.864
4.872
4.89
4.9
4.924
4.934
4.96
4.959
4.983
4.991
4.163
4.18
5.059
5.067
5.101
5.11
5.137
5.076
5.108
5.115
5.157
5.165
5.197
5.207
5.223
5.229
5.249
5.255
5.297
5.323
5.361
5.379
5.441
5.491
2.842
2.865
5.526
5.468
5.381
5.352
5.278
5.613
5.633
5.661
5.731
5.76
5.828
5.857
5.829
5.787
5.83
5.865
5.929
5.912
6.004
6.538
4.612
4.598
4.55
4.524
6.873
6.907
6.997
7.04
7.145
7.188
7.296
7.339
7.452
7.507
7.618
7.668
7.36
6.622
6.476
6.452
6.393
6.367
6.319
6.295
5.868
5.843
5.801
5.774
5.806
5.856
6.047
6.026
5.272
5.044
5.013
5.044
5.872
5.855
5.354
5.299
5.259
5.243
5.212
5.198
5.116
5.105
5.078
5.111
5.239
5.318
5.592
5.607
7.569
6.792
6.969
6.874
8.183
8.183
8.183
8.183
8.183
8.183
8.153
8.146
8.118
8.11
8.085
8.078
8.06
8.052
8.042
8.034
7.898
7.7
7.677
7.656
7.641
7.661
7.865
7.878
7.872
7.864
7.858
7.849
7.848
7.839
7.841
7.832
7.833
7.834
7.833
7.743
7.939
7.936
2.108
2.074
2.036
2.017
1.981
1.981
1.952
2.037
3.537
3.481
1.087
1.223
1.022
1.015
0.98
0.972
0.945
0.943
0.921
0.926
0.906
0.909
0.88
0.882
0.866
0.86
0.855
0.845
0.861
0.869
0.824
0.824
0.782
0.781
0.742
0.745
0.726
0.727
0.735
0.734
0.737
0.735
0.742
0.742
0.75
0.751
0.758
0.749
0.759
0.757
0.767
0.767
0.775
0.774
0.782
0.789
0.79
0.79
0.799
0.796
0.804
0.805
0.814
0.822
0.83
0.831
0.839
0.838
0.849
0.848
0.855
0.855
0.872
0.872
0.882
0.881
0.89
0.897
0.905
0.905
0.924
0.922
0.931
0.931
0.947
0.956
0.964
0.964
0.982
0.981
0.997
1.007
1.014
1.022
1.039
1.047
1.055
1.063
1.089
1.088
1.107
1.114
1.132
1.141
1.161
1.169
1.173
1.171
1.155
3.44887 8.19003 3.01884
