1 361
0.4
0.418
0.418
0.416
0.414
0.413
0.414
0.412
0.406
0.464
0.454
0.481
0.472
0.472
0.471
0.449
0.453
0.407
0.409
0.401
0.4
0.392
0.393
0.39
0.39
0.384
0.384
0.365
0.375
0.363
0.365
0.361
0.365
0.366
0.356
0.355
0.357
0.358
0.351
0.358
0.358
0.358
0.354
0.357
0.347
0.348
0.348
0.351
0.349
0.347
0.347
0.347
0.349
0.348
0.348
0.349
0.348
0.346
0.348
0.348
0.347
0.342
0.345
0.34
0.343
0.346
0.343
0.347
0.345
0.35
0.346
0.346
0.356
0.349
0.346
0.353
0.344
0.484
0.416
0.616
0.614
0.617
0.618
0.625
0.624
0.637
0.635
0.644
0.642
0.641
0.644
0.649
0.651
0.658
0.658
0.669
0.664
0.665
0.678
0.691
0.678
8.183
8.183
8.183
8.183
8.183
8.183
8.183
8.183
8.183
8.183
8.183
8.183
8.003
7.883
7.669
7.554
7.366
7.268
7.077
6.99
7.025
7.046
6.893
6.824
6.672
6.597
6.151
6.102
5.993
5.936
5.821
5.759
5.654
5.595
5.5
5.442
5.358
5.306
5.216
5.181
5.086
5.051
4.978
4.937
4.859
4.825
4.754
4.718
4.649
4.623
4.555
4.52
4.443
4.466
4.508
4.534
4.494
4.472
4.42
4.395
4.345
4.319
4.269
4.245
4.203
4.178
4.138
4.118
4.076
4.061
3.933
3.806
3.774
3.778
3.738
3.721
3.688
3.672
3.636
3.628
3.594
3.586
3.552
3.543
3.518
3.509
3.475
3.465
3.442
3.434
3.408
3.4
3.376
3.368
3.343
3.336
3.32
3.302
3.295
3.28
3.272
3.263
3.239
3.238
3.213
3.211
3.189
3.187
3.171
3.171
3.151
3.144
3.135
3.126
3.108
3.108
3.101
3.092
3.084
3.084
3.067
3.067
3.057
3.058
3.048
3.04
3.03
3.03
3.025
3.022
3.015
3.015
3.006
3.005
2.999
2.981
2.973
2.972
3.126
3.121
3.115
3.124
3.115
3.115
3.108
3.115
3.1
3.109
3.105
3.108
3.107
3.114
3.109
3.111
3.106
3.115
3.113
3.113
3.112
3.122
3.122
3.13
3.13
3.139
3.138
3.146
3.145
3.155
3.164
3.163
3.167
3.169
3.014
3.023
3.033
3.06
3.054
3.072
3.072
3.09
3.082
3.098
3.098
3.106
3.113
3.123
3.134
3.142
3.152
3.152
2.54
2.541
2.526
2.526
2.509
2.508
2.5
2.491
2.484
2.483
2.476
2.476
2.467
2.459
2.451
2.451
2.442
2.442
2.434
2.435
2.425
2.425
2.418
2.426
2.418
2.417
2.41
2.411
3.604
3.628
3.644
3.669
3.695
3.712
3.747
3.771
3.796
3.824
3.85
3.875
3.912
3.933
3.947
4.009
4.219
4.252
4.299
4.325
4.367
4.404
4.437
4.479
4.519
4.562
4.612
4.658
4.709
4.723
4.68
4.646
4.653
4.728
4.783
4.835
4.895
4.942
5.006
5.056
5.13
5.179
3.5067 8.56846 0.233368
