1 361
1.76
1.778
1.795
1.803
1.811
1.828
1.845
1.854
1.861
1.877
1.895
1.911
1.919
1.936
1.952
1.969
1.984
2
2.017
2.034
2.05
2.069
2.094
2.105
2.129
2.146
2.173
2.191
2.215
2.233
2.262
2.276
2.306
2.324
2.357
2.381
2.417
2.431
2.479
2.496
2.545
2.561
2.611
2.637
2.68
2.706
2.756
2.781
2.838
2.873
2.926
2.961
3.021
3.057
3.128
3.16
3.238
3.273
3.348
3.387
3.48
3.52
3.613
3.658
3.768
3.82
3.931
3.997
4.118
4.178
4.337
4.398
4.5
4.657
5.991
5.982
5.975
5.995
6.005
5.963
5.957
5.941
6.195
6.335
6.708
6.875
7.285
7.486
7.971
8.183
8.183
8.183
8.183
8.183
8.183
8.183
8.183
8.183
8.183
8.183
8.183
8.183
8.183
8.183
8.183
8.183
8.183
8.183
8.183
8.183
8.183
8.183
8.183
8.183
8.183
8.183
8.183
8.183
8.183
8.183
8.191
8.183
8.183
8.187
4.114
4.135
4.219
4.25
4.342
4.375
4.48
4.513
4.623
4.66
4.665
4.647
4.648
4.639
4.636
4.629
4.635
4.626
4.628
4.617
4.62
4.62
4.622
4.615
4.604
4.525
4.38
4.32
4.182
4.137
4.02
3.969
3.865
3.813
3.713
3.672
3.572
3.536
3.451
3.417
3.343
3.303
3.195
3.172
3.203
3.204
3.237
3.246
3.237
3.194
3.147
3.114
3.063
3.036
2.983
2.957
2.912
2.887
2.834
2.819
2.778
2.751
2.711
2.693
2.412
2.396
2.385
2.378
2.343
2.328
2.305
2.287
2.261
2.252
2.218
2.21
2.182
2.164
2.148
2.137
2.112
2.104
2.078
2.07
2.051
2.043
2.025
2.008
1.99
1.982
1.963
1.956
1.939
1.931
1.914
1.905
1.888
1.879
1.872
1.862
1.847
1.838
1.829
1.82
1.802
1.802
1.794
1.786
1.777
1.769
1.76
1.75
1.742
1.734
1.725
1.725
1.715
1.708
1.699
1.69
1.69
1.682
1.674
1.665
1.665
1.657
1.649
1.649
1.64
1.64
1.634
1.626
1.624
1.616
1.617
1.617
1.608
1.608
1.599
1.6
1.599
1.591
1.591
1.59
1.585
1.578
1.583
1.575
1.575
1.575
1.575
1.566
1.566
1.566
1.566
1.558
1.559
1.56
1.553
1.554
1.559
1.554
1.555
1.556
1.547
1.556
1.556
1.556
1.561
1.554
2.073
2.07
2.078
2.083
2.077
2.076
2.084
2.084
2.092
2.091
2.1
2.091
2.099
2.1
2.109
2.109
2.11
2.109
2.093
2.093
2.092
2.102
5.909
5.575
5.014
4.938
4.963
4.974
4.949
4.953
4.212
4.197
4.093
4.102
4.117
4.117
4.141
4.15
4.168
4.176
4.2
4.208
4.235
4.242
4.266
4.275
4.3
4.308
4.341
4.348
4.385
4.392
4.418
4.437
4.461
4.471
4.506
4.489
4.42
2.642
2.549
2.55
2.484
2.477
2.488
2.489
2.538
-1.4865 13.8962 0.415999
