1 361
1.569
1.57
1.562
1.554
1.437
1.433
1.432
1.426
1.425
1.415
1.416
1.3
1.275
1.274
1.266
1.265
1.257
1.265
1.266
1.273
1.28
1.271
1.28
1.271
1.271
1.271
1.272
1.272
1.273
1.266
1.268
1.261
1.266
1.26
1.266
1.256
1.265
1.266
1.264
1.258
1.258
1.258
1.258
1.258
1.266
1.263
1.264
1.259
1.267
1.265
1.259
1.258
1.273
1.262
1.274
1.266
1.273
1.273
1.272
1.272
1.281
1.28
1.28
1.28
1.288
1.288
1.288
1.288
1.297
1.289
1.3
4.12
4.129
4.129
4.153
4.153
4.17
4.179
4.196
4.195
4.221
4.222
4.246
4.253
4.279
4.286
4.311
4.319
4.344
4.345
4.38
4.387
4.413
4.422
4.447
4.465
4.489
4.497
4.532
4.548
4.581
4.59
4.633
4.642
4.677
4.695
4.73
4.747
4.78
4.798
4.835
4.853
4.893
4.917
4.958
4.977
5.028
5.042
5.093
5.113
5.164
5.179
5.126
5.248
5.322
5.341
5.407
5.424
5.493
5.515
5.587
5.613
5.685
5.71
5.782
5.813
5.89
5.923
6.006
6.039
6.132
6.168
6.263
6.296
6.396
6.434
6.533
6.58
6.686
6.729
6.85
6.905
7.025
7.067
7.211
7.272
3.291
3.275
3.258
3.239
3.238
3.263
3.345
3.361
3.443
3.467
3.564
3.586
3.675
3.707
3.81
3.852
3.954
3.994
4.112
4.149
4.276
4.321
4.463
4.515
4.669
4.719
4.889
4.952
5.144
5.229
5.41
5.418
5.43
5.406
5.398
5.38
5.361
5.36
5.338
5.328
5.321
5.31
5.298
5.289
5.282
5.264
5.26
5.251
5.244
5.233
5.224
5.214
5.216
5.209
5.207
5.199
5.191
5.183
5.184
5.174
5.183
5.17
5.171
5.174
5.171
5.16
5.17
5.159
5.163
5.162
5.167
5.166
5.167
5.162
5.179
5.177
5.186
5.178
4.866
4.687
4.212
4.083
3.754
3.627
3.36
3.26
3.041
2.97
2.788
2.722
2.566
2.561
2.571
2.571
2.578
2.578
2.587
2.588
2.596
2.604
2.61
2.616
2.628
2.635
2.645
2.645
2.653
2.662
2.679
2.678
2.697
2.695
2.713
2.714
2.729
2.738
2.755
2.755
2.781
2.78
2.807
2.806
2.822
2.83
2.848
2.856
2.881
2.88
2.906
2.916
2.933
2.941
2.968
2.978
3.002
3.008
3.016
2.998
2.942
2.933
2.88
2.864
2.814
2.797
2.755
2.741
2.697
2.686
2.636
2.636
2.587
2.581
2.545
2.529
2.497
2.488
2.447
2.442
2.406
2.408
2.373
2.365
2.341
2.324
2.303
2.299
2.267
2.265
2.24
2.234
2.206
2.199
2.18
2.172
2.156
2.146
2.119
2.119
2.094
2.102
2.076
2.071
2.05
2.051
2.033
2.032
2.007
2.007
1.989
1.989
1.974
1.965
1.949
1.949
1.932
1.932
1.924
1.915
1.906
1.899
1.89
1.89
1.873
1.874
1.865
-2.89133 11.1126 3.92068
