1 361
1.729
1.729
1.72
1.72
1.729
1.737
1.737
1.744
1.747
1.741
1.742
1.746
1.755
1.759
1.797
1.796
1.796
1.804
1.804
1.804
1.811
1.81
1.81
1.819
1.82
1.827
1.827
1.827
1.834
1.844
1.845
1.845
1.844
1.853
1.862
1.863
1.873
1.876
1.877
1.772
1.778
1.783
1.785
1.801
1.8
1.81
1.809
1.816
1.807
1.74
1.722
1.704
1.711
1.712
1.719
1.745
1.771
1.78
1.787
1.788
1.796
1.814
1.813
1.83
1.84
1.849
1.857
1.873
1.872
1.891
1.899
1.916
1.924
1.94
1.949
1.967
1.967
1.993
2.001
2.009
2.027
2.045
2.063
2.06
5.706
5.757
5.804
5.855
5.894
5.948
5.986
6.045
6.103
6.128
6.121
6.276
6.334
6.401
6.456
6.528
6.579
6.668
6.718
6.805
6.869
6.951
7.018
7.11
7.187
7.289
7.36
7.462
7.536
7.641
7.735
7.847
7.946
8.07
8.171
8.183
8.183
8.183
8.183
4.361
4.344
4.311
4.303
4.295
4.356
4.445
4.51
4.611
4.681
4.771
4.859
4.968
5.06
5.179
5.286
5.415
5.528
5.668
5.794
5.951
6.097
6.253
6.417
6.524
6.552
6.525
6.534
6.506
6.502
6.461
6.47
6.442
6.461
6.416
6.44
6.398
6.417
6.383
6.409
6.366
6.383
6.348
6.363
6.331
6.354
6.315
6.34
6.323
6.355
6.324
6.378
6.329
6.389
6.329
6.384
6.349
6.389
6.348
6.413
6.325
6.397
6.325
5.637
4.636
4.095
3.554
3.541
3.541
3.55
3.551
3.55
3.55
3.56
3.562
3.566
3.566
3.575
3.584
3.592
3.592
3.602
3.6
3.609
3.616
3.625
3.625
3.641
3.642
3.66
3.658
3.667
3.675
3.684
3.692
3.709
3.71
3.726
3.735
3.752
3.76
3.779
3.786
3.79
3.703
3.64
3.561
3.501
3.427
3.369
3.298
3.248
3.181
3.13
3.079
3.034
2.982
2.937
2.894
2.85
2.8
2.766
2.725
2.691
2.647
2.612
2.572
2.545
2.513
2.481
2.446
2.415
2.381
2.364
2.33
2.307
2.282
2.258
2.231
2.214
2.186
2.168
2.143
2.125
2.101
2.09
2.064
2.045
2.02
2.011
1.993
1.976
1.954
1.943
1.918
1.909
1.892
1.885
1.866
1.851
1.843
1.827
1.808
1.809
1.784
1.783
1.767
1.757
1.749
1.741
1.724
1.714
1.701
1.699
1.682
1.682
1.665
1.656
1.648
1.64
1.632
1.625
1.608
1.607
1.6
1.591
1.583
1.576
1.567
1.568
1.559
1.551
1.551
1.542
1.535
1.534
1.526
1.52
1.518
1.51
1.501
1.501
1.493
1.492
1.484
1.484
1.476
1.476
1.467
1.468
1.461
1.461
1.459
1.452
1.452
1.452
1.444
1.443
1.444
1.436
1.437
1.437
1.428
1.429
1.429
1.421
1.423
1.261
1.264
1.265
1.26
1.263
1.246
1.256
1.258
1.264
1.259
1.263
-2.33309 12.1762 4.34527
