1 361
1.948
1.966
1.997
2.023
2.048
2.076
2.1
2.116
2.152
2.186
2.211
2.239
2.278
2.312
2.344
2.378
2.419
2.458
2.499
2.548
2.59
2.63
2.68
2.722
2.775
2.83
2.898
2.953
3.015
3.067
3.146
3.206
3.291
3.359
3.46
3.541
3.646
3.725
3.853
3.94
4.076
4.173
4.334
4.444
4.632
4.746
4.97
4.978
6.47
6.542
6.479
6.461
6.452
6.46
7.051
7.328
7.9
8.183
8.183
8.183
8.183
8.183
8.183
8.183
8.183
8.183
8.183
8.183
8.183
8.183
8.183
8.183
8.183
8.183
8.183
8.183
8.183
8.183
8.183
8.183
8.183
8.183
8.183
8.183
8.183
8.183
8.183
8.183
8.183
8.187
8.183
8.183
8.183
8.183
4.786
4.837
4.94
4.989
5.097
5.163
5.28
5.273
5.269
5.263
5.272
5.251
5.26
5.251
5.25
5.25
5.253
5.243
5.255
5.246
5.191
5.094
4.955
4.874
4.744
4.671
4.564
4.491
4.386
4.326
4.228
4.171
4.079
4.025
3.954
3.864
3.821
3.828
3.865
3.873
3.868
3.827
3.76
3.719
3.65
3.61
3.56
3.518
3.469
3.424
3.388
3.354
3.061
3.027
3.001
2.977
2.941
2.916
2.881
2.855
2.822
2.798
2.764
2.737
2.715
2.687
2.664
2.644
2.621
2.596
2.577
2.555
2.53
2.516
2.489
2.476
2.45
2.434
2.41
2.401
2.375
2.367
2.342
2.326
2.309
2.301
2.284
2.268
2.258
2.24
2.226
2.216
2.207
2.188
2.18
2.162
2.153
2.143
2.136
2.127
2.109
2.109
2.091
2.082
2.073
2.065
2.055
2.047
2.037
2.031
2.021
2.021
2.012
1.994
1.993
1.986
1.977
1.967
1.968
1.96
1.951
1.943
1.943
1.926
1.926
1.926
1.917
1.909
1.973
2.004
2.122
2.153
2.284
2.331
2.417
2.408
2.406
2.406
2.397
2.398
2.396
2.389
2.381
2.381
2.381
2.372
2.371
2.364
2.372
2.365
2.354
2.33
2.333
2.326
2.356
2.588
7.184
7.19
7.196
7.189
7.198
7.195
7.196
7.192
7.203
7.205
7.21
7.208
7.219
7.224
7.123
7.111
6.105
6.1
5.346
5.092
5.123
5.13
4.313
4.218
4.226
4.233
4.25
4.25
4.259
4.268
4.282
4.281
4.3
4.306
4.313
4.322
4.341
4.349
4.374
2.603
2.519
2.488
2.47
2.469
2.495
2.51
2.526
2.535
2.551
2.55
2.566
2.569
2.585
2.582
2.601
2.607
2.626
2.625
2.651
2.653
2.678
2.676
2.693
2.703
2.72
2.727
2.758
2.754
2.778
2.788
2.812
2.82
2.845
2.847
2.879
2.889
2.923
2.925
2.917
2.905
2.852
2.834
2.793
2.785
2.734
2.729
2.685
2.675
2.633
2.623
2.59
2.582
2.54
2.552
2.591
2.599
2.635
2.642
2.687
2.701
2.737
2.745
2.79
2.807
2.851
2.865
2.917
2.925
2.98
2.988
3.05
-2.04648 13.519 0.76003
