1 361
2.693
2.696
2.696
2.685
2.68
2.732
2.731
2.769
2.758
2.781
2.785
2.767
2.777
2.803
2.88
2.777
2.775
2.78
2.778
2.781
2.782
2.787
2.985
3.21
3.065
2.877
2.784
2.773
2.779
2.792
2.792
2.8
2.807
2.816
3.25
3.372
3.263
3.103
3.005
2.866
2.781
2.719
2.719
2.727
2.727
2.736
2.745
2.744
2.753
2.762
2.77
2.779
2.788
2.795
2.804
3.155
3.122
3.074
3.041
2.984
2.963
2.914
2.894
2.842
2.859
7.386
7.416
7.438
7.475
7.5
7.544
7.57
7.613
7.641
7.69
7.721
7.754
7.779
8.003
8.056
8.092
4.467
4.428
4.37
4.358
4.308
4.228
4.21
4.202
4.178
4.168
4.152
4.148
4.129
4.121
4.102
4.097
4.079
4.071
4.061
4.051
4.854
4.895
4.939
4.983
5.024
5.066
5.106
5.155
5.205
5.255
5.308
5.351
5.41
5.461
3.308
3.209
3.174
3.157
3.133
3.116
3.089
3.072
3.047
3.037
3.01
2.994
2.967
2.96
2.932
2.924
2.898
2.891
2.865
2.857
2.831
2.831
2.806
2.799
2.782
2.773
2.748
2.748
2.731
2.722
2.705
2.697
2.688
2.679
2.662
2.653
2.635
2.635
2.619
2.619
2.601
2.599
2.583
2.584
2.576
2.576
2.56
2.56
2.543
2.543
2.535
2.534
2.527
2.527
2.519
2.511
2.503
2.503
2.495
2.495
2.486
2.486
2.478
2.478
2.471
2.47
2.47
2.471
2.463
2.463
2.454
2.457
2.45
2.452
2.447
2.457
2.453
2.456
2.449
2.459
2.451
2.457
2.448
2.456
2.453
2.46
2.446
2.454
2.459
2.456
2.454
2.463
2.454
2.47
2.462
2.478
2.47
2.478
2.477
2.485
2.485
2.493
2.493
2.501
2.501
2.518
2.518
2.526
2.526
2.534
2.534
2.543
2.551
2.559
2.559
2.575
2.575
2.583
2.592
2.6
2.608
2.617
2.625
2.652
2.652
2.67
2.67
2.686
2.686
2.704
2.713
2.73
2.73
2.747
2.754
2.772
2.78
2.797
2.804
2.82
2.83
2.854
2.863
2.881
2.896
2.913
2.923
2.947
2.956
2.983
2.989
3.016
3.035
3.051
3.069
3.095
3.113
3.129
3.146
3.181
3.197
3.221
3.246
3.272
3.289
3.321
3.345
3.376
3.402
3.434
3.459
3.494
3.518
3.554
3.588
3.622
3.654
3.701
3.728
3.771
3.805
3.851
3.885
3.93
3.971
4.016
4.058
4.109
4.151
4.206
4.247
4.307
4.355
4.425
4.47
4.545
4.591
6.216
6.183
6.148
6.122
6.088
6.063
6.03
5.997
5.972
5.948
5.924
5.889
5.866
5.84
5.813
5.797
5.78
5.753
5.736
5.709
5.034
5.026
5.105
4.54
4.511
4.497
4.488
4.471
4.463
4.446
4.437
4.429
4.411
4.403
4.394
4.385
4.377
4.359
4.36
4.344
4.345
4.327
4.321
4.322
4.311
4.305
4.298
4.289
4.291
2.22223 -0.278042 1.59064
