1 361
0.68
0.683
0.681
0.678
0.678
0.67
0.661
0.661
0.661
0.67
0.678
0.673
0.671
0.678
0.676
0.678
0.676
0.683
0.682
0.683
0.675
0.675
0.68
0.679
0.685
6.865
6.877
6.885
6.89
6.908
6.915
6.924
6.948
7.058
6.957
6.999
7.135
7.01
7.03
7.048
7.065
7.079
7.102
7.125
7.14
7.163
7.189
7.211
7.231
7.254
7.284
7.293
7.334
7.352
7.374
7.63
7.415
7.384
7.204
7.219
7.265
7.401
7.279
7.285
7.303
6.468
6.293
6.211
6.105
6.02
5.924
5.85
5.746
5.687
5.605
5.53
5.449
5.391
5.319
5.259
5.194
5.128
5.071
5.026
4.961
4.909
4.852
4.807
4.719
4.71
4.753
4.776
4.771
4.72
4.679
4.63
4.581
4.541
4.498
4.457
4.421
4.389
4.358
4.321
4.29
4.161
4.016
4.011
3.993
3.957
3.932
3.905
3.878
3.86
3.826
3.8
3.773
3.757
3.731
3.707
3.681
3.664
3.637
3.622
3.597
3.58
3.562
3.546
3.527
3.51
3.492
3.477
3.458
3.442
3.427
3.411
3.402
3.38
3.369
3.353
3.338
3.329
3.321
3.307
3.297
3.281
3.271
3.265
3.25
3.239
3.233
3.225
3.215
3.207
3.192
3.192
3.182
3.167
3.165
3.157
3.155
3.148
3.116
3.108
3.107
3.142
3.259
3.253
3.246
3.236
3.237
3.229
3.229
3.221
3.214
3.213
3.215
3.213
3.214
3.204
3.206
3.197
3.197
3.198
3.199
3.191
3.191
3.187
3.199
3.186
3.191
3.193
3.2
3.189
3.198
3.188
3.197
3.197
3.199
3.053
3.057
3.058
3.082
3.082
3.089
3.088
3.096
3.096
3.101
3.105
3.115
3.114
3.129
3.131
3.14
3.14
3.145
3.154
3.162
3.173
3.181
3.179
3.192
3.197
3.206
3.215
3.23
3.23
3.248
3.247
3.272
3.27
3.29
3.297
3.313
3.312
3.328
3.335
3.361
3.368
3.385
3.393
3.411
3.424
3.45
3.449
3.474
3.491
3.509
3.527
3.552
3.56
3.578
3.597
3.62
3.63
3.662
3.671
3.705
3.714
3.754
3.772
3.798
3.806
3.833
3.847
4.079
4.091
4.131
4.148
4.197
4.213
4.253
4.28
4.326
4.343
4.395
4.422
4.472
4.497
4.563
4.546
4.499
4.476
4.494
4.551
4.614
4.65
4.707
4.743
4.807
4.839
4.903
4.942
5.021
5.053
5.135
5.176
5.247
5.303
5.381
5.425
5.527
5.577
5.682
5.737
5.837
5.898
6.019
6.086
6.258
6.596
6.742
6.787
6.944
7.033
7.01
6.985
7.127
7.213
7.39
7.405
7.318
7.273
7.206
7.159
7.096
7.053
7.022
7.049
7.092
7.128
7.167
7.202
7.244
7.277
7.327
8.183
8.183
8.183
8.183
8.183
8.183
8.183
8.183
8.183
8.183
8.183
8.183
8.183
8.187
8.183
8.183
8.191
0.786
0.795
0.785
0.792
0.787
0.786
0.792
5.36433 2.69492 0.016912
