1 361
2.062
2.056
2.061
2.054
2.06
2.044
2.036
2.036
2.036
2.027
2.044
2.044
2.053
2.053
2.061
2.057
2.053
2.056
2.062
2.062
2.06
2.06
2.068
2.068
2.068
2.068
2.077
2.059
2.054
2.053
2.061
2.062
8.183
8.183
8.183
8.183
8.183
8.183
8.183
8.183
8.183
8.183
8.183
8.183
8.183
8.183
8.183
8.183
8.183
8.183
8.183
8.183
8.183
8.183
8.183
8.183
8.183
8.183
8.183
8.183
8.183
8.183
8.183
8.183
3.534
3.497
3.453
3.42
3.39
3.351
3.318
3.289
3.255
3.228
3.197
3.163
3.147
3.111
3.088
3.07
3.033
3.017
2.991
2.974
2.947
2.92
2.914
2.928
2.971
2.943
2.844
2.819
2.786
2.762
2.767
2.783
2.821
2.84
2.881
2.892
2.925
2.943
2.988
2.996
3.04
3.057
3.102
3.119
3.161
3.177
3.23
3.247
3.304
3.32
3.366
3.399
3.451
3.479
3.539
3.567
3.628
3.653
3.722
3.76
3.828
3.864
3.943
3.978
4.054
4.081
4.171
4.212
4.316
4.355
4.454
4.499
4.607
4.652
4.777
4.825
4.947
5.002
5.153
5.218
5.367
5.434
5.614
5.695
5.881
5.96
6.168
6.252
6.481
6.593
7.276
7.441
7.756
7.912
8.145
8.125
8.183
8.183
8.183
8.187
8.183
8.183
8.183
8.183
8.183
8.183
8.183
8.191
8.183
8.099
8.187
8.06
8.183
8.183
8.187
8.183
7.987
7.982
8.017
8.023
8.013
8.026
8.032
8.01
8.019
8.008
8.018
8.003
8.187
8.05
8.011
8.187
8.183
8.183
8.187
8.183
8.183
8.183
8.011
7.775
7.238
6.782
6.23
6.048
5.622
5.441
5.053
4.862
4.876
4.875
4.895
4.861
3.904
3.897
3.708
3.628
3.467
3.408
3.259
3.213
3.079
3.044
2.927
2.882
2.789
2.752
2.654
2.633
2.539
2.504
2.425
2.405
2.341
2.315
2.243
2.224
2.169
2.132
2.05
2.04
2.065
2.066
2.084
2.084
2.102
2.102
2.115
2.1
2.057
2.041
1.999
1.981
1.948
1.938
1.896
1.889
1.854
1.845
1.805
1.803
1.771
1.762
1.727
1.717
1.692
1.684
1.659
1.65
1.624
1.618
1.6
1.585
1.568
1.561
1.534
1.527
1.296
1.297
1.272
1.281
1.26
1.253
1.264
1.255
1.251
1.24
1.222
1.223
1.206
1.207
1.197
1.197
1.181
1.172
1.165
1.165
1.155
1.147
1.138
1.138
1.129
1.129
1.121
1.112
1.103
1.103
1.096
1.087
1.078
1.078
1.07
1.07
1.062
1.061
1.045
1.044
1.044
1.045
1.036
1.036
1.029
1.029
1.02
1.02
1.011
1.011
1.003
1.003
1.003
0.994
0.995
0.995
0.986
0.986
0.98
0.981
0.978
0.986
0.978
0.978
0.971
0.978
0.971
0.97
0.97
0.97
0.962
0.962
0.961
0.962
0.962
0.953
0.953
0.954
0.955
0.955
0.947
9.50682 13.7649 6.10637
