1 361
1.849
1.857
1.865
1.873
1.873
1.881
1.881
1.889
1.897
1.905
1.914
1.923
1.923
1.939
1.945
1.954
1.963
1.971
1.979
1.982
1.995
2.003
2.012
2.027
2.037
2.046
2.054
2.062
2.07
2.093
2.095
2.111
2.122
2.129
2.154
2.134
2.147
2.164
2.19
2.388
2.394
2.421
2.436
2.452
2.47
2.493
2.51
2.527
2.551
2.575
2.593
2.61
2.636
2.68
3.749
3.716
3.701
3.668
3.653
3.62
3.604
3.577
3.552
3.525
3.516
3.49
3.473
3.449
3.44
3.415
3.398
3.374
3.385
3.399
3.434
3.337
3.323
3.298
3.283
3.259
3.275
3.356
3.416
3.458
3.514
3.476
3.476
3.452
3.46
3.459
3.47
3.469
3.487
3.514
3.563
3.61
4.308
4.41
4.493
4.598
4.699
4.798
4.915
5.024
5.142
5.262
5.405
5.538
5.694
5.832
6.02
6.172
6.372
6.554
6.786
7.006
7.252
7.45
8.183
8.183
8.183
8.183
8.183
8.183
8.183
8.183
8.183
8.183
8.183
8.183
8.183
8.183
8.183
8.183
8.183
8.183
8.183
8.183
8.183
8.183
8.183
8.183
8.183
8.183
8.183
8.183
8.183
8.183
8.183
8.183
8.183
8.183
8.183
8.183
8.183
8.183
8.183
8.183
8.183
8.183
8.183
8.183
7.83
7.43
7.036
6.734
6.384
6.13
5.868
1.1
1.116
1.116
1.154
1.163
1.188
1.206
1.241
1.246
1.281
1.297
1.331
1.349
1.391
1.407
1.46
1.483
1.533
1.558
1.608
1.654
1.67
1.66
1.667
1.667
1.666
1.666
1.674
1.667
1.684
1.675
1.683
1.674
1.682
1.682
1.691
1.691
1.699
1.699
1.708
1.699
1.706
1.707
1.713
1.711
1.722
1.721
1.73
1.728
1.746
1.738
1.756
1.755
1.763
1.756
1.773
1.774
1.783
1.784
1.799
1.795
1.788
1.771
1.753
1.734
1.726
1.708
1.694
1.677
1.666
1.649
1.644
1.628
1.62
1.602
1.595
1.58
1.574
1.552
1.546
1.539
1.531
1.515
1.506
1.498
1.49
1.482
1.474
1.466
1.459
1.452
1.441
1.433
1.423
1.416
1.416
1.408
1.399
1.391
1.382
1.381
1.374
1.364
1.364
1.359
1.348
1.348
1.339
1.339
1.33
1.321
1.321
1.312
1.313
1.313
1.304
1.294
1.294
1.286
1.286
1.286
1.278
1.278
1.278
1.269
1.269
1.261
1.261
1.261
1.261
1.251
1.251
1.251
1.252
1.243
1.243
1.243
1.243
1.243
1.236
1.237
1.236
1.226
1.227
1.227
1.228
1.23
1.233
1.228
1.235
1.221
1.231
1.22
1.213
1.213
1.205
1.205
1.222
1.224
1.223
1.226
1.23
1.227
1.231
1.23
1.228
1.227
1.227
1.227
1.236
1.226
1.233
1.233
1.214
1.222
1.22
1.219
1.227
1.218
1.28
1.383
1.395
1.396
1.396
1.396
1.404
1.404
1.412
1.414
1.414
1.422
1.43
1.86706 13.9068 0.166321
