1 361
1.225
1.189
1.18
1.152
1.142
1.119
1.112
1.084
1.076
1.049
1.052
1.026
1.019
1.001
0.99
0.967
0.966
0.952
0.941
0.926
0.927
0.907
0.899
0.882
0.889
0.872
0.864
0.855
0.857
0.83
0.84
0.823
0.814
0.804
0.798
0.789
0.79
0.781
0.781
0.762
0.763
1.718
1.723
1.736
1.728
1.728
1.728
1.728
1.728
1.731
1.734
1.736
1.732
1.735
1.739
1.732
1.738
1.741
1.739
1.738
1.738
1.746
1.746
1.746
1.746
1.755
1.755
1.764
1.764
1.772
1.773
1.772
1.782
1.782
1.781
1.783
1.789
1.797
1.797
1.806
1.806
1.815
1.815
1.824
1.824
1.831
1.841
1.844
1.851
1.857
1.866
1.866
1.874
1.883
1.883
1.9
1.908
1.917
1.917
1.933
1.933
1.951
1.959
1.967
1.977
1.985
1.993
2.01
2.01
2.029
2.037
2.046
2.053
2.073
2.079
2.101
2.103
2.093
2.111
2.128
2.166
2.346
2.364
2.38
2.388
2.412
2.429
2.455
2.462
2.486
2.503
2.528
2.546
2.561
2.586
2.601
2.629
2.654
2.673
2.698
2.723
2.748
2.773
2.806
2.832
2.869
2.853
2.818
2.811
2.777
2.77
2.796
2.823
2.881
2.915
2.951
2.978
3.022
3.057
3.1
3.135
3.185
3.227
3.276
3.31
3.366
3.408
3.467
3.509
3.58
3.613
3.697
3.74
3.816
3.87
3.96
4.008
4.1
4.157
4.261
4.329
4.504
5.855
6.016
6.117
6.288
6.407
6.593
6.721
6.747
6.737
6.714
6.705
6.678
6.671
6.651
6.644
6.626
6.855
7.249
7.276
7.638
7.812
8.183
8.183
8.183
8.183
8.183
8.183
8.183
8.183
8.183
8.183
8.183
8.183
8.183
8.183
8.183
8.191
8.187
8.187
8.183
8.183
8.183
8.183
8.183
8.183
8.183
8.183
8.183
8.183
8.183
8.183
8.183
8.183
8.183
8.183
8.183
8.183
8.183
8.183
8.183
8.183
8.183
8.183
8.1
7.791
7.31
7.042
6.673
6.369
6.21
6.229
6.306
6.3
6.433
7.246
7.533
7.558
4.43
4.391
4.274
4.171
4.045
3.962
3.846
3.765
3.654
3.588
3.487
3.418
3.325
3.284
3.195
3.146
3.076
3.033
2.966
2.923
2.853
2.816
2.755
2.722
2.66
2.629
2.576
2.543
2.492
2.468
2.42
2.395
2.352
2.327
2.295
2.272
2.229
2.211
2.175
2.159
2.123
2.105
2.072
2.054
2.028
2.019
1.984
1.967
1.942
1.925
1.899
1.893
1.866
1.85
1.833
1.817
1.799
1.792
1.775
1.759
1.74
1.723
1.706
1.697
1.681
1.674
1.657
1.648
1.632
1.625
1.609
1.6
1.584
1.577
1.57
1.562
1.547
1.537
1.521
1.521
1.513
1.504
1.495
1.489
1.48
1.472
1.463
1.455
1.446
1.439
1.43
1.421
1.414
1.413
1.404
1.396
1.396
1.388
1.379
1.37
1.371
1.362
4.15923 10.1556 2.16626
