1 361
1.555
1.563
1.587
1.604
1.629
1.645
1.679
1.686
1.721
1.73
1.772
1.781
1.823
1.831
1.873
1.889
1.932
1.956
1.999
2.023
2.068
2.095
2.144
2.163
2.224
2.248
2.308
2.333
2.4
2.433
2.505
2.538
2.631
2.664
2.749
2.791
2.901
2.944
3.059
3.111
3.246
3.294
3.45
3.512
3.682
3.749
3.943
4.026
4.254
4.357
4.643
4.649
4.636
4.637
4.619
4.619
4.611
4.603
4.593
4.595
4.587
4.587
4.579
4.58
4.57
4.57
4.571
4.562
4.559
4.56
4.561
4.562
4.561
4.562
4.562
4.562
3.777
3.777
2.279
2.27
2.274
2.203
1.927
1.581
1.593
1.557
4.598
4.59
4.605
4.615
4.624
4.623
4.632
4.639
4.649
4.646
4.675
4.672
4.681
4.69
4.706
4.706
4.724
4.732
4.751
4.751
4.777
4.777
4.805
4.802
4.83
4.828
4.856
4.863
4.89
4.888
4.914
4.924
4.93
4.135
4.334
4.992
5.025
5.034
5.066
5.074
5.031
5.048
5.073
5.09
5.093
5.102
5.158
5.165
5.183
5.188
5.207
5.216
5.273
5.295
5.344
5.363
5.461
2.813
2.809
2.808
5.41
5.375
5.283
5.246
5.62
5.553
5.624
5.646
5.716
5.732
5.821
5.82
5.738
5.745
5.826
5.854
5.857
5.821
6.512
6.531
4.614
4.559
4.477
4.562
6.873
6.916
7.015
7.048
7.161
7.194
7.314
7.348
7.477
7.515
7.648
7.691
6.53
6.462
6.402
6.389
6.323
6.301
6.25
6.227
5.798
5.79
5.74
5.715
5.804
5.854
5.99
5.969
5.097
4.983
5.006
5.007
5.821
5.803
5.267
5.259
5.22
5.21
5.171
5.157
5.08
5.071
5.049
5.1
5.239
5.308
5.565
5.605
6.759
6.797
6.871
6.872
8.183
8.183
8.183
8.183
8.154
8.135
8.119
8.111
8.085
8.078
8.052
8.053
8.034
8.026
8.009
8.007
7.685
7.677
7.649
7.637
7.639
7.587
7.86
7.856
7.848
7.839
7.833
7.832
7.832
7.832
7.825
7.825
7.818
7.818
7.768
7.455
7.921
7.931
7.934
2.166
2.081
2.064
2.017
2.008
1.98
1.969
2.011
2.049
3.199
3.083
2.532
2.525
2.393
1.369
1.055
1.049
1.007
0.997
0.978
0.971
0.946
0.943
0.926
0.924
0.909
0.902
0.891
0.889
0.865
0.875
0.853
0.859
0.866
0.87
0.847
0.847
0.803
0.805
0.772
0.774
0.749
0.748
0.741
0.739
0.75
0.74
0.75
0.749
0.758
0.755
0.765
0.765
0.78
0.78
0.779
0.79
0.788
0.787
0.796
0.795
0.804
0.813
0.822
0.821
0.831
0.83
0.837
0.837
0.846
0.847
0.854
0.863
0.871
0.879
0.879
0.888
0.899
0.899
0.905
0.914
0.923
0.933
0.941
0.948
0.956
0.956
0.98
0.981
0.996
0.996
1.014
1.021
1.031
1.039
1.056
1.064
1.082
1.09
1.107
3.40814 8.19656 2.94718
