1 361
1.758
1.758
1.758
1.749
1.74
1.74
1.74
1.732
1.731
1.731
1.731
1.722
1.722
1.722
1.713
1.713
1.713
1.712
1.705
1.706
1.706
1.706
1.697
1.699
1.702
1.705
1.698
1.702
1.704
1.7
2.158
2.287
2.295
2.3
2.3
2.721
2.723
2.718
2.737
3.063
3.069
3.057
2.903
2.821
2.878
2.971
2.901
2.81
2.805
2.807
2.805
2.81
2.809
2.799
2.754
2.986
2.996
2.807
2.811
2.822
2.821
2.821
2.821
3.103
3.068
2.963
2.932
2.865
2.862
2.874
2.883
2.891
2.898
2.921
2.944
3.253
3.219
3.118
3.082
2.996
2.96
2.875
2.862
2.873
2.881
2.898
2.906
2.924
2.933
2.95
2.959
2.976
2.986
3.002
3.089
3.27
3.252
3.203
3.195
3.145
3.127
3.084
3.073
8.041
8.17
8.183
8.183
8.183
8.183
8.183
8.183
8.183
4.771
4.699
4.68
4.638
4.639
4.538
4.528
4.513
4.511
4.487
4.488
4.468
4.472
4.453
4.443
4.439
4.439
4.417
4.419
5.288
5.332
5.399
5.442
5.518
5.552
5.632
5.675
5.756
5.798
5.883
5.933
6.026
6.074
6.176
3.628
3.614
3.609
3.574
3.564
3.531
3.522
3.497
3.481
3.457
3.447
3.422
3.415
3.382
3.373
3.35
3.349
3.326
3.319
3.295
3.295
3.268
3.268
3.244
3.236
3.22
3.22
3.195
3.195
3.178
3.169
3.151
3.151
3.134
3.134
3.117
3.116
3.105
3.099
3.09
3.09
3.072
3.072
3.063
3.062
3.045
3.055
3.037
3.037
3.027
3.028
3.019
3.019
3.011
3.019
3.001
3.012
3.002
3.002
2.995
2.996
2.988
2.999
2.984
2.996
2.986
2.99
2.983
2.993
2.984
2.991
2.988
2.987
2.984
3.001
2.988
2.997
2.995
2.994
3.002
3.001
3.001
3.011
3.01
3.018
3.018
3.027
3.026
3.036
3.044
3.043
3.043
3.054
3.054
3.061
3.07
3.079
3.087
3.086
3.096
3.105
3.113
3.123
3.13
3.14
3.156
3.166
3.166
3.182
3.191
3.209
3.214
3.223
3.232
3.25
3.255
3.273
3.281
3.299
3.305
3.321
3.329
3.352
3.361
3.379
3.395
3.411
3.427
3.443
3.46
3.474
3.492
3.509
3.534
3.553
3.568
3.595
3.612
3.63
3.662
3.68
3.704
3.721
3.755
3.772
3.808
3.825
3.861
3.887
3.913
3.939
3.966
4
4.033
4.06
4.107
4.131
4.165
4.198
4.238
4.272
4.322
4.353
4.397
4.431
4.474
4.508
4.567
4.61
4.663
4.697
4.759
4.804
4.863
4.906
6.648
6.613
6.56
6.532
6.48
6.446
6.402
6.378
6.327
6.301
6.259
6.232
6.188
6.163
6.121
6.104
6.064
6.046
6.006
5.982
5.268
5.35
4.752
4.735
4.709
4.7
4.675
4.667
4.641
4.624
4.598
4.59
4.575
4.566
4.548
4.531
4.515
4.508
4.491
4.482
2.20956 -0.87497 1.44733
