1 361
1.105
1.109
1.117
1.124
1.114
1.118
1.112
1.115
1.114
1.112
1.105
1.115
1.123
1.132
1.125
1.137
1.126
1.135
1.128
1.138
1.128
1.142
1.144
1.146
1.152
1.153
1.149
1.16
1.154
1.056
1.048
1.189
1.189
1.12
1.12
1.099
1.099
1.105
1.114
1.116
1.124
1.13
1.128
1.135
1.142
1.152
1.15
1.16
1.167
1.177
1.185
1.194
1.194
1.212
1.214
1.233
1.243
1.253
1.264
1.282
1.284
1.309
1.313
1.332
1.343
1.354
1.371
1.39
1.392
1.411
1.412
1.435
1.437
1.455
1.456
1.48
1.481
1.498
1.507
1.524
1.523
1.552
1.551
1.572
1.581
1.597
1.606
1.63
1.631
1.655
1.671
1.69
1.697
1.73
1.729
1.756
1.772
1.797
1.807
1.842
1.845
1.882
1.892
1.925
1.934
1.977
1.992
2.027
2.035
2.081
2.088
2.133
2.141
2.195
2.212
2.264
2.281
2.33
2.351
2.406
2.422
2.488
2.513
2.577
2.602
2.673
2.699
2.783
2.808
2.895
2.927
3.009
3.056
3.154
3.192
3.296
3.345
3.454
3.507
3.641
3.701
3.849
3.926
4.098
4.168
4.385
5.722
5.717
5.733
5.753
5.733
5.71
5.709
5.891
6.059
6.479
6.702
7.217
7.469
8.14
8.183
8.183
8.183
8.183
8.183
8.183
8.187
8.183
8.183
8.183
8.183
8.183
8.183
8.183
8.183
8.183
8.183
8.183
8.183
8.183
8.183
8.183
8.183
8.183
8.183
8.183
8.183
8.187
8.187
8.187
8.187
8.187
8.187
8.183
8.183
8.183
8.183
8.183
8.183
8.183
8.183
8.183
8.183
7.63
7.453
7.118
6.986
6.685
6.574
6.317
6.208
5.976
5.862
5.88
5.898
5.81
5.728
5.56
5.48
4.933
4.887
4.749
4.693
4.561
4.517
4.396
4.349
4.237
4.188
4.091
4.054
3.968
3.921
3.837
3.801
3.716
3.682
3.605
3.572
3.502
3.476
3.409
3.384
3.32
3.295
3.223
3.174
3.161
3.178
3.196
3.22
3.244
3.216
3.165
3.148
3.111
3.084
3.041
3.023
2.989
2.972
2.927
2.91
2.874
2.866
2.822
2.807
2.772
2.764
2.731
2.714
2.619
2.467
2.435
2.43
2.427
2.417
2.394
2.386
2.361
2.353
2.327
2.32
2.294
2.294
2.27
2.26
2.242
2.235
2.219
2.209
2.19
2.19
2.165
2.165
2.147
2.139
2.121
2.121
2.105
2.104
2.086
2.086
2.069
2.06
2.05
2.042
2.034
2.026
2.019
2.017
1.999
2.008
1.992
1.991
1.973
1.974
1.966
1.956
1.948
1.95
1.939
1.94
1.931
1.931
1.923
1.923
1.914
1.914
1.906
1.906
1.893
1.897
1.889
1.889
1.881
1.88
1.881
1.881
1.872
1.872
1.872
1.873
1.862
1.866
1.86
1.863
1.86
1.864
1.856
1.86
1.853
1.853
1.836
1.836
1.836
1.853
1.853
1.853
1.853
1.857
5.28183 12.8736 0.00432
