1 361
2.661
2.66
2.669
2.674
2.677
2.671
2.671
2.665
2.664
2.669
2.693
2.677
2.702
2.706
2.726
2.733
2.74
2.744
2.767
2.84
2.867
2.862
2.786
2.757
2.765
2.765
2.764
2.781
2.78
2.788
2.807
3.228
3.412
3.218
3.099
2.943
2.839
2.694
2.693
2.702
2.7
2.702
2.711
2.719
2.718
2.728
2.735
2.735
2.744
2.752
2.761
2.792
3.136
3.086
3.052
2.998
2.967
2.925
2.879
2.839
2.817
2.82
7.292
7.326
7.349
7.382
7.411
7.437
7.475
7.499
7.533
7.566
7.602
7.645
7.678
7.711
7.738
7.96
7.998
8.042
4.389
4.329
4.319
4.282
4.168
4.158
4.144
4.128
4.118
4.104
4.086
4.078
4.06
4.052
4.045
4.028
4.018
3.999
4
4.301
4.809
4.854
4.886
4.938
4.972
5.015
5.065
5.106
5.147
5.197
5.247
5.299
5.351
3.161
3.147
3.123
3.104
3.069
3.053
3.026
3.009
2.989
2.975
2.947
2.931
2.903
2.895
2.861
2.853
2.837
2.819
2.804
2.786
2.77
2.754
2.737
2.737
2.711
2.702
2.684
2.676
2.659
2.659
2.632
2.633
2.615
2.607
2.59
2.581
2.573
2.565
2.549
2.541
2.532
2.524
2.515
2.516
2.499
2.491
2.491
2.482
2.474
2.476
2.458
2.458
2.451
2.451
2.434
2.435
2.427
2.427
2.419
2.419
2.41
2.409
2.403
2.403
2.393
2.403
2.394
2.394
2.386
2.388
2.38
2.38
2.373
2.383
2.377
2.379
2.372
2.381
2.369
2.38
2.373
2.374
2.374
2.375
2.372
2.379
2.371
2.374
2.371
2.378
2.376
2.381
2.38
2.388
2.379
2.386
2.385
2.392
2.393
2.401
2.401
2.407
2.409
2.416
2.416
2.424
2.424
2.432
2.432
2.441
2.441
2.449
2.449
2.466
2.458
2.474
2.474
2.491
2.491
2.498
2.507
2.523
2.523
2.54
2.539
2.548
2.562
2.58
2.58
2.597
2.606
2.622
2.623
2.64
2.649
2.666
2.667
2.683
2.692
2.71
2.717
2.735
2.743
2.76
2.769
2.794
2.802
2.825
2.834
2.852
2.867
2.895
2.9
2.919
2.935
2.961
2.98
2.997
3.013
3.04
3.047
3.084
3.091
3.128
3.144
3.17
3.195
3.222
3.246
3.27
3.294
3.327
3.352
3.391
3.416
3.448
3.475
3.518
3.544
3.587
3.611
3.659
3.693
3.736
3.77
3.813
3.848
3.902
3.937
3.989
4.032
4.082
4.124
4.183
4.23
4.288
4.336
4.405
4.454
4.533
4.637
6.155
6.121
6.096
6.064
6.03
6.006
5.973
5.948
5.925
5.899
5.873
5.847
5.822
5.804
5.78
5.761
5.736
5.718
5.691
5.647
4.989
5.013
5.048
4.511
4.497
4.479
4.471
4.455
4.445
4.436
4.428
4.409
4.402
4.395
4.383
4.376
4.37
4.361
4.343
4.343
4.327
4.329
4.32
4.312
4.305
4.298
4.298
2.22069 -0.187531 1.58263
