1 361
1.826
1.887
1.921
1.978
2.028
2.088
2.135
2.202
2.26
2.337
2.41
2.485
2.571
2.666
2.766
2.867
2.989
3.112
3.254
3.42
3.575
3.758
3.982
4.212
4.456
4.731
5.142
5.359
6.87
6.863
6.884
7.132
7.146
8.187
8.183
8.191
8.183
8.187
8.187
8.183
8.183
8.183
8.187
8.187
8.191
8.183
8.187
8.191
8.191
8.187
8.187
8.187
8.183
8.183
8.183
8.183
8.191
8.183
8.183
8.183
8.183
8.183
8.183
8.183
8.183
8.183
8.183
8.183
8.183
8.183
5.361
5.438
5.555
5.641
5.775
5.877
5.887
5.886
5.887
5.878
5.886
5.883
5.884
5.883
5.894
5.887
5.895
5.894
5.775
5.687
5.556
5.47
5.362
5.287
5.183
5.103
5.022
4.937
4.85
4.779
4.715
4.645
4.537
4.5
4.532
4.548
4.584
4.522
4.463
4.412
4.352
4.302
4.245
4.196
4.148
4.107
4.051
3.845
3.726
3.699
3.676
3.636
3.602
3.567
3.532
3.496
3.465
3.431
3.397
3.364
3.333
3.308
3.285
3.259
3.228
3.202
3.175
3.152
3.134
3.1
3.082
3.059
3.038
3.021
2.995
2.976
2.958
2.937
2.925
2.899
2.89
2.866
2.849
2.834
2.816
2.801
2.791
2.776
2.758
2.742
2.735
2.718
2.708
2.691
2.683
2.665
2.656
2.64
2.632
2.613
2.613
2.597
2.588
2.58
2.581
2.627
2.707
2.749
2.841
2.885
2.985
3.04
3.059
3.039
3.04
3.02
3.022
3.012
3.004
2.996
2.987
2.978
2.969
2.96
2.935
2.927
2.926
2.918
3.149
3.181
3.232
4.695
4.698
4.689
4.68
4.674
6.519
7.094
7.656
7.758
7.743
7.744
7.747
7.741
7.743
7.729
7.732
7.723
7.733
7.721
7.723
7.711
7.726
7.681
5.701
5.007
4.7
4.697
4.702
4.701
4.718
4.71
2.974
2.878
2.88
2.881
2.905
2.905
2.914
2.914
2.922
2.922
2.929
2.938
2.947
2.946
2.955
2.955
2.964
2.965
2.982
2.982
2.992
2.99
3.008
3.009
3.024
3.026
3.043
3.043
3.06
3.061
3.077
3.086
3.095
3.095
3.121
3.13
3.15
3.139
3.066
3.02
2.96
2.923
2.862
2.83
2.764
2.738
2.686
2.683
2.7
2.709
2.732
2.73
2.756
2.765
2.786
2.788
2.819
2.82
2.846
2.855
2.888
2.889
2.922
2.933
2.96
2.968
3.009
3.01
3.039
3.057
3.096
3.105
3.14
3.159
3.189
3.206
3.248
3.264
3.307
3.316
3.362
3.38
3.422
3.48
4.264
4.288
4.355
4.382
4.442
4.466
4.501
4.797
4.865
4.902
4.989
5.026
5.109
5.147
5.226
5.282
5.337
5.31
5.267
5.243
5.367
5.417
5.521
5.576
5.604
5.584
5.55
5.533
5.499
5.472
5.446
5.428
5.386
5.388
5.521
5.581
5.723
5.799
5.952
6.039
6.203
6.296
6.479
6.584
6.777
-2.51645 12.8985 1.07513
