1 361
5.552
5.515
5.467
5.409
5.329
5.286
5.239
5.244
5.036
4.99
4.94
4.915
4.888
4.861
4.833
4.852
5.197
5.168
5.158
5.168
4.935
4.883
4.866
4.815
4.727
4.671
4.638
4.649
4.627
4.693
4.82
5.034
5.172
5.213
4.753
4.126
4.109
4.084
4.065
4.059
4.032
4.023
4.006
3.987
3.979
3.962
3.953
3.936
3.927
3.911
3.902
3.887
3.877
3.869
3.862
3.843
3.833
3.828
3.818
3.811
3.81
3.801
3.793
3.785
3.776
3.768
3.759
3.759
3.756
3.741
3.742
3.736
3.732
3.734
3.725
3.726
3.718
3.719
3.719
3.712
3.712
3.713
3.713
3.711
3.707
3.707
3.711
3.707
3.709
3.708
3.704
3.712
3.713
3.71
3.715
3.713
3.719
3.721
3.724
3.723
3.731
3.73
3.74
3.739
3.738
3.747
3.754
3.755
3.763
3.772
3.778
3.785
3.786
3.823
4.979
4.994
5.004
5.012
5.028
5.035
5.053
5.061
5.078
5.093
5.102
5.12
5.134
5.151
5.168
5.186
5.201
5.217
5.241
5.251
5.276
5.294
5.319
5.346
5.363
5.379
5.406
5.429
5.446
5.473
5.499
5.524
5.557
5.584
5.61
5.637
5.663
5.7
5.726
5.762
5.787
5.821
5.856
5.891
5.922
5.957
5.998
6.039
6.08
6.123
6.155
6.2
6.236
6.179
6.109
6.046
5.986
5.917
5.871
5.809
5.758
3.007
2.993
2.966
2.941
2.914
2.898
2.872
2.856
2.821
2.807
2.79
2.763
2.747
2.732
2.713
2.695
2.679
2.661
2.643
2.626
2.608
2.592
2.584
2.559
2.551
2.534
2.519
2.502
2.493
2.484
2.469
2.452
2.443
2.435
2.427
2.41
2.401
2.393
2.384
2.376
2.359
2.351
2.342
2.334
2.325
2.317
2.308
2.3
2.292
2.292
2.283
2.274
2.265
2.265
2.256
2.248
2.239
2.239
2.23
2.23
2.221
2.221
2.212
2.212
2.203
2.203
2.194
2.194
2.194
2.185
2.185
2.177
2.177
2.178
2.841
2.852
2.893
2.955
2.987
3.087
3.416
3.424
3.438
3.42
3.467
3.553
3.8
3.974
3.984
3.77
3.965
3.974
3.966
3.475
3.219
3.221
3.217
3.217
3.22
3.167
3.225
3.738
3.922
3.913
3.441
3.3
3.258
3.253
3.665
3.504
3.378
3.236
3.225
3.231
3.237
3.242
3.248
3.271
3.851
3.726
3.593
3.478
3.371
3.264
3.184
3.182
3.191
3.2
3.2
3.217
3.225
3.234
3.243
3.251
3.268
3.276
3.625
3.581
3.532
3.49
3.447
3.406
3.357
3.33
3.335
7.905
7.937
7.974
8.005
8.049
8.077
8.124
8.161
8.183
8.183
8.183
8.183
8.183
8.183
4.927
4.862
4.843
4.806
4.705
4.688
4.671
4.653
4.636
4.621
4.604
4.594
4.578
4.572
4.558
4.544
4.529
4.707
5.341
5.375
5.418
5.469
5.512
5.563
5.606
5.659
5.705
12.295 6.08102 0.938053
