1 361
1.294
1.303
1.303
1.319
1.306
1.32
1.32
1.329
1.329
1.338
1.338
1.346
1.346
1.363
1.354
1.372
1.371
1.381
1.38
1.39
1.389
1.405
1.404
1.421
1.421
1.438
1.438
1.446
1.447
1.464
1.464
1.472
1.467
1.475
1.474
1.492
1.491
1.692
1.703
1.719
1.718
1.736
1.744
1.761
1.77
1.788
1.789
1.812
1.812
1.836
1.836
1.863
1.871
1.896
1.903
1.93
1.939
1.964
1.973
2.008
2.016
2.043
2.051
2.088
2.094
2.131
2.139
2.175
2.183
2.227
2.231
2.227
2.225
2.2
2.201
2.174
2.174
2.16
2.173
2.233
2.267
2.311
2.326
2.369
2.384
2.434
2.451
2.509
2.527
2.57
2.573
2.527
2.518
2.487
2.478
2.439
2.429
2.397
2.396
2.356
2.355
2.322
2.313
2.289
2.28
2.253
2.254
2.219
2.22
2.194
2.193
2.165
2.166
2.185
2.194
2.212
2.221
2.238
2.247
2.264
2.282
2.299
2.306
2.322
2.34
2.357
2.374
2.39
2.406
2.424
2.441
2.466
2.474
2.498
2.522
2.554
8.187
8.183
8.183
8.183
8.191
8.183
8.187
8.191
8.191
8.191
8.183
8.183
8.183
8.183
8.183
8.183
8.183
8.183
8.183
8.183
8.183
8.183
8.183
8.183
8.183
8.183
8.183
8.183
8.183
8.183
8.183
8.183
8.183
8.183
8.183
8.183
8.183
8.183
8.183
6.995
6.897
6.609
6.493
6.213
6.107
5.875
5.771
5.56
5.465
5.271
5.179
5.011
4.947
4.8
4.738
4.596
4.532
4.403
4.359
4.238
4.184
4.08
4.028
3.945
3.896
3.799
3.765
3.681
3.647
3.561
3.529
3.451
3.425
3.353
3.327
3.262
3.237
3.172
3.152
3.091
3.074
3.015
2.994
2.926
2.891
2.848
2.872
2.888
2.906
2.925
2.94
2.9
2.882
2.84
2.822
2.783
2.766
2.731
2.724
2.681
2.671
2.638
2.629
2.593
2.586
2.552
2.544
8.183
8.183
8.183
8.183
8.183
8.183
7.896
8.183
8.183
8.183
8.183
8.183
8.183
8.183
8.183
8.183
8.183
8.183
8.183
8.183
8.183
8.183
8.183
8.183
8.183
8.183
8.183
8.183
8.183
8.183
8.183
8.183
1.909
1.903
1.885
1.885
1.879
1.887
1.875
1.874
1.865
1.865
1.858
1.858
1.84
1.841
1.832
1.804
1.702
1.731
1.72
1.7
1.716
1.689
1.707
1.688
1.701
1.705
1.715
1.718
1.73
1.723
1.719
1.705
1.717
1.721
1.72
1.733
1.738
1.741
1.734
1.735
1.731
1.731
1.729
1.726
1.696
1.632
1.648
1.733
1.735
1.738
1.735
1.735
1.726
1.726
1.735
1.736
1.725
1.733
1.73
1.73
1.722
1.733
1.719
1.726
1.712
1.722
1.708
1.709
1.697
1.714
1.694
1.703
1.691
1.692
1.692
1.692
1.684
1.701
1.691
1.7
1.692
1.703
1.694
1.703
1.706
1.714
6.88894 7.42724 2.29962
