1 361
6.1
6.126
6.153
6.177
6.194
6.227
6.246
6.281
6.306
6.331
6.366
5.518
5.454
5.399
5.265
5.19
5.042
4.96
4.717
4.621
4.535
4.48
4.433
4.402
4.401
4.796
4.796
4.758
4.698
4.456
4.113
4.018
3.959
3.921
3.889
3.869
3.945
4.075
3.46
3.428
3.393
3.36
3.327
3.294
3.269
3.247
3.212
3.187
3.163
3.138
3.111
3.086
3.067
3.035
3.018
3.003
2.974
2.957
2.929
2.913
2.896
2.872
2.857
2.838
2.821
2.806
2.789
2.77
2.754
2.738
2.73
2.712
2.7
2.691
2.674
2.658
2.649
2.634
2.626
2.617
2.601
2.594
2.575
2.568
2.561
2.554
2.544
2.527
2.526
2.521
2.514
2.498
2.497
2.486
2.479
2.468
2.464
2.449
2.45
2.432
2.432
2.425
2.421
2.41
2.407
2.404
2.403
2.396
2.392
2.389
2.387
2.377
2.375
2.373
2.37
2.363
2.355
2.355
2.355
2.346
2.346
2.345
2.337
2.338
2.329
2.33
2.33
2.322
2.33
2.33
2.322
2.314
2.322
2.314
2.322
2.315
2.314
2.314
2.322
2.573
3.475
3.475
3.475
3.475
3.484
3.484
3.484
3.492
3.492
3.492
3.501
3.502
3.51
3.51
3.518
3.527
3.536
3.536
3.545
3.552
3.562
3.562
3.579
3.579
3.588
3.597
3.614
3.615
3.623
3.632
3.648
3.657
3.666
3.675
3.691
3.7
3.718
3.726
3.742
3.751
3.768
3.785
3.803
3.811
3.829
3.846
3.855
3.873
3.891
3.908
3.926
3.945
3.961
3.979
4.006
4.013
4.039
4.058
4.084
4.101
4.134
4.15
4.176
4.201
4.226
4.248
4.273
4.304
4.331
4.355
4.389
4.413
4.448
4.474
4.509
4.541
4.576
4.609
4.652
4.678
4.706
4.662
4.613
4.57
4.53
4.487
4.452
4.41
4.375
4.343
4.311
4.278
4.244
4.215
4.179
4.147
4.12
4.099
4.063
4.041
4.009
3.988
3.963
3.94
3.915
3.886
3.86
3.843
3.82
3.811
3.784
3.767
1.556
1.549
1.55
1.541
1.525
1.526
1.516
1.508
1.5
1.5
1.492
1.491
1.483
1.475
1.466
1.458
1.458
1.449
1.449
1.44
1.44
1.432
1.423
1.423
1.423
1.414
1.414
1.406
1.406
1.406
1.397
1.397
1.397
1.397
1.388
1.388
1.38
1.38
1.38
1.371
1.372
1.372
1.372
1.372
1.372
1.363
1.363
1.365
1.366
1.366
1.36
1.353
1.364
1.358
1.353
1.356
1.349
1.36
1.36
1.36
1.36
1.358
1.356
1.362
1.358
1.356
1.361
1.361
1.358
1.366
1.363
1.363
1.363
1.363
1.371
1.371
1.371
1.371
1.371
1.38
1.38
1.38
1.38
1.388
1.388
1.388
1.397
1.397
1.406
1.406
1.406
1.414
1.414
1.414
1.423
1.423
1.432
1.432
1.44
1.44
1.449
1.449
1.458
1.467
1.467
1.475
1.475
1.483
1.493
13.5156 7.36177 0.528599
