1 361
2.187
2.186
2.195
2.195
2.206
2.203
2.212
2.212
2.212
2.221
2.22
2.229
2.229
2.238
2.241
2.246
2.254
2.254
2.263
2.262
2.272
2.28
2.288
2.289
2.298
2.271
2.289
2.289
2.301
8.183
8.183
8.183
8.183
8.183
8.183
8.183
8.183
8.183
8.183
8.183
8.183
8.183
8.183
8.183
8.183
8.183
8.183
8.183
8.183
8.183
3.885
3.831
3.798
3.771
3.74
3.699
3.675
3.639
3.605
3.584
3.557
3.523
3.498
3.474
3.446
3.423
3.398
3.374
3.357
3.334
3.309
3.294
3.283
3.296
3.364
3.249
3.209
3.178
3.151
3.132
3.16
3.19
3.236
3.263
3.312
3.327
3.376
3.401
3.45
3.476
3.526
3.552
3.604
3.63
3.688
3.722
3.791
3.816
3.882
3.918
3.989
4.018
4.101
4.136
4.212
4.26
4.346
4.392
4.47
4.52
4.619
4.676
4.774
4.829
4.948
5.006
5.119
5.192
5.332
5.4
5.54
5.614
5.78
5.866
6.038
6.138
6.339
6.439
6.647
6.754
7.011
7.087
7.89
8.035
8.183
8.183
8.183
8.183
8.183
8.183
8.183
8.187
8.183
8.187
8.183
8.187
8.183
8.187
8.183
8.183
8.183
8.191
8.187
8.183
8.187
8.183
8.183
8.183
8.183
8.187
8.187
8.187
8.183
8.183
8.183
8.183
8.183
8.183
8.183
8.183
8.187
8.187
8.187
8.187
8.183
8.187
8.183
8.183
8.17
7.262
6.666
6.409
5.826
5.615
5.26
5.257
5.266
5.247
4.281
4.134
3.897
3.798
3.593
3.511
3.347
3.268
3.121
3.059
2.94
2.879
2.768
2.721
2.624
2.586
2.46
2.4
2.391
2.39
2.406
2.399
2.415
2.415
2.43
2.411
2.332
2.301
2.256
2.224
2.17
2.155
2.1
2.083
2.031
2.023
1.969
1.953
1.921
1.893
1.558
1.54
1.516
1.507
1.5
1.489
1.456
1.45
1.423
1.415
1.398
1.381
1.36
1.359
1.329
1.322
1.304
1.297
1.278
1.271
1.253
1.244
1.226
1.227
1.21
1.202
1.185
1.176
1.166
1.158
1.142
1.142
1.123
1.125
1.109
1.109
1.091
1.083
1.075
1.076
1.058
1.05
1.042
1.033
1.025
1.034
1.017
1.017
1.009
1.008
0.991
0.992
0.983
0.983
0.975
0.968
0.958
0.959
0.95
0.951
0.942
0.942
0.933
0.933
0.924
0.924
0.915
0.915
0.907
0.906
0.906
0.897
0.898
0.898
0.89
0.89
0.881
0.881
0.872
0.881
0.872
0.872
0.863
0.863
0.863
0.863
0.854
0.854
0.854
0.854
0.846
0.846
0.846
0.846
0.837
0.847
0.838
0.838
0.838
0.838
0.829
0.838
0.829
0.829
0.829
0.83
0.83
0.83
0.827
0.831
0.825
0.819
0.827
0.824
0.814
0.816
0.808
0.799
0.799
0.799
0.799
0.816
0.816
0.827
0.827
0.82
0.822
0.821
0.816
0.824
0.823
0.823
0.823
9.05273 13.7978 0.032358
