1 361
1.67
1.669
1.669
1.66
1.652
1.646
1.644
1.643
1.643
1.642
1.635
1.635
1.635
1.626
1.626
1.626
1.626
1.618
1.619
1.61
1.619
1.611
1.611
1.605
1.608
1.603
1.607
1.611
1.61
1.607
1.603
1.609
1.602
1.602
1.6
1.594
1.602
1.608
1.607
1.608
1.609
1.603
1.608
1.605
1.611
1.61
1.61
1.609
1.618
1.626
1.625
1.617
1.625
1.633
1.633
1.633
1.641
1.641
1.641
1.642
1.65
1.651
1.656
1.658
1.668
1.668
1.675
1.675
1.684
1.692
1.692
1.693
1.7
1.687
1.696
1.694
1.704
1.749
1.887
1.886
1.895
1.905
1.912
1.921
1.931
1.937
1.947
1.955
1.962
1.971
1.982
1.988
1.998
2.007
2.023
2.025
2.041
2.051
2.069
2.077
2.085
2.093
2.113
2.122
2.139
2.147
2.166
2.173
2.19
2.199
2.217
2.234
2.251
2.268
2.285
2.303
2.32
2.297
2.283
2.256
2.248
2.214
2.226
2.24
2.257
2.296
2.318
2.336
2.361
2.386
2.411
2.426
2.451
2.474
2.503
2.524
2.557
2.583
2.616
2.643
2.678
2.702
2.734
2.768
2.804
2.836
2.879
2.913
2.949
2.985
3.028
3.072
3.115
3.159
3.215
3.257
3.316
3.363
3.42
3.48
3.541
3.597
3.666
3.733
3.843
5.24
5.231
5.313
5.441
5.542
5.672
5.788
5.923
6.055
6.118
6.104
6.088
6.064
6.054
6.029
6.022
5.995
5.996
5.972
6.16
6.619
6.63
6.793
7.06
8.183
8.183
8.183
8.183
8.183
8.183
8.183
8.183
8.183
8.183
8.183
8.183
8.183
8.187
8.183
8.191
8.183
8.183
8.183
8.191
8.183
8.183
8.183
8.183
8.183
8.183
8.183
8.183
8.183
8.183
8.183
8.183
8.183
8.183
8.183
8.183
8.183
8.183
8.183
8.183
8.183
8.183
8.183
8.183
8.183
8.183
7.685
7.343
7.042
6.736
6.481
6.248
6.041
5.708
5.62
5.637
5.663
5.769
5.721
6.804
6.964
7.022
7.069
7.099
7.114
7.139
3.87
3.826
3.757
3.67
3.601
3.527
3.465
3.387
3.334
3.269
3.212
3.146
3.093
3.042
2.99
2.937
2.893
2.843
2.807
2.758
2.715
2.683
2.648
2.603
2.57
2.528
2.505
2.464
2.43
2.398
2.374
2.34
2.316
2.283
2.266
2.23
2.214
2.187
2.163
2.135
2.119
2.101
2.084
2.058
2.039
2.017
1.997
1.98
1.962
1.946
1.929
1.912
1.905
1.879
1.867
1.855
1.837
1.82
1.812
1.795
1.787
1.771
1.762
1.748
1.736
1.728
1.712
1.704
1.694
1.678
1.678
1.662
1.654
1.646
1.636
1.63
1.622
1.604
1.597
1.588
1.588
1.581
1.573
1.556
1.556
1.548
1.54
1.534
1.532
1.524
1.515
1.507
1.508
1.499
1.499
1.491
1.482
1.474
1.475
1.465
1.466
1.458
1.458
1.44
1.449
1.44
3.70409 10.728 2.26506
