1 361
4.467
4.544
4.527
4.49
4.474
4.488
4.56
4.639
4.679
4.759
4.803
4.886
4.935
5.026
5.075
5.171
5.229
5.331
5.398
5.516
5.584
5.703
5.779
5.913
5.995
6.226
7.565
7.684
7.79
7.978
8.121
8.183
8.183
8.183
8.183
8.183
8.183
8.183
8.183
8.183
8.183
8.183
8.183
8.183
8.183
8.183
8.183
8.183
8.183
8.183
8.183
8.183
8.183
8.183
8.183
8.183
8.183
8.187
8.183
8.183
8.191
8.183
8.183
8.183
8.183
8.183
8.183
8.183
8.183
8.183
8.183
8.183
8.183
8.183
8.183
8.183
8.183
8.183
8.183
8.183
8.183
7.575
7.579
5.601
5.065
4.43
4.146
3.702
3.497
3.212
3.052
2.836
2.726
2.528
2.427
2.264
2.2
2.061
2.017
1.894
1.844
1.759
1.714
1.636
1.598
1.523
1.492
1.438
1.401
1.286
1.268
1.263
1.263
1.264
1.271
1.282
1.281
1.29
1.289
1.298
1.298
1.307
1.309
1.307
1.308
1.26
1.253
1.218
1.201
1.178
1.169
1.134
1.126
1.1
1.092
1.067
1.059
1.034
1.027
1.01
1.003
0.977
0.979
0.954
0.953
0.929
0.922
0.913
0.905
0.888
0.889
0.872
0.872
0.854
0.855
0.839
0.836
0.865
0.884
7.014
6.963
6.887
6.837
7.058
7.178
4.387
4.395
7.41
7.492
7.597
7.574
7.513
7.468
8.121
8.183
8.183
7.819
6.157
6.171
8.183
8.183
8.183
8.183
8.183
8.183
8.183
8.183
8.183
8.183
8.084
8.183
8.183
8.183
7.575
7.493
7.435
7.433
7.551
8.183
7.413
6.693
6.693
6.825
7.426
6.969
6.927
6.892
6.845
6.793
6.75
6.744
6.89
7.061
7.235
7.324
8.183
8.183
8.183
8.183
8.183
8.183
8.183
8.183
8.183
8.183
8.183
8.183
8.183
8.183
8.183
8.183
8.183
8.183
8.183
8.183
8.183
8.183
8.183
8.183
8.183
8.183
2.451
2.382
2.367
2.378
2.376
2.386
2.383
2.399
2.391
2.41
2.406
2.416
2.414
2.423
2.425
2.439
2.434
2.448
2.453
2.462
2.457
2.509
2.603
2.869
1.712
1.546
1.484
1.408
1.349
1.298
1.252
1.198
1.099
1.06
1.029
0.989
0.961
0.94
0.917
0.88
0.865
0.84
0.825
0.798
0.781
0.761
0.751
0.735
0.721
0.701
0.689
0.672
0.666
0.672
0.671
0.681
0.683
0.692
0.682
0.68
0.676
0.672
0.673
0.691
0.666
0.574
0.567
0.55
0.55
0.537
0.528
0.512
0.514
0.505
0.501
0.488
0.489
0.48
0.478
0.468
0.46
0.471
0.462
0.472
0.47
0.48
0.48
0.487
0.488
0.49
0.49
0.499
0.499
0.509
0.508
0.532
0.532
0.539
0.54
0.548
0.547
0.554
0.554
0.562
0.562
0.58
0.58
0.588
0.598
0.605
0.604
0.614
0.614
0.623
0.624
0.641
0.64
0.649
0.646
0.668
5.25389 8.22075 2.9908
