1 361
1.583
1.591
1.6
1.6
1.608
1.608
1.616
1.624
1.632
1.632
1.648
1.648
1.656
1.664
1.672
1.68
1.689
1.691
1.705
1.705
1.713
1.722
1.739
1.739
1.747
1.756
1.774
1.783
1.793
1.79
1.815
1.815
1.824
1.842
1.848
1.865
1.874
1.883
1.898
1.909
1.923
1.932
1.955
1.955
1.98
1.998
2.016
2.025
2.05
2.05
2.084
2.095
2.12
2.128
2.156
2.165
2.19
2.209
2.234
2.243
2.277
2.286
2.318
2.333
2.376
2.384
2.424
2.441
2.475
2.498
2.54
2.555
2.595
2.613
2.673
2.691
2.743
2.76
2.813
2.832
2.895
2.92
2.975
3
3.069
3.095
3.165
3.198
3.273
3.297
3.385
3.42
3.516
3.548
3.647
3.682
3.788
3.83
3.956
3.976
4.216
4.55
5.491
5.477
5.465
5.451
5.485
5.538
5.447
5.431
5.414
5.405
5.668
5.757
6.002
6.169
6.521
6.644
7.045
7.2
7.643
7.817
8.183
8.183
8.183
8.183
8.183
8.183
8.183
8.183
8.183
8.183
8.183
8.183
8.183
8.183
8.183
8.183
8.183
8.183
8.183
8.183
8.183
8.183
8.183
8.183
8.183
8.183
8.183
8.183
8.183
8.183
8.183
8.183
8.183
8.183
8.183
8.187
8.183
3.555
3.618
3.633
3.723
3.742
3.836
3.854
3.926
3.942
4.019
4.053
4.079
4.079
4.08
4.071
4.07
4.061
4.069
4.06
4.069
4.06
4.06
4.052
4.061
4.052
4.062
4.053
4.008
3.956
3.843
3.799
3.685
3.653
3.552
3.516
3.423
3.394
3.3
3.276
3.186
3.159
3.09
3.063
2.994
2.978
2.907
2.891
2.819
2.806
2.74
2.704
2.66
2.655
2.688
2.687
2.721
2.721
2.723
2.714
2.662
2.645
2.602
2.594
2.552
2.536
2.495
2.478
2.446
2.429
2.404
2.388
2.354
2.346
2.313
2.304
2.271
2.262
2.237
2.229
2.202
2.194
1.96
1.952
1.935
1.927
1.928
1.918
1.9
1.9
1.876
1.867
1.85
1.842
1.834
1.825
1.807
1.809
1.791
1.783
1.773
1.765
1.747
1.748
1.731
1.731
1.713
1.705
1.696
1.697
1.68
1.68
1.663
1.663
1.647
1.647
1.639
1.63
1.622
1.63
1.614
1.614
1.606
1.606
1.589
1.598
1.581
1.573
1.573
1.564
1.564
1.556
1.556
1.556
1.549
1.539
1.539
1.539
1.531
1.531
1.523
1.523
1.514
1.515
1.514
1.514
1.515
1.505
1.505
1.506
1.506
1.498
1.498
1.498
1.499
1.49
1.489
1.497
1.484
1.488
1.486
1.492
1.477
1.468
1.46
1.46
1.468
1.477
1.486
1.49
1.489
1.491
1.488
1.496
1.49
1.49
1.498
1.498
1.498
1.506
1.506
1.506
1.506
1.506
1.514
1.515
1.515
1.515
1.515
1.515
1.524
1.524
1.532
1.532
1.54
1.54
1.54
1.54
1.549
1.557
1.557
1.557
1.566
-0.898543 14.0505 0.098227
