1 361
5.571
5.513
5.475
5.406
5.338
5.297
5.248
5.242
5.038
4.989
4.938
4.919
4.9
4.873
4.845
4.859
5.195
5.174
5.164
5.183
4.936
4.895
4.868
4.833
4.737
4.689
4.672
4.667
4.635
4.703
4.84
5.036
5.163
5.211
4.751
4.127
4.101
4.084
4.075
4.05
4.04
4.022
4.007
3.99
3.98
3.962
3.943
3.936
3.927
3.91
3.903
3.897
3.879
3.87
3.861
3.851
3.835
3.827
3.819
3.82
3.802
3.802
3.792
3.784
3.776
3.768
3.758
3.759
3.757
3.749
3.742
3.736
3.733
3.726
3.724
3.719
3.718
3.72
3.711
3.711
3.711
3.712
3.712
3.71
3.707
3.708
3.704
3.71
3.708
3.708
3.705
3.714
3.711
3.71
3.714
3.712
3.717
3.722
3.723
3.733
3.732
3.74
3.739
3.738
3.745
3.747
3.754
3.764
3.764
3.77
3.77
3.784
3.795
3.823
4.986
4.994
5.002
5.018
5.028
5.044
5.054
5.059
5.077
5.093
5.103
5.118
5.135
5.15
5.168
5.185
5.199
5.216
5.242
5.26
5.276
5.302
5.318
5.336
5.364
5.388
5.405
5.429
5.455
5.472
5.497
5.532
5.558
5.584
5.609
5.636
5.663
5.697
5.725
5.761
5.785
5.82
5.855
5.89
5.923
5.964
5.997
6.038
6.08
6.121
6.155
6.207
6.234
6.176
6.105
6.048
5.982
5.927
5.869
5.82
5.76
3.009
2.994
2.966
2.941
2.914
2.897
2.864
2.847
2.822
2.805
2.788
2.762
2.739
2.73
2.713
2.695
2.678
2.652
2.643
2.626
2.608
2.591
2.583
2.567
2.551
2.534
2.518
2.509
2.492
2.485
2.468
2.451
2.443
2.434
2.426
2.409
2.401
2.393
2.384
2.376
2.358
2.35
2.341
2.333
2.324
2.316
2.307
2.3
2.299
2.29
2.283
2.274
2.266
2.265
2.256
2.248
2.239
2.239
2.229
2.23
2.221
2.221
2.212
2.212
2.203
2.203
2.193
2.194
2.184
2.185
2.176
2.176
2.176
2.177
2.849
2.86
2.887
2.963
3.005
3.095
3.417
3.431
3.438
3.419
3.48
3.553
3.947
3.974
3.974
3.77
3.956
3.974
3.966
3.459
3.221
3.213
3.215
3.215
3.218
3.165
3.231
3.754
3.931
3.902
3.446
3.299
3.257
3.261
3.664
3.496
3.37
3.237
3.224
3.23
3.235
3.24
3.258
3.27
3.85
3.726
3.601
3.478
3.371
3.264
3.174
3.182
3.19
3.199
3.208
3.208
3.225
3.234
3.242
3.251
3.268
3.276
3.621
3.581
3.53
3.488
3.438
3.404
3.359
3.322
3.341
7.902
7.938
7.974
8.006
8.047
8.077
8.128
8.159
8.183
8.183
8.183
8.183
8.183
8.183
4.936
4.872
4.842
4.812
4.701
4.684
4.673
4.651
4.638
4.622
4.609
4.586
4.579
4.57
4.553
4.545
4.531
4.74
5.333
5.385
5.418
5.469
5.51
5.563
5.606
5.659
5.705
12.295 6.08113 0.937608
