1 361
4.519
4.502
4.512
4.495
4.505
4.48
4.499
4.49
4.516
4.508
4.567
4.545
4.639
4.628
4.672
4.652
4.66
4.645
4.653
4.644
4.634
4.628
4.63
4.618
4.608
4.607
4.606
4.6
4.6
4.591
4.59
4.583
4.584
4.59
4.581
4.583
4.581
4.584
4.575
4.582
4.58
4.583
4.581
3.604
3.658
2.816
2.851
2.271
2.29
1.925
1.928
1.93
1.921
1.938
1.931
1.938
1.938
1.939
1.939
1.948
1.95
1.953
1.954
1.969
1.958
1.968
1.961
1.977
1.977
1.995
1.986
2.004
1.995
2.011
2.003
2.021
2.01
2.038
2.029
2.047
2.037
2.056
2.047
2.074
2.065
2.082
2.083
2.1
2.099
2.117
2.118
2.137
2.136
2.153
2.153
2.171
2.17
2.197
2.188
2.214
2.213
2.24
2.231
2.265
2.256
2.284
2.282
2.307
2.307
2.341
2.332
2.318
2.329
2.267
2.277
2.221
2.229
2.184
2.183
2.13
2.14
2.095
2.104
2.052
2.061
2.019
2.018
1.983
1.983
1.942
1.952
1.918
1.92
1.884
1.885
1.852
1.86
1.836
1.835
1.801
1.81
1.785
1.776
1.759
1.759
1.733
1.733
1.707
1.715
1.69
1.699
1.674
1.674
1.657
1.657
1.632
1.64
1.624
1.624
1.608
1.608
1.591
1.591
1.565
1.574
1.558
1.558
1.541
1.551
1.534
1.534
1.517
1.526
1.508
1.517
1.5
1.5
1.483
1.491
1.483
1.483
1.474
1.474
1.457
1.467
1.458
1.457
1.449
1.449
1.44
1.441
1.432
1.44
1.424
1.432
1.424
1.424
1.424
1.424
1.415
1.415
1.415
1.415
1.406
1.406
1.406
1.398
1.401
1.408
1.394
1.402
1.398
1.398
1.396
1.395
1.396
1.395
1.393
1.401
1.396
1.403
1.399
1.399
1.399
1.399
1.395
1.397
1.401
1.401
1.398
1.406
1.398
1.405
1.405
1.405
1.413
1.414
1.413
1.422
1.422
1.422
1.415
1.423
1.422
1.43
1.43
1.439
1.438
1.448
1.447
1.447
1.455
1.455
1.464
1.465
1.472
1.472
1.481
1.481
1.489
1.497
1.498
1.506
1.514
1.514
1.514
1.523
1.531
1.539
1.539
1.547
1.556
1.564
1.572
1.572
1.588
1.588
1.597
1.604
1.613
1.621
1.627
1.637
1.647
1.655
1.669
1.676
1.685
1.693
1.709
1.71
1.728
1.736
1.752
1.752
1.776
1.779
1.803
1.802
1.827
1.828
1.853
1.852
1.878
1.885
1.912
1.913
1.936
1.946
1.97
1.978
2.005
2.021
2.047
2.056
2.083
2.092
2.126
2.137
1.926
1.926
1.971
1.981
2.023
2.027
2.15
2.306
2.363
2.363
2.426
2.425
2.485
2.489
2.565
2.562
2.629
2.623
2.693
2.699
2.641
2.64
2.615
2.633
2.818
2.825
2.912
2.919
6.161
6.17
6.116
6.117
6.066
6.066
6.018
6.025
5.978
5.986
5.936
5.945
5.904
5.912
-3.84085 10.3386 5.81663
