1 361
0.851
0.86
0.869
0.867
0.878
0.877
0.885
0.884
0.893
0.9
0.909
0.909
0.917
0.917
0.925
0.934
0.94
0.949
0.954
0.958
0.965
0.972
0.98
0.986
1.069
1.07
1.076
1.084
1.087
1.079
1.076
1.083
1.091
1.101
1.1
1.109
1.118
1.126
1.135
1.142
1.151
1.16
1.164
5.682
5.618
5.562
5.51
5.463
5.405
5.345
5.299
5.345
5.391
5.384
5.318
5.274
5.234
5.191
5.141
5.099
5.068
5.036
4.994
4.961
4.921
4.895
4.667
4.65
4.625
4.601
4.561
4.543
4.508
4.484
4.46
4.432
4.407
4.389
4.355
4.331
4.313
4.289
4.265
4.241
4.224
4.199
4.182
4.168
4.15
4.134
4.109
4.101
4.075
4.059
4.05
4.032
4.015
4.006
3.991
3.981
3.963
3.945
3.935
3.926
3.91
3.902
3.885
3.875
3.866
3.867
3.859
3.839
3.832
3.823
3.798
3.79
3.835
3.932
3.926
3.917
3.909
3.909
3.899
3.901
3.883
3.881
3.882
3.874
3.873
3.864
3.864
3.863
3.856
3.857
3.849
3.849
3.848
3.845
3.846
3.844
3.839
3.84
3.839
3.841
3.686
3.686
3.702
3.708
3.713
3.712
3.718
3.715
3.724
3.723
3.723
3.73
3.729
3.738
3.739
3.745
3.753
3.763
3.76
3.773
3.772
3.78
3.787
3.796
3.805
3.807
3.816
3.824
3.831
3.84
3.849
3.858
3.877
3.876
3.894
3.903
3.911
3.92
3.937
3.946
3.963
3.972
3.99
3.999
4.015
4.023
4.05
4.058
4.069
4.091
4.108
4.126
4.142
4.161
4.184
4.199
4.216
4.24
4.247
4.277
4.466
4.487
4.514
4.538
4.563
4.586
4.623
4.639
4.671
4.689
4.722
0.921
0.927
0.917
0.909
0.902
0.885
0.885
0.874
0.867
0.85
0.849
0.835
0.826
0.826
0.833
0.831
0.834
0.825
0.816
0.814
0.82
0.831
0.819
0.812
0.808
0.776
0.775
0.741
0.728
0.724
0.725
0.728
0.726
0.726
0.725
0.725
0.725
0.722
0.715
0.72
0.727
0.717
0.719
0.718
0.723
0.718
0.719
0.719
0.726
0.718
0.722
0.718
0.72
0.726
0.723
0.718
0.724
0.728
0.725
0.726
0.724
0.722
0.731
0.722
0.731
0.73
0.73
0.731
0.731
0.738
0.737
0.74
0.74
0.738
0.745
0.747
0.745
0.754
0.757
0.754
0.762
0.761
0.763
0.763
0.762
0.77
0.77
0.778
0.776
0.777
0.777
0.784
0.785
0.794
0.792
0.791
0.801
0.809
0.81
0.81
0.818
0.818
0.827
0.835
0.835
0.835
0.835
0.844
0.852
0.852
0.862
0.994
2.134
2.142
2.095
2.105
2.097
2.098
2.104
2.143
2.172
2.424
2.811
2.824
2.846
2.869
2.787
2.521
2.529
2.502
2.479
2.443
2.332
2.217
2.129
2.023
1.954
1.876
1.815
1.767
1.761
1.76
1.77
1.779
1.78
1.79
4.6286 2.54011 0.441053
