1 361
1.125
1.125
1.125
1.133
1.133
1.133
1.132
1.141
1.141
1.15
1.15
1.15
1.158
1.158
1.158
1.166
1.167
1.174
1.174
1.183
1.183
1.192
1.192
1.2
1.21
1.219
1.219
1.226
1.227
1.236
1.236
1.244
1.245
1.254
1.263
1.271
1.271
1.288
1.288
1.297
1.307
1.314
1.314
1.323
1.332
1.341
1.35
1.359
1.367
1.375
1.375
1.393
1.402
1.409
1.418
1.435
1.444
1.461
1.46
1.478
1.485
1.504
1.51
1.521
1.536
1.552
1.56
1.576
1.594
1.601
1.616
1.642
1.649
1.667
1.682
1.708
1.715
1.742
1.749
1.775
1.793
1.809
1.835
1.852
1.875
1.902
1.928
1.954
1.97
2.004
2.028
2.055
2.082
2.117
2.143
2.179
2.204
2.238
2.273
2.314
2.348
2.39
2.421
2.497
2.539
2.597
2.637
2.692
2.731
2.792
2.85
2.909
2.969
3.041
3.102
3.177
3.252
3.33
3.416
3.512
3.584
3.694
3.795
3.916
4.028
4.163
4.295
4.442
4.575
4.749
4.91
5.097
5.416
6.682
6.674
6.656
6.648
6.637
6.63
6.62
6.612
6.604
6.594
6.586
6.586
6.576
6.576
6.559
6.196
6.55
6.551
5.799
5.538
5.523
5.532
5.524
5.532
5.523
5.53
5.523
5.531
5.529
5.54
5.529
5.548
5.538
5.556
5.556
5.565
5.556
5.573
5.573
5.582
5.59
5.599
5.598
5.617
5.617
5.634
5.642
5.652
5.66
5.678
5.678
5.703
5.711
5.729
5.738
5.792
6.82
6.837
6.854
6.878
6.887
6.919
6.926
6.961
6.977
7.002
7.018
7.053
7.07
7.097
7.122
7.15
7.175
7.207
7.234
7.26
7.293
7.329
7.353
7.389
7.423
7.458
7.491
7.528
7.564
7.608
7.641
7.692
7.725
7.775
7.808
7.871
7.906
7.96
8.001
8.054
8.095
8.165
8.183
8.183
8.183
8.183
8.183
8.183
8.183
8.183
8.183
8.183
8.183
8.183
8.183
8.183
8.183
8.183
8.183
8.183
8.117
7.941
7.874
7.791
7.843
7.943
8.007
8.183
8.183
7.539
7.453
7.436
7.519
7.611
7.767
7.747
7.297
7.25
7.199
7.156
7.112
6.334
6.282
6.257
6.213
6.189
6.156
6.123
6.091
6.065
6.034
6.009
5.975
5.952
5.919
5.894
5.871
5.845
5.821
5.803
5.777
5.759
5.736
5.719
5.7
5.682
5.667
5.649
5.632
5.615
5.599
5.579
5.564
5.553
5.537
5.52
5.5
5.501
5.477
5.477
5.458
5.448
5.432
5.424
5.407
5.398
5.383
5.384
5.375
5.367
5.376
5.754
6.474
6.498
6.489
6.489
6.473
6.472
6.464
6.455
6.454
6.455
6.445
6.445
6.445
6.445
6.437
6.445
6.446
6.445
6.438
6.445
6.446
6.446
6.455
6.455
6.456
6.464
6.473
6.481
3.741
3.494
3.337
3.13
3.015
2.85
2.752
2.606
2.533
2.4
2.337
2.245
11.1791 9.10031 4.83127
