1 361
5.607
5.661
5.679
5.733
5.749
5.81
5.827
5.887
5.912
5.98
5.997
6.071
6.085
6.153
6.187
6.257
6.283
6.359
6.393
6.469
6.496
6.575
6.611
6.69
6.731
6.683
6.648
6.587
5.482
5.529
5.515
5.468
5.405
5.33
5.321
5.291
5.332
5.081
5.023
5.099
5.108
5.15
5.156
5.11
5.116
5.127
5.118
5.131
5.187
5.295
5.122
5.149
5.079
5.045
5.047
4.99
4.969
4.927
4.921
4.921
4.918
4.977
5.065
4.762
4.768
4.219
4.127
4.103
4.094
4.076
4.068
4.041
4.042
4.026
4.016
4.001
4.001
3.984
3.983
3.965
3.958
3.95
3.943
3.934
3.926
3.918
3.908
3.901
3.9
3.892
3.882
3.883
3.873
3.865
3.864
3.856
3.856
3.856
3.847
3.849
3.852
3.847
3.837
3.839
3.838
3.84
3.839
3.838
3.838
3.838
3.84
3.839
3.846
3.842
3.844
3.852
3.85
3.848
3.857
3.859
3.859
3.864
3.876
3.875
3.879
3.882
3.889
3.891
3.904
3.902
3.911
3.919
3.919
3.919
3.936
3.945
3.944
3.953
3.963
3.968
3.982
3.996
4.002
5.209
5.225
5.242
5.25
5.266
5.285
5.301
5.319
5.344
5.354
5.379
5.389
5.413
5.429
5.455
5.472
5.497
5.515
5.549
5.566
5.601
5.61
5.644
5.662
5.698
5.717
5.751
5.77
5.813
5.829
5.872
5.898
5.941
5.957
6.006
6.032
6.08
6.107
6.155
6.182
6.234
6.261
6.311
6.354
6.403
6.438
6.49
6.525
6.466
6.421
6.348
6.299
6.221
6.189
6.107
6.077
5.999
5.969
3.307
3.294
3.26
3.244
3.212
3.195
3.162
3.152
3.116
3.11
3.072
3.064
3.038
3.028
3.004
2.995
2.97
2.96
2.934
2.923
2.899
2.89
2.866
2.856
2.84
2.831
2.806
2.806
2.781
2.782
2.756
2.756
2.73
2.73
2.713
2.704
2.686
2.686
2.668
2.668
2.651
2.642
2.633
2.626
2.616
2.608
2.6
2.599
2.582
2.582
2.566
2.567
2.558
2.558
2.542
2.541
2.534
2.525
2.526
2.516
2.508
2.508
2.499
2.5
2.484
2.572
3.297
3.289
3.345
3.558
3.724
3.726
3.723
3.727
3.729
3.734
3.915
4.221
4.289
4.289
4.279
4.095
4.28
4.281
3.684
3.516
3.521
3.515
3.506
3.457
3.488
3.534
4.074
4.266
4.239
3.736
3.633
3.608
3.985
3.829
3.571
3.504
3.499
3.513
3.518
3.524
3.537
3.707
4.076
3.946
3.746
3.629
3.44
3.434
3.441
3.45
3.45
3.467
3.476
3.484
3.484
3.493
3.502
3.517
3.871
3.837
3.757
3.726
3.649
3.606
3.547
3.549
7.979
7.998
8.035
8.059
8.094
8.116
8.151
8.183
8.183
8.183
8.183
8.183
8.183
8.183
8.183
8.183
5.114
5.06
5.01
4.978
4.868
4.852
4.826
4.825
4.787
4.78
4.751
4.742
12.1131 5.86327 0.783618
