1 361
1.751
1.752
1.752
1.744
1.742
1.743
1.732
1.734
1.732
1.732
1.725
1.723
1.723
1.723
1.723
1.716
1.714
1.718
1.72
1.719
1.72
2.298
2.294
2.321
2.312
2.31
2.314
2.682
2.69
2.68
2.683
2.704
2.722
2.72
2.743
2.747
2.763
2.802
2.822
2.802
2.802
2.799
2.806
2.808
2.809
2.815
2.774
2.862
2.947
2.797
2.804
2.805
2.814
2.814
2.823
2.897
3.1
2.988
2.945
2.861
2.851
2.859
2.868
2.884
2.883
2.899
2.912
3.293
3.262
3.15
3.107
3.003
2.977
2.879
2.848
2.847
2.855
2.873
2.881
2.901
2.907
2.916
2.925
2.943
2.951
2.97
2.977
3.262
3.245
3.202
3.185
3.137
3.128
3.076
3.068
3.069
7.957
8.012
8.05
8.183
8.183
8.183
8.183
8.183
8.183
8.183
4.729
4.646
4.626
4.603
4.569
4.503
4.49
4.471
4.465
4.448
4.446
4.431
4.423
4.414
4.404
4.398
4.387
4.379
4.375
5.247
5.281
5.35
5.384
5.459
5.5
5.58
5.614
5.695
5.739
5.826
5.868
5.96
6.009
6.109
3.579
3.557
3.547
3.514
3.506
3.47
3.463
3.43
3.422
3.397
3.382
3.358
3.349
3.325
3.319
3.294
3.284
3.269
3.253
3.237
3.226
3.202
3.202
3.185
3.176
3.16
3.151
3.135
3.126
3.117
3.109
3.09
3.091
3.064
3.073
3.046
3.046
3.037
3.038
3.019
3.019
3.011
3
2.993
3.001
2.984
2.984
2.975
2.975
2.966
2.966
2.958
2.958
2.948
2.948
2.94
2.941
2.932
2.933
2.933
2.933
2.925
2.927
2.922
2.924
2.92
2.919
2.924
2.924
2.919
2.927
2.915
2.921
2.921
2.927
2.922
2.92
2.927
2.925
2.924
2.932
2.932
2.931
2.94
2.94
2.948
2.947
2.947
2.957
2.957
2.966
2.966
2.973
2.983
2.983
2.992
3
3
3.009
3.017
3.025
3.026
3.035
3.044
3.052
3.061
3.07
3.088
3.096
3.104
3.114
3.123
3.14
3.147
3.155
3.166
3.182
3.191
3.206
3.216
3.231
3.241
3.257
3.273
3.281
3.298
3.314
3.329
3.347
3.353
3.378
3.392
3.411
3.426
3.452
3.459
3.486
3.501
3.526
3.544
3.569
3.587
3.612
3.63
3.655
3.678
3.704
3.739
3.755
3.79
3.816
3.842
3.869
3.904
3.93
3.966
3.991
4.028
4.055
4.097
4.132
4.165
4.197
4.246
4.278
4.326
4.362
4.413
4.439
4.49
4.533
4.584
4.636
4.686
4.732
4.794
4.838
4.979
6.578
6.516
6.488
6.437
6.403
6.361
6.335
6.283
6.269
6.217
6.199
6.154
6.13
6.097
6.072
6.031
6.015
5.973
5.957
5.307
5.228
4.744
4.717
4.692
4.675
4.649
4.641
4.616
4.607
4.582
4.574
4.548
4.547
4.523
4.514
4.498
4.491
4.474
4.464
4.449
4.441
4.432
4.423
2.21754 -0.796471 1.48605
