1 361
5.553
5.506
5.468
5.406
5.331
5.294
5.248
5.243
5.037
4.983
4.948
4.917
4.891
4.862
4.832
4.852
5.192
5.168
5.158
5.18
4.936
4.892
4.867
4.826
4.726
4.69
4.654
4.65
4.618
4.694
4.827
5.034
5.164
5.211
4.75
4.12
4.101
4.083
4.065
4.05
4.041
4.022
4.007
3.989
3.978
3.963
3.953
3.935
3.918
3.909
3.901
3.886
3.878
3.87
3.861
3.844
3.834
3.827
3.827
3.811
3.811
3.801
3.793
3.785
3.776
3.768
3.759
3.76
3.757
3.748
3.743
3.736
3.731
3.733
3.726
3.727
3.718
3.718
3.72
3.712
3.712
3.712
3.713
3.711
3.708
3.708
3.702
3.707
3.709
3.708
3.705
3.713
3.713
3.712
3.707
3.711
3.719
3.722
3.732
3.723
3.73
3.73
3.73
3.739
3.747
3.747
3.755
3.763
3.764
3.772
3.779
3.786
3.786
3.827
4.978
4.994
5.003
5.012
5.028
5.036
5.053
5.062
5.079
5.094
5.11
5.12
5.135
5.152
5.168
5.184
5.2
5.226
5.233
5.258
5.277
5.303
5.32
5.346
5.354
5.378
5.406
5.421
5.448
5.472
5.499
5.525
5.549
5.583
5.61
5.636
5.673
5.7
5.726
5.761
5.787
5.822
5.856
5.89
5.923
5.965
5.999
6.04
6.073
6.123
6.156
6.209
6.245
6.176
6.106
6.049
5.987
5.929
5.87
5.81
5.757
3.008
2.993
2.967
2.941
2.916
2.899
2.872
2.847
2.823
2.806
2.788
2.763
2.748
2.731
2.714
2.695
2.679
2.661
2.643
2.626
2.608
2.592
2.575
2.567
2.551
2.534
2.519
2.501
2.493
2.485
2.469
2.452
2.443
2.435
2.418
2.41
2.401
2.394
2.384
2.368
2.36
2.35
2.341
2.333
2.325
2.317
2.308
2.3
2.292
2.283
2.274
2.274
2.265
2.256
2.256
2.248
2.239
2.239
2.231
2.221
2.221
2.212
2.212
2.212
2.203
2.203
2.194
2.185
2.184
2.185
2.185
2.176
2.176
2.178
2.841
2.861
2.885
2.955
3.005
3.087
3.419
3.423
3.438
3.422
3.476
3.54
3.851
3.974
3.984
3.76
3.957
3.966
3.966
3.468
3.22
3.222
3.216
3.217
3.223
3.166
3.232
3.739
3.923
3.911
3.434
3.3
3.258
3.262
3.664
3.506
3.37
3.236
3.225
3.229
3.235
3.242
3.257
3.262
3.849
3.726
3.602
3.477
3.371
3.264
3.182
3.182
3.183
3.2
3.208
3.208
3.225
3.234
3.243
3.251
3.26
3.277
3.624
3.574
3.531
3.49
3.439
3.407
3.361
3.323
3.335
7.912
7.944
7.973
8.015
8.053
8.077
8.118
8.163
8.183
8.183
8.183
8.183
8.183
8.183
4.929
4.859
4.842
4.815
4.703
4.685
4.67
4.654
4.635
4.619
4.602
4.594
4.577
4.563
4.552
4.548
4.53
4.723
5.343
5.375
5.418
5.469
5.511
5.564
5.607
5.659
5.703
12.295 6.08102 0.938053
