1 361
0.997
0.988
0.988
0.988
0.979
0.979
0.979
0.97
0.97
0.97
0.962
0.963
0.962
0.962
0.953
0.953
0.953
0.953
0.953
0.953
0.944
0.944
0.944
0.944
0.944
0.944
0.944
0.944
0.935
0.935
0.936
0.937
0.937
0.938
0.93
0.933
0.938
0.931
0.935
0.915
0.915
0.915
0.924
0.933
0.938
0.938
0.94
0.939
0.935
0.939
0.93
0.938
0.937
0.937
0.945
0.945
0.945
0.935
0.935
0.925
0.933
0.934
0.933
0.934
0.932
0.933
0.932
0.981
0.981
1.101
1.102
1.111
1.11
1.109
1.119
1.12
1.119
1.128
1.128
1.127
1.135
1.136
1.143
1.144
1.153
1.154
1.152
1.161
1.161
1.171
1.179
1.179
1.179
1.189
1.196
1.198
1.206
1.215
1.214
1.223
1.222
1.231
1.241
1.249
1.25
1.258
1.267
1.276
1.285
1.284
1.293
1.302
1.311
1.32
1.328
1.337
1.337
1.346
1.364
1.372
1.38
1.389
1.397
1.415
1.424
1.433
1.448
1.465
1.473
1.482
1.498
1.515
1.522
1.541
1.541
1.517
1.517
1.501
1.493
1.476
1.477
1.461
1.461
1.447
1.462
1.479
1.495
1.548
1.556
1.579
1.597
1.621
1.638
1.659
1.678
1.704
1.72
1.747
1.772
1.797
1.814
1.846
1.864
1.906
1.93
1.966
1.99
2.031
2.058
2.104
2.13
2.185
2.216
2.269
2.294
2.354
2.392
2.459
2.499
2.556
2.612
2.69
2.737
2.83
2.878
2.976
3.042
3.151
3.228
3.277
3.438
4.105
4.219
4.25
4.251
4.232
4.233
4.432
4.578
4.704
4.694
4.658
4.641
4.606
4.597
4.565
4.556
4.522
4.523
4.489
4.49
4.456
4.446
4.434
4.478
4.521
4.563
4.614
4.648
4.7
4.745
4.788
4.834
4.922
8.183
8.183
8.183
8.183
8.183
8.183
8.183
8.183
8.183
8.183
8.183
8.183
8.183
8.183
8.183
8.183
8.183
8.183
8.183
8.183
8.183
8.183
8.183
8.183
8.183
8.183
8.183
7.998
7.803
7.498
7.326
7.077
6.913
6.682
6.55
6.341
6.217
6.031
5.906
5.742
5.651
5.499
5.401
5.272
5.176
5.053
5.068
5.094
5.117
5.008
4.937
4.831
4.774
4.682
4.621
8.183
8.183
8.183
8.183
8.183
8.183
8.183
3.8
3.652
3.252
3.2
3.172
3.152
3.139
3.12
3.12
3.11
3.112
3.118
3.12
3.13
3.151
3.176
3.176
3.135
3.11
3.075
3.049
3.015
2.988
2.961
2.936
2.909
2.883
2.858
2.832
2.809
2.793
2.767
2.75
2.727
2.708
2.682
2.666
2.65
2.631
2.614
2.588
2.571
2.565
2.541
2.532
2.509
2.5
2.475
2.466
2.449
2.437
2.416
2.409
2.39
2.371
2.353
2.334
2.323
2.298
2.28
2.261
2.249
2.23
2.212
2.193
2.183
2.155
2.147
2.129
2.122
2.114
2.097
2.091
2.093
2.077
7.70981 4.93771 1.53456
