1 361
0.71
0.718
0.722
0.72
0.719
0.724
0.743
0.807
0.816
0.802
0.802
0.793
0.781
0.784
0.783
0.782
0.791
0.793
0.773
0.766
0.773
0.773
0.779
0.782
0.78
0.779
0.789
0.788
0.787
0.788
0.795
0.803
0.797
0.806
0.805
0.805
0.814
0.812
0.821
0.828
0.813
7.439
7.474
7.493
7.529
7.73
7.573
7.562
7.362
7.372
7.419
7.546
7.44
7.453
7.465
6.766
6.491
6.405
6.295
6.22
6.123
6.047
5.957
5.893
5.796
5.73
5.651
5.588
5.524
5.46
5.384
5.331
5.267
5.224
5.163
5.107
5.056
5.014
4.919
4.897
4.943
4.973
4.981
4.92
4.871
4.827
4.777
4.742
4.698
4.664
4.623
4.589
4.553
4.522
4.49
4.286
4.227
4.21
4.18
4.156
4.139
4.105
4.073
4.047
4.023
4.003
3.969
3.951
3.924
3.9
3.881
3.854
3.838
3.82
3.803
3.776
3.759
3.734
3.717
3.701
3.683
3.665
3.648
3.632
3.624
3.602
3.59
3.573
3.565
3.547
3.54
3.524
3.512
3.496
3.488
3.479
3.463
3.456
3.445
3.428
3.421
3.414
3.405
3.397
3.39
3.384
3.375
3.366
3.353
3.333
3.326
3.319
3.476
3.466
3.459
3.451
3.451
3.443
3.434
3.435
3.435
3.427
3.428
3.419
3.419
3.409
3.41
3.411
3.403
3.404
3.396
3.396
3.398
3.393
3.395
3.383
3.367
3.392
3.399
3.392
3.4
3.398
3.402
3.274
3.253
3.254
3.278
3.277
3.287
3.287
3.286
3.285
3.298
3.295
3.302
3.301
3.308
3.317
3.326
3.331
3.334
3.332
3.349
3.35
3.356
3.358
3.373
3.373
3.39
3.397
3.405
3.414
3.426
3.429
3.444
3.445
3.463
3.471
3.48
3.487
3.504
3.513
3.532
3.541
3.558
3.574
3.583
3.6
3.609
3.623
3.641
3.65
3.683
3.682
3.717
3.724
3.75
3.759
3.793
3.801
3.827
3.837
3.872
3.879
3.915
3.928
3.942
3.951
4.169
4.189
4.226
4.246
4.284
4.307
4.343
4.365
4.402
4.427
4.466
4.491
4.534
4.562
4.619
4.659
4.609
4.582
4.55
4.58
4.669
4.695
4.749
4.78
4.845
4.87
4.93
4.962
5.031
5.058
5.132
5.163
5.245
5.286
5.364
5.404
5.49
5.536
5.615
5.671
5.764
5.819
5.914
5.983
6.08
6.139
6.538
6.627
6.757
6.822
6.938
7.036
7.031
7.01
7.093
7.193
7.354
7.417
7.348
7.304
7.225
0.769
0.764
0.762
0.755
0.763
0.754
0.756
0.746
0.747
0.746
0.739
0.739
0.738
0.737
0.73
0.729
0.73
0.722
0.724
0.722
0.721
0.711
0.724
0.733
0.741
0.73
0.731
0.73
0.732
0.731
0.738
0.749
0.749
0.758
0.751
1.015
1.04
0.745
0.73
0.73
0.728
0.732
0.73
0.723
0.715
0.693
0.692
0.711
0.714
0.713
0.72
0.72
5.12628 2.68059 0.119721
