1 361
8.191
8.183
8.056
8.191
8.183
8.183
8.183
8.183
8.183
8.183
8.183
8.183
8.183
3.027
2.994
2.768
2.765
2.767
2.757
2.755
2.752
2.774
2.772
2.752
2.751
2.773
2.772
2.77
2.778
2.781
2.789
2.798
2.813
2.827
2.869
2.885
2.952
2.979
3.006
3.023
3.029
3.071
3.172
2.163
2.145
1.981
1.964
1.817
1.815
1.604
1.598
1.503
1.505
1.42
1.422
1.335
1.335
1.271
1.262
1.25
1.259
1.262
1.262
1.208
1.226
1.089
1.095
1.028
1.031
1.023
1.023
1.03
1.03
1.04
1.038
1.047
1.046
1.074
1.074
1.074
1.083
1.092
1.092
1.1
1.108
1.108
1.108
1.125
1.117
1.125
1.134
1.143
1.143
1.152
1.152
1.165
1.169
1.123
1.127
1.091
1.103
1.073
1.073
1.066
1.059
1.048
1.057
1.048
1.048
8.187
8.187
8.187
8.187
8.187
8.187
8.187
8.187
8.187
8.187
8.187
8.187
8.187
8.187
8.187
8.187
1.36
8.187
1.28
1.335
1.311
1.307
1.279
1.296
1.328
1.337
1.254
1.293
1.628
1.636
1.662
1.679
1.703
1.714
1.746
1.762
1.789
1.805
1.839
1.856
1.891
1.907
1.949
1.965
2
2.026
2.069
2.095
2.139
2.157
2.211
2.238
2.288
2.321
2.378
2.404
2.468
2.5
2.575
2.612
2.687
2.722
2.814
2.851
2.944
2.986
3.088
3.143
3.251
3.308
3.433
3.502
3.651
3.726
3.907
3.983
4.187
4.293
4.508
4.612
4.909
4.939
6.497
6.468
6.418
6.426
6.428
6.771
7.411
7.695
8.183
8.183
8.183
8.183
8.183
8.183
8.183
8.183
8.183
8.183
8.183
8.183
8.183
8.183
8.183
8.183
8.183
8.183
8.183
8.183
8.183
8.183
8.183
8.183
8.183
8.183
8.183
8.183
8.183
8.183
8.183
8.183
8.183
8.183
8.183
8.183
8.183
8.183
8.183
8.183
8.183
8.183
7.999
7.844
7.496
7.349
7.042
6.926
6.617
6.626
6.637
6.655
6.421
6.341
5.683
5.645
5.484
5.403
5.244
5.176
5.026
4.963
4.833
4.766
4.65
4.596
4.477
4.434
4.329
4.288
4.184
4.144
4.057
4.022
3.915
3.859
3.869
3.886
3.9
3.927
3.87
3.834
3.765
3.731
3.672
3.641
3.578
3.557
3.495
3.479
3.42
3.397
3.335
3.095
3.059
3.054
3.021
3.004
2.958
2.941
2.907
2.888
2.855
2.838
2.796
2.781
2.755
2.738
2.705
2.695
2.669
2.655
2.618
2.611
2.585
2.577
2.545
2.537
2.523
2.503
2.487
2.471
2.446
2.437
2.422
2.414
2.39
2.381
2.366
2.356
2.34
2.33
2.315
2.306
2.292
2.281
2.273
2.265
2.248
2.24
2.23
2.222
2.213
2.205
2.197
2.188
2.178
2.17
2.161
2.161
2.143
2.143
2.134
2.129
2.117
2.117
2.108
2.1
2.091
2.091
2.082
2.082
4.48017 13.0124 5.92656
