1 361
0.812
0.82
0.819
0.819
0.827
0.827
0.835
0.836
0.835
0.843
0.843
0.859
0.859
0.867
0.868
0.868
0.88
0.88
0.889
0.901
0.896
0.907
0.913
0.997
0.977
0.985
0.993
1.004
0.997
0.994
0.986
0.993
1.001
1.001
1.01
1.019
1.018
1.028
1.033
1.043
1.043
1.051
1.059
1.073
1.068
5.927
5.862
5.783
5.734
5.664
5.611
5.541
5.504
5.432
5.385
5.338
5.294
5.209
5.214
5.266
5.305
5.238
5.203
5.145
5.112
5.054
5.022
4.98
4.947
4.906
4.871
4.833
4.812
4.607
4.546
4.541
4.509
4.485
4.46
4.426
4.398
4.373
4.348
4.315
4.297
4.266
4.241
4.218
4.193
4.176
4.151
4.136
4.118
4.094
4.076
4.05
4.042
4.015
4.006
3.98
3.972
3.948
3.937
3.92
3.911
3.892
3.884
3.867
3.857
3.84
3.831
3.814
3.809
3.789
3.779
3.772
3.762
3.753
3.743
3.728
3.727
3.711
3.704
3.681
3.673
3.724
3.818
3.811
3.803
3.795
3.794
3.786
3.786
3.776
3.769
3.76
3.76
3.761
3.761
3.753
3.753
3.752
3.744
3.745
3.744
3.737
3.738
3.727
3.729
3.726
3.727
3.734
3.732
3.732
3.577
3.576
3.586
3.602
3.599
3.609
3.607
3.604
3.61
3.615
3.621
3.622
3.628
3.628
3.635
3.637
3.644
3.646
3.655
3.665
3.666
3.671
3.68
3.687
3.697
3.696
3.714
3.721
3.729
3.738
3.748
3.754
3.765
3.78
3.79
3.799
3.807
3.817
3.836
3.842
3.86
3.868
3.876
3.895
3.913
3.93
3.938
3.957
3.973
3.984
4.008
4.017
4.043
4.059
4.078
4.092
4.119
4.143
4.161
4.16
4.194
4.384
4.408
4.433
4.459
4.485
4.509
4.537
4.567
4.585
4.621
4.653
4.676
4.712
4.747
4.784
4.819
4.808
4.757
4.723
4.753
4.819
0.874
0.868
0.86
0.86
0.852
0.843
0.835
0.825
0.817
0.816
0.809
0.801
0.8
0.793
0.777
0.775
0.775
0.787
0.791
0.785
0.779
0.777
0.769
0.766
0.778
0.777
0.78
0.77
0.782
0.768
0.739
0.726
0.731
0.705
0.69
0.676
0.692
0.691
0.691
0.685
0.692
0.689
0.697
0.691
0.695
0.695
0.692
0.689
0.691
0.699
0.697
0.7
0.699
0.7
0.698
0.706
0.706
0.707
0.706
0.707
0.707
0.714
0.715
0.714
0.723
0.722
0.722
0.722
0.722
0.723
0.729
0.73
0.729
0.729
0.739
0.737
0.745
0.746
0.753
0.754
0.762
0.762
0.77
0.762
0.769
0.77
0.777
0.778
0.785
0.785
0.785
0.793
0.802
0.802
0.81
0.809
0.819
0.819
0.828
0.827
0.835
0.836
0.845
0.845
0.854
0.853
0.861
0.87
0.88
0.879
0.888
0.897
0.908
0.997
2.3
2.879
2.898
2.936
2.816
2.598
2.579
2.587
2.546
2.561
2.529
4.74943 2.59027 0.378745
