1 361
0.85
0.842
0.85
0.859
0.859
0.858
0.867
0.857
0.874
0.874
0.875
0.882
0.882
0.891
0.89
0.9
0.908
0.907
0.908
0.916
0.916
0.924
0.932
0.93
0.94
0.939
0.957
0.957
0.965
0.973
0.973
0.982
0.99
0.991
1.007
1.008
1.024
1.024
1.032
1.041
1.058
1.058
1.074
1.074
1.091
1.091
1.109
1.108
1.126
1.134
1.152
1.152
1.169
1.178
1.195
1.196
1.213
1.222
1.249
1.249
1.276
1.276
1.302
1.31
1.328
1.337
1.362
1.371
1.406
1.406
1.439
1.438
1.474
1.492
1.524
1.523
1.564
1.573
1.611
1.622
1.662
1.678
1.722
1.731
1.783
1.798
1.84
1.866
1.907
1.932
2.001
2.018
2.08
2.096
2.166
2.192
2.27
2.296
2.388
2.411
2.509
2.55
2.661
2.696
2.821
2.872
3.013
3.058
3.221
3.277
3.449
3.529
3.741
3.819
4.08
4.177
4.191
4.191
4.182
4.174
4.165
4.165
4.157
4.158
4.149
4.141
4.14
4.141
4.132
4.132
4.132
4.124
4.132
4.124
4.124
4.124
4.124
4.124
4.124
4.132
4.132
4.132
4.132
4.132
3.366
3.35
3.457
3.346
2.64
2.554
1.883
1.859
1.862
1.857
1.844
1.795
1.681
1.588
1.495
1.457
1.37
1.352
1.313
1.311
4.259
4.262
4.29
4.282
4.312
4.306
4.331
4.331
4.357
4.364
4.382
4.387
4.406
4.416
4.44
4.449
4.476
4.474
4.508
4.511
4.534
4.542
4.568
4.575
4.607
4.619
4.643
3.957
3.814
4.189
4.728
4.747
4.77
4.714
4.745
4.754
4.799
4.809
4.835
4.845
4.877
4.877
4.898
4.908
4.951
4.976
5.03
5.039
5.102
5.119
5.219
5.234
5.235
5.202
5.127
5.099
5.026
5.006
2.566
2.579
2.572
2.564
5.432
5.448
5.535
5.569
5.544
5.576
5.665
5.684
5.623
5.637
6.404
6.438
6.542
6.569
4.391
6.723
4.31
4.299
7.008
7.041
7.17
7.209
7.347
7.402
7.539
7.588
7.138
6.55
6.411
6.408
6.326
6.319
6.276
6.235
6.158
6.175
5.696
5.687
5.596
5.613
5.574
5.609
5.652
5.874
5.853
5.89
4.939
4.935
4.967
5.062
5.789
5.718
5.214
5.214
5.181
5.171
5.146
5.129
5.112
5.123
5.226
5.321
5.575
5.586
6.719
6.712
8.183
8.183
8.183
8.183
8.183
8.183
8.17
8.161
8.143
8.135
8.119
8.119
8.111
8.103
8.094
8.086
7.744
7.731
7.718
7.714
7.909
7.646
7.758
7.693
7.684
7.666
7.328
7.289
7.377
7.389
7.756
7.754
7.733
7.741
7.709
6.771
6.089
4.306
4.464
4.52
4.619
4.654
4.796
5.428
5.33
5.318
5.333
4.977
3.702
3.935
3.589
3.447
2.516
2.413
2.323
2.313
2.265
2.257
2.232
2.222
2.196
2.185
2.197
2.259
2.178
2.154
2.075
2.059
1.989
3.16288 8.33336 2.37839
