1 361
2.352
2.278
2.253
2.182
2.164
2.1
2.074
2.023
1.995
1.943
1.927
1.897
1.906
1.906
1.906
1.914
1.914
1.922
1.913
1.922
1.922
1.931
1.931
1.939
1.938
1.948
1.948
1.956
1.956
1.965
1.965
1.974
1.974
1.982
1.981
1.99
2
2.008
2.007
2.016
2.016
2.034
2.034
2.042
2.05
2.056
4.514
4.49
4.468
4.488
4.554
4.69
4.744
4.882
4.936
5.081
5.149
5.311
5.39
5.568
5.64
5.839
5.93
6.153
6.227
8.183
8.183
8.183
8.183
8.183
8.183
8.183
8.183
8.183
8.183
8.183
8.183
8.183
8.183
8.183
8.183
8.183
8.183
8.187
8.183
8.183
8.183
8.191
8.183
8.183
8.183
8.187
8.183
8.183
8.183
8.183
8.183
8.183
8.183
8.183
8.183
8.183
8.183
8.183
8.183
8.183
8.183
8.183
8.183
8.183
8.183
8.183
8.183
8.183
8.183
8.019
8.032
8.183
8.119
6.16
6.018
5.65
5.497
5.182
5.038
4.773
4.67
4.427
4.335
4.138
4.052
3.882
3.811
3.647
3.588
3.442
3.401
3.273
3.225
3.114
3.072
2.974
2.938
2.843
2.81
2.729
2.696
2.619
2.586
2.51
2.495
2.425
2.398
2.341
2.323
2.263
2.243
2.188
2.179
2.126
2.108
2.06
2.047
2.005
1.967
1.911
1.895
1.897
1.906
1.913
1.922
1.939
1.957
1.968
1.978
1.948
1.933
1.898
1.889
1.856
1.848
1.814
1.814
1.78
1.772
1.746
1.745
1.72
1.711
1.687
1.686
1.653
1.653
1.629
1.63
1.604
1.605
1.588
1.581
1.566
1.578
8.183
8.183
8.183
6.933
8.183
8.183
8.183
8.183
8.183
8.183
8.183
8.183
8.183
8.183
8.183
8.183
8.183
8.183
8.183
8.183
8.183
8.183
8.183
7.613
7.411
7.461
8.183
7.722
7.659
7.639
7.582
7.515
7.478
7.589
7.816
7.983
8.066
8.183
8.183
8.183
8.183
8.183
8.183
8.183
8.183
8.183
8.183
8.183
8.183
8.183
8.183
8.183
8.183
8.183
3.113
3.079
3.075
3.074
3.083
3.082
3.081
3.088
3.087
1.031
1.065
1.045
1.038
1.045
1.038
1.038
1.038
1.04
1.037
1.056
1.049
1.057
1.054
1.057
1.05
1.056
1.05
1.055
1.048
1.053
1.046
1.061
1.049
1.057
1.057
1.057
1.056
1.056
1.056
1.058
1.064
1.055
1.016
1
0.978
0.954
0.932
0.92
0.902
0.958
1.057
1.055
1.053
1.076
1.06
1.071
1.073
1.079
1.071
1.085
1.084
1.088
1.094
1.097
1.107
1.113
1.109
1.111
1.113
1.128
1.131
1.14
1.143
1.138
1.135
1.152
1.156
1.162
1.17
1.191
1.185
1.204
1.2
1.195
1.203
1.218
1.227
1.227
1.22
1.225
1.223
1.224
1.135
1.185
1.179
1.178
1.171
1.187
1.189
1.199
1.209
1.217
1.218
1.234
1.235
1.254
6.05264 8.01818 2.76515
