1 361
3.504
3.505
3.497
3.504
3.496
3.496
3.488
3.487
3.487
3.486
3.486
3.486
3.485
3.487
3.484
3.494
3.484
3.493
3.484
3.493
3.493
3.5
3.493
3.5
3.5
3.508
3.499
3.517
3.508
3.525
3.523
3.532
3.532
3.55
3.54
3.558
3.549
3.566
3.566
3.584
3.583
3.6
3.598
3.616
3.615
3.631
3.632
3.658
3.658
3.674
3.674
3.7
3.7
3.725
3.726
3.751
3.753
3.778
3.779
3.812
3.812
3.838
3.838
3.865
3.864
3.901
3.902
3.935
3.936
3.972
3.972
4.014
4.013
4.048
4.049
4.1
4.091
4.136
4.13
4.183
4.182
4.152
4.121
4.276
4.281
4.349
4.349
4.401
4.401
4.462
4.463
4.528
4.521
4.589
4.588
4.664
4.654
4.734
4.733
4.803
4.81
4.886
4.885
4.964
4.969
5.05
5.059
5.157
5.156
5.252
5.26
5.354
5.36
5.462
5.471
5.583
5.59
5.705
5.716
2.199
2.16
2.185
2.186
2.159
2.158
2.142
2.133
2.15
2.15
2.211
2.21
2.281
2.271
2.335
2.336
2.419
2.419
2.495
2.495
2.576
2.576
2.669
2.669
2.771
2.771
2.88
2.88
3.003
3.004
3.132
3.132
3.274
3.272
3.424
3.424
3.587
3.594
3.777
3.788
3.997
4.01
4.253
4.27
4.529
4.545
4.595
4.596
4.578
4.578
4.561
4.561
4.543
4.544
4.528
4.528
4.518
4.518
4.508
4.511
4.499
4.499
4.494
4.494
4.486
4.484
4.479
4.479
4.47
4.481
4.469
4.468
4.465
4.466
4.473
4.464
4.465
4.465
4.468
4.469
4.476
4.476
4.486
4.485
4.489
4.487
4.494
4.496
4.499
4.501
4.511
4.51
4.528
4.529
4.541
4.533
4.551
4.549
4.567
4.566
4.504
4.481
4.187
4.172
3.917
3.908
3.669
3.66
3.466
3.466
3.285
3.277
3.127
3.129
2.978
2.981
2.858
2.859
2.727
2.735
2.625
2.627
2.522
2.529
2.425
2.425
2.342
2.35
2.266
2.266
2.189
2.188
2.128
2.127
2.065
2.064
2.003
2.002
1.943
1.942
1.894
1.895
1.842
1.84
1.82
1.836
1.853
1.853
1.877
1.877
1.903
1.902
1.926
1.926
1.95
1.959
1.984
1.994
2.011
2.02
2.047
2.054
2.081
2.081
2.116
2.124
2.15
2.159
2.193
2.194
2.228
2.236
2.272
2.278
2.313
2.321
2.361
2.378
2.412
2.42
2.47
2.475
2.525
2.535
2.583
2.591
2.655
2.66
2.656
2.658
2.623
2.623
2.596
2.596
2.572
2.572
2.548
2.55
2.524
2.533
2.502
2.502
2.476
2.477
2.46
2.462
2.435
2.445
2.419
2.428
2.403
2.403
2.386
2.386
2.369
2.378
2.352
2.361
2.335
2.345
2.327
2.328
2.311
2.32
2.311
2.311
2.296
2.305
2.288
2.289
2.278
2.287
2.27
2.27
2.261
2.271
2.253
2.262
2.246
2.255
2.245
2.246
-3.93852 10.4466 4.35328
