1 361
3.204
3.41
3.466
3.471
3.471
3.463
3.453
3.455
3.444
3.446
3.436
3.445
3.427
3.427
3.418
3.428
3.418
3.419
3.418
3.418
3.408
3.418
3.407
3.416
3.407
3.416
3.406
3.423
3.415
3.416
3.414
3.422
3.424
3.423
3.423
3.431
3.429
3.437
3.437
3.446
3.444
3.453
3.452
3.47
3.462
3.48
3.471
3.488
3.478
3.505
3.496
3.513
3.514
3.53
3.532
3.549
3.548
3.568
3.566
3.582
3.584
3.61
3.6
3.625
3.633
3.659
3.659
3.677
3.686
3.702
3.701
3.735
3.727
3.77
3.762
3.796
3.796
3.831
3.83
3.858
3.859
3.893
3.894
3.938
3.937
3.973
3.973
4.017
4.017
4.048
4.051
4.066
4.102
4.132
4.114
4.119
4.181
4.258
4.265
4.314
4.323
4.373
4.375
4.435
4.444
4.504
4.505
4.57
4.573
4.646
4.647
4.713
4.723
4.791
4.792
4.869
4.878
4.963
4.969
5.05
5.059
5.158
5.167
5.251
5.268
5.361
5.369
5.479
5.497
5.601
5.609
5.738
5.743
5.879
5.887
2.169
2.17
2.142
2.143
2.116
2.115
2.096
2.089
2.139
2.141
2.21
2.21
2.273
2.273
2.343
2.344
2.427
2.428
2.509
2.51
2.6
2.609
2.702
2.718
2.823
2.823
2.939
2.957
3.078
3.088
3.221
3.238
3.384
3.391
3.563
3.57
3.761
3.776
3.997
4.011
4.26
4.297
4.564
4.595
4.582
4.58
4.563
4.563
4.551
4.55
4.536
4.535
4.527
4.518
4.518
4.51
4.502
4.51
4.502
4.493
4.495
4.495
4.486
4.487
4.48
4.48
4.48
4.48
4.48
4.471
4.475
4.475
4.475
4.473
4.475
4.481
4.485
4.486
4.483
4.484
4.492
4.492
4.493
4.496
4.5
4.51
4.508
4.517
4.519
4.529
4.526
4.537
4.533
4.551
4.54
4.556
4.525
4.561
4.439
4.428
4.173
4.157
3.926
3.9
3.695
3.678
3.511
3.49
3.327
3.311
3.18
3.164
3.04
3.033
2.91
2.904
2.796
2.787
2.696
2.686
2.597
2.588
2.499
2.491
2.41
2.41
2.343
2.334
2.267
2.26
2.198
2.191
2.137
2.137
2.074
2.075
2.013
2.021
1.97
1.971
1.918
1.919
1.872
1.874
1.886
1.896
1.91
1.92
1.936
1.943
1.97
1.977
2
1.999
2.025
2.03
2.064
2.074
2.09
2.098
2.133
2.134
2.168
2.179
2.202
2.211
2.246
2.256
2.289
2.296
2.338
2.345
2.389
2.396
2.429
2.445
2.486
2.503
2.552
2.558
2.602
2.617
2.668
2.688
2.738
2.738
2.71
2.703
2.676
2.678
2.652
2.654
2.627
2.625
2.599
2.601
2.585
2.585
2.562
2.561
2.534
2.537
2.52
2.521
2.494
2.495
2.482
2.481
2.464
2.464
2.447
2.447
2.43
2.43
2.414
2.422
2.406
2.406
2.389
2.398
2.382
2.381
2.373
2.373
2.357
2.363
-3.93919 10.4451 4.23756
