1 361
5.249
5.174
5.109
5
4.889
4.838
4.782
4.742
4.705
4.678
4.73
4.813
4.738
4.761
4.686
4.65
4.419
4.362
4.306
4.265
4.234
4.21
4.183
4.259
4.481
4.335
3.837
3.804
3.778
3.742
3.716
3.692
3.675
3.639
3.623
3.6
3.582
3.556
3.538
3.521
3.493
3.473
3.464
3.439
3.423
3.407
3.389
3.373
3.358
3.343
3.327
3.319
3.303
3.294
3.277
3.261
3.253
3.237
3.228
3.212
3.205
3.19
3.182
3.176
3.16
3.153
3.146
3.138
3.13
3.116
3.117
3.1
3.092
3.093
3.093
3.077
3.077
3.064
3.06
3.054
3.051
3.044
3.044
3.035
3.035
3.024
3.02
3.008
3.018
3.01
3.005
3.006
3.006
2.994
3
2.994
2.997
2.987
2.988
2.988
2.99
2.981
2.988
2.98
2.979
2.981
2.98
2.981
2.989
2.98
2.98
2.979
2.988
2.979
3.058
4.139
4.146
4.147
4.155
4.156
4.173
4.164
4.18
4.181
4.189
4.189
4.204
4.206
4.221
4.213
4.237
4.229
4.254
4.253
4.271
4.27
4.294
4.295
4.319
4.32
4.336
4.335
4.369
4.369
4.395
4.395
4.419
4.419
4.455
4.455
4.481
4.48
4.515
4.516
4.548
4.556
4.582
4.592
4.625
4.632
4.675
4.675
4.71
4.728
4.762
4.772
4.806
4.818
4.851
4.869
4.912
4.92
4.964
4.971
5.014
5.031
5.081
5.097
5.146
5.163
5.221
5.236
5.289
5.304
5.249
5.206
5.124
5.092
5.034
5
4.941
4.9
4.84
4.817
4.764
4.738
2.151
2.072
2.055
2.047
2.029
2.011
2.003
1.985
1.969
1.96
1.942
1.926
1.917
1.9
1.891
1.883
1.865
1.858
1.849
1.831
1.823
1.813
1.806
1.797
1.788
1.78
1.771
1.763
1.754
1.745
1.736
1.727
1.719
1.71
1.71
1.702
1.693
1.685
1.676
1.676
1.668
1.66
1.651
1.651
1.643
1.635
1.635
1.626
1.619
1.618
1.61
1.61
1.601
1.602
1.601
1.593
1.594
1.593
1.584
1.585
1.577
1.577
1.569
1.569
1.569
1.56
1.56
1.56
1.56
1.552
1.552
1.552
1.554
1.546
1.547
1.548
1.55
1.543
1.546
1.54
1.543
1.544
1.539
1.54
1.541
1.542
1.541
1.539
1.544
1.544
1.541
1.539
1.552
1.542
1.548
1.546
1.553
1.543
1.552
1.552
1.552
1.559
1.559
1.559
1.559
1.568
1.568
1.568
1.575
1.575
1.583
1.584
1.584
1.592
1.627
1.651
3.293
3.165
2.806
2.77
2.749
2.745
2.752
2.755
2.764
2.763
2.789
2.763
2.776
2.838
2.783
2.786
2.804
2.803
2.819
2.835
3.028
3
2.923
2.913
2.881
2.889
2.913
2.909
2.933
2.932
3.026
2.997
3.006
2.987
2.994
2.984
2.992
2.974
2.94
2.95
2.967
2.976
3.003
3.012
3.048
3.057
3.083
3.093
3.138
13.0035 6.98654 0.757805
