1 361
4.148
4.08
4.073
4.128
4.591
5.293
5.245
5.244
5.036
4.991
4.946
4.915
4.889
4.862
4.832
4.85
5.191
5.168
5.156
5.172
4.933
4.881
4.866
4.808
4.726
4.664
4.655
4.648
4.616
4.683
4.83
5.032
5.165
5.22
4.749
4.119
4.1
4.082
4.066
4.058
4.032
4.023
4.006
3.988
3.98
3.962
3.945
3.936
3.927
3.908
3.901
3.896
3.876
3.87
3.861
3.852
3.835
3.836
3.817
3.82
3.801
3.802
3.792
3.785
3.776
3.768
3.76
3.76
3.756
3.749
3.741
3.735
3.732
3.725
3.717
3.725
3.718
3.719
3.719
3.711
3.712
3.712
3.714
3.711
3.707
3.706
3.702
3.707
3.709
3.708
3.705
3.705
3.712
3.709
3.712
3.712
3.718
3.721
3.723
3.723
3.732
3.731
3.738
3.739
3.748
3.747
3.755
3.753
3.764
3.771
3.771
3.776
3.784
3.824
4.987
4.996
5.002
5.021
5.028
5.035
5.053
5.069
5.077
5.093
5.102
5.119
5.135
5.152
5.169
5.185
5.2
5.218
5.243
5.259
5.277
5.293
5.32
5.336
5.364
5.388
5.404
5.43
5.447
5.473
5.499
5.523
5.556
5.583
5.608
5.637
5.663
5.699
5.726
5.762
5.786
5.822
5.855
5.889
5.932
5.957
5.997
6.039
6.08
6.122
6.155
6.208
6.244
6.174
6.107
6.051
5.982
5.926
5.869
5.809
5.757
3.008
2.983
2.966
2.94
2.914
2.896
2.873
2.837
2.821
2.807
2.78
2.764
2.748
2.731
2.712
2.695
2.67
2.66
2.643
2.626
2.609
2.592
2.575
2.567
2.552
2.535
2.518
2.51
2.493
2.485
2.469
2.452
2.443
2.435
2.418
2.41
2.401
2.393
2.384
2.367
2.359
2.35
2.341
2.333
2.324
2.317
2.308
2.3
2.3
2.283
2.283
2.274
2.265
2.265
2.248
2.248
2.239
2.239
2.239
2.221
2.222
2.212
2.212
2.203
2.203
2.194
2.194
2.194
2.185
2.185
2.176
2.176
2.176
2.178
2.84
2.862
2.885
2.956
2.987
3.087
3.426
3.422
3.436
3.422
3.466
3.56
3.774
3.984
3.974
3.771
3.956
3.974
3.957
3.467
3.22
3.222
3.217
3.217
3.223
3.167
3.23
3.756
3.922
3.913
3.427
3.301
3.247
3.262
3.667
3.502
3.379
3.236
3.225
3.229
3.236
3.242
3.257
3.269
3.848
3.726
3.593
3.486
3.371
3.274
3.181
3.182
3.192
3.2
3.2
3.217
3.225
3.234
3.243
3.251
3.26
3.277
3.623
3.583
3.532
3.489
3.436
3.407
3.368
3.322
3.335
7.903
7.937
7.975
8.008
8.044
8.077
8.116
8.16
8.183
8.183
8.183
8.183
8.183
8.183
4.927
4.861
4.842
4.801
4.704
4.687
4.673
4.644
4.638
4.62
4.601
4.594
4.578
4.56
4.552
4.547
4.532
4.705
5.341
5.375
5.425
5.469
5.511
5.563
5.607
5.659
5.703
12.295 6.08102 0.938053
