1 361
4.481
4.489
4.559
4.629
4.682
4.752
4.798
4.879
4.931
5.012
5.072
5.149
5.205
5.302
5.366
5.468
5.532
5.65
5.719
5.849
5.919
6.058
6.291
7.551
7.632
7.823
7.952
8.134
8.183
8.183
8.183
8.183
8.183
8.183
8.183
8.183
8.183
8.183
8.183
8.183
8.183
8.183
8.183
8.183
8.183
8.183
8.183
8.183
8.183
8.183
8.183
8.183
8.183
8.183
8.183
8.187
8.183
8.191
8.183
8.183
8.183
8.183
8.183
8.183
8.183
8.183
8.183
8.183
8.183
8.183
8.183
8.183
8.183
8.183
8.183
8.183
8.183
8.183
7.529
5.716
5.542
4.686
4.235
3.703
3.434
3.12
2.949
2.673
2.55
2.34
2.253
2.082
2
1.884
1.814
1.715
1.665
1.575
1.535
1.452
1.424
1.286
1.247
1.204
1.201
1.208
1.209
1.217
1.218
1.218
1.226
1.226
1.236
1.236
1.244
1.246
1.252
1.24
1.232
1.178
1.17
1.138
1.122
1.096
1.092
1.059
1.05
1.012
1.011
0.986
0.978
0.954
0.947
0.923
0.924
0.907
0.898
0.872
0.873
0.856
0.856
0.832
0.833
0.814
0.807
0.8
0.792
0.774
0.775
0.76
0.768
0.786
0.807
6.837
6.892
6.965
7.044
6.924
6.866
6.784
6.741
7.053
7.125
4.298
4.315
7.347
7.449
7.53
7.492
7.436
7.385
8.091
8.183
8.183
7.718
6.075
6.115
8.183
8.183
8.183
8.183
8.183
8.183
8.183
8.183
8.183
7.988
8.028
8.159
8.183
8.183
7.533
7.408
7.366
7.341
7.451
8.183
8.183
6.616
6.577
6.655
7.295
6.917
6.842
6.826
6.78
6.741
6.673
6.659
6.786
6.907
7.152
7.176
7.338
8.183
8.183
8.183
8.183
8.183
8.183
8.183
8.183
8.183
8.183
8.183
8.183
8.183
8.183
8.183
8.183
8.183
8.183
8.183
8.183
8.183
8.183
8.183
8.183
8.183
8.183
2.449
2.352
2.306
2.296
2.3
2.307
2.306
2.314
2.323
2.322
2.331
2.331
2.341
2.34
2.348
2.347
2.364
2.365
2.373
2.379
2.389
2.389
2.403
2.41
2.767
2.919
2.836
1.551
1.461
1.402
1.353
1.31
1.258
1.216
1.128
1.09
1.049
1.027
0.995
0.978
0.937
0.92
0.895
0.881
0.854
0.846
0.818
0.802
0.787
0.772
0.757
0.741
0.725
0.721
0.703
0.694
0.675
0.667
0.66
0.65
0.635
0.63
0.617
0.62
0.626
0.618
0.627
0.629
0.641
0.636
0.629
0.622
0.627
0.625
0.708
0.724
0.627
0.612
0.537
0.538
0.53
0.524
0.505
0.509
0.502
0.5
0.482
0.48
0.48
0.471
0.464
0.463
0.456
0.454
0.444
0.447
0.437
0.437
0.432
0.432
0.445
0.437
0.454
0.443
0.455
0.451
0.464
0.455
0.471
0.468
0.481
0.474
0.492
0.5
0.523
0.52
0.54
0.53
0.547
0.548
0.556
5.16786 8.2331 3.00815
