1 361
1.432
1.432
1.441
1.44
1.44
1.44
1.439
1.449
1.448
1.456
1.447
1.456
1.455
1.456
1.464
1.462
1.464
1.471
1.471
1.471
1.48
1.48
1.488
1.488
1.497
1.497
1.505
1.505
1.514
1.514
1.524
1.523
1.531
1.53
1.539
1.547
1.555
1.556
1.563
1.563
1.572
1.579
1.587
1.589
1.604
1.604
1.621
1.621
1.629
1.637
1.645
1.653
1.661
1.67
1.679
1.687
1.698
1.704
1.71
1.72
1.739
1.746
1.764
1.773
1.79
1.789
1.815
1.815
1.832
1.842
1.858
1.866
1.881
1.891
1.915
1.922
1.94
1.948
1.975
1.99
2.008
2.017
2.044
2.052
2.088
2.094
2.121
2.129
2.165
2.173
2.21
2.216
2.252
2.259
2.302
2.309
2.351
2.369
2.401
2.425
2.465
2.483
2.523
2.55
2.587
2.615
2.666
2.683
2.735
2.76
2.817
2.841
2.904
2.929
2.99
3.025
3.095
3.122
3.206
3.243
3.319
3.352
3.447
3.486
3.525
3.594
4.091
4.21
5.037
5.021
5.012
5.004
4.983
5.024
5.014
4.983
4.969
4.953
4.96
5.107
5.337
5.445
5.713
5.829
6.128
6.269
6.61
6.781
7.175
7.357
7.852
8.073
8.183
8.183
8.183
8.183
8.183
8.183
8.183
8.183
8.183
8.183
8.183
8.183
8.183
8.183
8.183
8.183
8.183
8.183
8.183
8.183
8.183
8.183
8.183
8.183
8.183
8.183
8.183
8.183
8.183
8.183
8.183
8.183
8.183
8.183
8.183
8.183
8.183
8.189
8.183
8.183
3.115
3.117
3.192
3.209
3.292
3.315
3.412
3.434
3.49
3.49
3.58
3.57
3.622
3.613
3.65
3.641
3.641
3.642
3.64
3.641
3.648
3.64
3.648
3.64
3.657
3.648
3.649
3.649
3.657
3.658
3.611
3.576
3.481
3.455
3.368
3.333
3.261
3.235
3.159
3.135
3.072
3.037
2.976
2.957
2.896
2.879
2.819
2.804
2.746
2.729
2.679
2.662
2.618
2.599
2.559
2.543
2.503
2.487
2.444
2.437
2.366
2.366
2.325
2.33
2.368
2.369
2.411
2.411
2.426
2.412
2.385
2.37
2.345
2.328
2.305
2.295
2.27
2.261
2.234
2.227
2.2
2.192
2.175
2.166
2.139
2.139
2.113
2.104
2.086
2.086
2.06
2.06
2.042
2.034
2.016
2.007
1.999
1.991
1.973
1.973
1.948
1.948
1.757
1.758
1.75
1.74
1.728
1.738
1.74
1.731
1.723
1.714
1.706
1.705
1.696
1.688
1.689
1.681
1.672
1.672
1.663
1.656
1.656
1.648
1.639
1.639
1.631
1.632
1.623
1.623
1.615
1.615
1.606
1.606
1.606
1.599
1.598
1.598
1.59
1.59
1.582
1.582
1.582
1.582
1.574
1.575
1.566
1.575
1.566
1.567
1.568
1.569
1.567
1.571
1.564
1.568
1.563
1.554
1.545
1.545
1.545
1.545
1.554
1.563
1.567
1.561
1.568
1.565
1.568
-0.413562 14.0338 6.13841
