1 361
2.221
2.363
2.403
2.579
2.634
2.838
2.895
3.19
3.272
3.611
3.72
4.163
4.328
6.398
6.396
6.403
6.874
8.08
8.183
8.183
8.183
8.183
8.183
8.183
8.183
8.183
8.183
8.183
8.183
8.183
8.183
8.183
8.183
8.183
8.183
8.187
8.183
8.183
8.183
8.187
8.187
8.187
8.191
8.191
8.191
8.191
8.187
8.183
8.183
8.183
8.183
8.183
8.183
8.183
8.183
8.183
8.183
8.183
8.183
8.183
8.06
7.743
7.632
7.338
7.245
6.989
6.911
6.785
6.793
6.791
6.677
6.49
6.403
5.847
5.823
5.652
5.607
5.459
5.401
5.265
5.211
5.081
5.041
4.917
4.883
4.765
4.729
4.632
4.593
4.502
4.471
4.375
4.35
4.26
4.227
4.114
4.088
4.104
4.119
4.154
4.161
4.083
4.06
3.991
3.975
3.908
3.891
3.831
3.82
3.761
3.742
3.684
3.671
3.621
3.468
3.34
3.33
3.303
3.294
3.252
3.235
3.194
3.186
3.143
3.136
3.099
3.083
3.049
3.049
3.005
3.004
2.97
2.962
2.934
2.927
2.892
2.893
2.859
2.85
2.824
2.824
2.792
2.79
2.766
2.757
2.737
2.737
2.71
2.71
2.681
2.682
2.666
2.657
2.633
2.63
2.613
2.615
2.597
2.589
2.573
2.572
2.558
2.557
2.54
2.54
2.524
2.525
2.508
2.508
2.483
2.492
2.475
2.475
2.458
2.458
2.45
2.45
2.441
2.441
2.425
2.425
2.425
2.417
2.417
2.417
2.4
2.401
2.371
2.379
2.372
2.371
2.511
2.521
2.519
2.521
2.513
2.513
2.505
2.513
2.506
2.505
2.498
2.507
2.491
2.502
2.497
2.504
2.496
2.497
2.492
2.5
2.499
2.506
2.504
2.505
2.504
2.512
2.51
2.511
2.51
2.519
2.519
2.527
2.527
2.535
2.535
2.542
2.542
2.55
2.559
2.559
2.566
2.57
2.509
2.433
2.417
2.433
2.426
2.462
2.464
2.473
2.481
2.488
2.488
2.506
2.506
2.512
2.522
2.529
2.537
2.546
2.554
2.57
2.578
2.579
2.572
2.42
2.148
2.038
1.972
1.972
1.963
1.963
1.955
1.963
1.955
1.955
1.946
1.946
1.937
1.936
1.929
1.937
1.929
1.929
1.928
1.929
1.92
1.92
1.919
1.919
1.92
1.919
1.92
1.92
1.912
1.92
1.912
1.92
1.911
1.92
1.92
1.92
1.92
1.92
3.299
3.323
3.355
3.382
3.422
3.446
3.48
3.488
3.56
3.8
3.843
3.877
3.931
3.956
4.004
4.039
4.099
4.132
4.196
4.237
4.315
4.343
4.295
4.289
4.251
4.294
4.393
4.447
4.52
4.56
4.654
4.699
4.789
4.843
4.946
5.001
5.102
5.165
5.284
5.352
5.479
5.547
5.691
5.766
5.912
7.381
7.553
7.654
7.874
7.978
8.183
8.183
8.183
8.183
8.183
8.177
8.136
8.133
8.183
8.183
8.183
8.183
8.183
8.183
8.183
8.183
4.07127 8.83742 0.669971
