1 361
1.809
1.8
1.792
1.792
1.783
1.783
1.774
1.774
1.765
1.757
1.757
1.747
1.747
1.738
1.738
1.737
1.73
1.73
1.72
1.711
1.711
1.703
1.703
1.704
1.703
1.694
1.694
1.695
1.686
1.686
1.678
1.687
1.687
1.687
1.679
1.68
1.672
1.683
1.676
1.68
1.672
1.669
1.67
1.67
1.674
1.677
1.677
1.675
1.674
1.678
1.675
1.672
1.678
1.675
1.674
1.68
1.68
1.686
1.71
2.526
2.761
2.921
3.232
3.261
3.268
3.096
3.27
3.333
3.369
2.88
2.836
2.812
2.808
2.82
2.818
2.828
2.836
2.798
2.842
2.972
2.903
2.867
2.867
2.865
2.865
2.872
2.912
3.037
3.012
2.917
2.912
2.919
2.918
2.942
2.951
2.966
2.981
3.284
3.256
3.166
3.141
3.063
3.038
2.956
2.937
2.942
2.95
2.969
2.977
2.995
3.003
3.03
3.039
3.065
3.074
3.114
3.362
3.329
3.314
3.271
3.256
3.215
3.205
3.172
3.19
8.183
8.183
8.183
8.183
8.183
8.183
4.856
4.833
4.774
4.763
4.69
4.653
4.641
4.639
4.621
4.624
4.607
4.598
4.589
4.59
4.564
4.574
4.555
4.559
4.58
5.459
5.545
5.588
5.667
5.711
5.799
5.841
5.934
5.984
6.075
6.134
6.237
6.279
6.398
6.451
3.793
3.787
3.754
3.738
3.705
3.695
3.663
3.664
3.63
3.622
3.596
3.588
3.559
3.554
3.527
3.525
3.5
3.491
3.476
3.465
3.442
3.441
3.417
3.418
3.393
3.393
3.377
3.369
3.351
3.353
3.337
3.329
3.314
3.314
3.305
3.298
3.288
3.288
3.271
3.272
3.263
3.263
3.246
3.246
3.238
3.238
3.229
3.23
3.221
3.221
3.213
3.212
3.206
3.206
3.197
3.197
3.19
3.2
3.184
3.195
3.183
3.192
3.184
3.187
3.187
3.187
3.185
3.192
3.188
3.19
3.192
3.191
3.189
3.198
3.197
3.205
3.205
3.212
3.212
3.221
3.22
3.227
3.228
3.236
3.236
3.243
3.244
3.251
3.26
3.268
3.268
3.277
3.285
3.293
3.293
3.308
3.307
3.317
3.326
3.33
3.357
3.366
3.372
3.39
3.399
3.405
3.414
3.429
3.445
3.455
3.463
3.47
3.487
3.505
3.514
3.531
3.548
3.554
3.573
3.592
3.6
3.622
3.639
3.657
3.673
3.69
3.717
3.733
3.759
3.775
3.801
3.81
3.846
3.855
3.882
3.906
3.932
3.951
3.986
4.004
4.037
4.063
4.089
4.115
4.155
4.181
4.212
4.244
4.283
4.308
4.351
4.375
4.419
4.453
4.494
4.519
4.571
4.604
4.657
4.691
4.744
4.781
4.833
4.876
4.935
4.978
5.044
5.079
6.794
6.76
6.699
6.672
6.612
6.596
6.533
6.507
6.454
6.428
6.369
6.353
6.31
6.277
6.242
6.216
6.173
6.148
5.453
5.382
4.914
4.859
4.835
4.818
4.792
4.773
4.746
4.739
2.17101 -1.0776 1.31203
