1 361
1.962
1.945
1.936
1.929
1.919
1.91
1.902
1.885
1.885
1.867
1.859
1.85
1.841
1.833
1.832
1.815
1.815
1.806
1.797
1.789
1.789
1.771
1.771
1.763
1.754
1.754
1.745
1.736
1.736
1.729
1.719
1.719
1.719
1.711
1.711
1.703
1.694
1.694
1.685
1.685
1.685
1.677
1.677
1.669
1.669
1.66
1.66
1.66
1.652
1.652
1.653
1.643
1.644
1.644
1.644
1.644
1.637
1.638
1.638
1.633
1.634
1.63
1.631
1.635
1.629
1.635
1.635
1.636
1.628
1.635
1.635
1.631
1.628
1.633
1.631
1.636
1.635
1.638
1.638
1.645
1.638
1.645
1.645
1.645
1.645
1.653
1.654
1.661
1.653
1.661
1.66
1.67
1.669
1.678
1.671
3.421
3.433
3.42
3.409
3.053
3.018
2.836
2.829
2.832
2.835
2.849
2.849
2.864
2.837
2.999
3.287
3.208
3.209
3.018
2.984
2.976
2.984
3.089
3.08
2.984
2.98
2.963
2.97
2.994
2.993
3.019
3.026
3.312
3.305
3.223
3.206
3.122
3.113
3.034
3.026
3.02
3.03
3.057
3.057
3.092
3.101
3.127
3.136
3.162
3.171
3.447
3.439
3.396
3.39
3.34
3.342
3.295
3.293
8.183
8.183
8.183
8.183
4.994
4.977
4.913
4.895
4.867
4.832
4.77
4.769
4.763
4.755
4.746
4.737
4.731
4.73
4.713
4.724
4.714
4.704
4.705
4.767
5.729
5.765
5.868
5.901
6.016
6.05
6.168
6.202
6.332
6.364
6.501
6.534
6.676
5.933
3.955
3.963
3.921
3.922
3.888
3.878
3.851
3.844
3.817
3.808
3.782
3.773
3.749
3.741
3.715
3.715
3.688
3.681
3.656
3.655
3.63
3.63
3.605
3.604
3.588
3.587
3.561
3.56
3.544
3.544
3.527
3.528
3.511
3.512
3.492
3.488
3.476
3.482
3.466
3.465
3.46
3.46
3.451
3.45
3.434
3.444
3.427
3.427
3.421
3.42
3.414
3.423
3.407
3.416
3.401
3.41
3.403
3.405
3.403
3.403
3.395
3.403
3.401
3.4
3.403
3.403
3.402
3.409
3.407
3.414
3.413
3.422
3.42
3.428
3.427
3.433
3.434
3.442
3.439
3.448
3.456
3.457
3.466
3.474
3.483
3.481
3.491
3.499
3.507
3.517
3.515
3.525
3.541
3.541
3.565
3.578
3.585
3.594
3.602
3.612
3.627
3.637
3.643
3.661
3.679
3.687
3.695
3.711
3.727
3.734
3.754
3.771
3.786
3.797
3.824
3.83
3.859
3.867
3.893
3.901
3.929
3.947
3.964
3.981
4.016
4.024
4.05
4.068
4.102
4.119
4.153
4.169
4.202
4.217
4.249
4.275
4.316
4.342
4.374
4.399
4.439
4.465
4.508
4.533
4.576
4.601
4.644
4.677
4.719
4.748
4.799
4.825
4.886
4.913
4.972
4.998
5.064
5.095
5.162
5.196
5.278
7.01
6.934
6.91
6.837
6.82
6.745
6.719
6.659
6.633
2.10507 -1.26246 1.13223
