1 361
0.893
0.895
0.892
0.913
0.914
0.907
0.898
0.889
0.889
0.898
0.907
0.915
0.913
0.912
0.912
0.907
0.904
0.903
0.911
0.911
0.91
0.919
0.918
0.914
0.913
0.918
0.925
0.925
0.925
0.926
0.926
0.926
0.925
0.935
0.935
0.935
0.944
0.943
0.944
0.944
0.952
0.943
0.952
0.961
0.961
0.961
0.961
0.964
0.963
0.968
0.977
0.977
0.976
0.986
0.986
0.995
0.994
1.003
1.003
1.011
1.011
1.02
1.019
1.028
1.028
1.036
1.044
1.044
1.053
1.06
1.06
1.068
1.068
1.077
1.084
1.103
1.102
1.111
1.118
1.127
1.128
1.137
1.143
1.153
1.16
1.163
1.171
1.187
1.195
1.204
1.213
1.221
1.229
1.238
1.247
1.265
1.265
1.284
1.291
1.309
1.31
1.324
1.341
1.351
1.368
1.377
1.393
1.402
1.41
1.435
1.443
1.469
1.478
1.494
1.518
1.533
1.543
1.567
1.585
1.606
1.624
1.649
1.673
1.7
1.715
1.744
1.768
1.801
1.818
1.861
1.876
1.911
1.944
1.986
2.019
2.063
2.091
2.104
2.124
2.229
2.591
2.649
2.698
2.765
2.816
2.892
2.961
3.057
3.064
3.053
3.054
3.035
3.035
3.02
3.118
3.249
3.344
3.455
3.498
3.467
3.46
3.425
3.417
3.395
3.385
3.36
3.345
3.321
3.314
3.289
3.289
3.263
3.256
3.239
3.23
3.205
3.201
3.217
3.252
3.269
3.302
3.326
3.366
3.4
3.432
3.466
3.5
3.534
3.568
3.603
3.637
8.183
8.183
8.183
8.183
8.183
8.183
8.183
8.183
8.183
8.183
8.183
8.183
8.183
8.183
8.183
8.183
8.183
8.183
8.183
8.183
8.183
8.183
8.183
8.183
8.183
8.183
8.103
7.868
7.605
7.409
7.175
6.992
6.787
6.625
6.434
6.286
6.127
5.994
5.848
5.728
5.588
5.485
5.359
5.261
5.144
5.044
4.952
4.862
4.767
4.69
4.601
4.524
4.448
4.381
4.312
4.253
4.18
4.121
4.018
3.975
3.982
4.015
4.029
4.035
3.967
3.914
3.864
3.816
3.776
3.73
3.68
3.639
3.599
3.623
8.183
8.183
8.183
8.183
8.183
8.183
8.183
7.133
8.183
8.183
8.183
8.183
8.183
8.183
8.183
2.847
2.819
2.795
2.788
2.774
2.749
2.688
2.396
2.367
2.328
2.311
2.295
2.286
2.276
2.271
2.257
2.261
2.256
2.263
2.256
2.268
2.267
2.284
2.288
2.311
2.316
2.371
2.386
2.391
2.38
2.369
2.361
2.344
2.336
2.327
2.311
2.303
2.295
2.286
2.279
2.269
2.262
2.254
2.245
2.235
2.236
2.227
2.218
2.21
2.2
2.2
2.192
2.183
2.174
2.173
2.165
2.155
2.155
2.147
2.146
2.136
2.125
2.123
2.115
2.115
2.104
2.096
2.094
2.081
2.071
2.063
2.048
2.052
2.044
2.038
2.026
2.02
2.016
2.007
2
2.001
7.49098 6.30837 1.86613
