1 361
0.561
0.579
0.582
0.604
0.601
0.625
0.622
0.656
0.653
0.689
0.687
0.719
0.72
0.762
0.762
0.801
0.805
0.846
0.853
0.904
0.918
1.027
1.044
1.104
1.129
1.184
1.211
1.281
1.304
1.382
1.414
1.515
1.566
1.682
1.743
1.887
1.964
2.151
2.262
2.496
2.643
2.951
3.187
3.71
4.072
4.912
5.011
5.012
5.011
5.002
5.003
5.003
5.003
5.003
5.003
5.004
5.004
5.003
5.012
5.012
5.013
5.02
5.021
5.029
5.038
5.038
5.046
5.053
5.061
5.064
5.059
4.294
4.29
4.281
4.238
3.807
3.697
3.519
3.421
3.273
3.203
3.024
2.819
2.82
2.832
2.722
2.655
2.547
2.494
2.413
2.366
2.292
2.262
2.187
2.161
2.133
2.144
5.448
5.465
5.49
5.507
5.534
5.558
5.585
5.601
5.628
5.655
4.833
4.836
5.734
5.762
5.787
5.743
5.77
5.795
5.824
5.831
5.871
5.886
5.904
5.916
5.957
6.002
6.054
6.085
6.148
6.226
6.255
6.228
6.157
3.559
3.563
3.577
6.351
6.382
6.437
6.494
6.553
6.597
6.517
6.53
6.603
6.656
6.614
6.758
7.33
7.403
5.34
5.31
5.335
7.685
7.766
7.839
7.935
8.011
8.106
8.183
8.183
8.183
8.183
7.528
7.243
7.202
7.149
7.113
7.074
7.036
6.605
6.588
6.536
6.501
6.606
6.717
6.763
6.078
5.773
5.776
5.939
6.608
6.199
6.036
6.002
5.978
5.94
5.894
5.845
5.828
5.885
5.97
6.154
6.339
6.487
8.183
7.553
7.737
7.674
8.183
8.183
8.183
8.183
8.183
8.183
8.183
8.183
8.183
8.183
8.183
8.183
8.183
8.183
8.183
8.183
8.183
8.183
1.64
1.607
1.561
1.517
1.48
1.477
1.573
1.632
1.344
1.331
1.356
1.36
1.353
1.327
1.33
1.609
1.67
1.655
1.706
1.575
1.607
1.497
1.541
1.475
1.515
1.472
1.504
1.459
1.508
1.448
1.498
1.439
1.472
1.437
1.479
1.428
1.471
1.42
1.464
1.42
1.455
1.421
1.446
1.429
1.455
1.429
1.446
1.43
1.446
1.422
1.455
1.423
1.409
1.393
1.43
1.426
1.44
1.437
1.452
1.438
1.46
1.446
1.476
1.463
1.476
1.418
1.404
1.387
1.377
1.359
1.34
1.319
1.298
1.278
1.255
1.234
1.202
1.175
1.149
1.143
1.393
1.394
1.411
1.414
1.413
1.392
1.372
1.355
0.946
0.861
0.811
0.813
0.803
0.795
0.787
0.778
0.772
0.772
0.765
0.756
0.749
0.741
0.733
0.732
0.724
0.716
0.709
0.709
0.699
0.7
0.693
0.682
0.683
0.675
0.676
0.669
0.667
0.659
0.651
0.652
0.643
0.644
0.638
0.635
0.628
0.628
0.627
0.62
0.62
0.62
0.609
0.618
0.61
0.61
0.603
0.605
0.603
0.593
0.594
0.595
0.594
0.594
0.587
0.587
0.587
0.579
0.577
4.27965 8.25496 3.22312
