1 361
2.401
2.377
2.367
2.334
2.374
2.363
2.369
2.315
2.321
2.352
2.376
2.372
2.353
2.334
2.335
2.322
2.332
2.323
2.321
2.334
2.372
2.387
2.401
2.45
2.248
2.235
2.227
2.218
2.218
2.211
2.212
2.205
2.202
2.207
2.468
2.561
2.593
2.603
2.586
2.032
2.023
2.014
2.014
2.006
2.007
1.997
1.997
1.998
1.989
1.989
1.989
1.98
1.981
1.973
1.983
1.973
1.974
1.974
1.981
2.231
2.598
2.853
2.866
2.825
2.659
2.54
2.409
2.302
2.201
2.112
2.024
1.9
1.929
1.937
1.947
6.152
6.161
6.164
6.171
6.17
6.188
6.187
6.197
6.2
6.057
6.062
6.096
6.094
6.114
6.113
6.137
6.138
6.158
6.165
6.18
6.189
6.205
6.206
6.232
6.239
6.266
6.271
6.29
6.3
6.334
6.331
6.368
6.375
6.408
6.416
6.451
6.459
6.485
6.505
6.54
3.32
3.263
3.21
3.195
3.146
3.072
3.054
3.037
3.019
3.001
2.984
2.977
2.958
2.948
2.932
2.923
2.907
2.898
2.88
2.871
2.863
2.846
2.828
2.827
2.825
3.549
3.558
3.592
3.609
3.644
3.653
3.694
3.712
3.746
3.761
3.806
3.823
3.867
3.884
3.928
3.937
3.99
1.937
1.932
1.914
1.898
1.881
1.863
1.838
1.83
1.813
1.804
1.787
1.778
1.762
1.744
1.735
1.718
1.709
1.694
1.685
1.677
1.66
1.652
1.635
1.627
1.619
1.61
1.603
1.586
1.585
1.569
1.561
1.553
1.545
1.537
1.528
1.521
1.52
1.512
1.503
1.503
1.487
1.487
1.479
1.48
1.463
1.463
1.454
1.454
1.445
1.437
1.428
1.428
1.421
1.419
1.412
1.412
1.402
1.403
1.402
1.394
1.394
1.395
1.385
1.386
1.375
1.375
1.368
1.366
1.368
1.368
1.359
1.359
1.359
1.359
1.351
1.356
1.346
1.352
1.344
1.345
1.345
1.346
1.34
1.35
1.341
1.345
1.337
1.342
1.343
1.345
1.337
1.345
1.345
1.343
1.342
1.347
1.345
1.342
1.34
1.346
1.345
1.344
1.343
1.351
1.349
1.349
1.349
1.356
1.348
1.356
1.356
1.365
1.356
1.363
1.364
1.373
1.373
1.372
1.372
1.381
1.382
1.39
1.379
1.39
1.396
1.405
1.405
1.416
1.405
1.414
1.414
1.431
1.422
1.431
1.439
1.448
1.448
1.457
1.457
1.465
1.465
1.481
1.481
1.498
1.49
1.507
1.506
1.515
1.523
1.532
1.532
1.547
1.548
1.564
1.564
1.581
1.581
1.597
1.597
1.613
1.622
1.638
1.638
1.664
1.663
1.679
1.679
1.705
1.704
1.722
1.73
1.748
1.756
1.772
1.782
1.798
1.806
1.833
1.833
1.857
1.866
1.891
1.899
1.925
1.935
1.96
1.967
2.001
2.011
2.036
2.045
2.082
2.091
2.144
2.152
2.189
2.198
2.241
2.25
2.285
2.303
2.344
2.353
2.403
2.52378 1.13287 1.05479
