1 361
2.667
2.674
2.675
2.649
2.656
2.667
2.683
2.671
2.632
2.634
2.624
2.616
2.619
2.609
2.613
2.705
2.753
2.984
3.064
2.59
2.576
2.572
2.577
2.573
2.578
2.573
2.576
2.591
2.981
2.978
2.96
3.02
3.219
3.209
2.451
2.442
2.44
2.443
2.451
2.441
2.449
2.449
2.448
2.448
2.457
2.456
2.465
2.457
2.467
2.475
2.528
2.986
2.922
2.861
2.794
2.734
2.676
2.627
2.573
2.523
2.476
2.47
2.506
6.735
6.762
6.773
6.795
6.81
6.836
6.845
6.865
6.876
6.909
6.925
6.959
6.973
7.003
7.019
7.053
7.069
7.104
7.122
7.157
7.181
7.223
7.237
7.281
7.308
4.015
3.955
3.886
3.883
3.807
3.749
3.734
3.719
3.699
3.685
3.668
3.651
3.642
3.625
3.616
3.599
3.584
3.575
3.565
3.55
3.539
3.786
4.31
4.336
4.375
4.394
4.447
4.463
4.515
4.531
4.581
4.607
4.657
4.684
4.736
4.762
2.666
2.642
2.616
2.599
2.575
2.55
2.534
2.518
2.494
2.477
2.453
2.437
2.419
2.403
2.387
2.37
2.345
2.337
2.32
2.304
2.295
2.278
2.26
2.252
2.244
2.226
2.208
2.2
2.191
2.182
2.164
2.155
2.147
2.137
2.128
2.11
2.11
2.092
2.092
2.077
2.077
2.058
2.059
2.042
2.043
2.034
2.025
2.016
2.016
2.005
1.999
1.989
1.99
1.982
1.981
1.973
1.965
1.955
1.955
1.947
1.947
1.939
1.939
1.93
1.932
1.923
1.922
1.924
1.923
1.915
1.914
1.915
1.907
1.907
1.907
1.899
1.9
1.892
1.902
1.895
1.898
1.889
1.893
1.884
1.897
1.89
1.901
1.893
1.893
1.886
1.892
1.89
1.897
1.894
1.902
1.889
1.902
1.894
1.901
1.891
1.907
1.898
1.906
1.906
1.913
1.911
1.912
1.912
1.921
1.919
1.929
1.92
1.929
1.928
1.936
1.945
1.951
1.943
1.962
1.962
1.969
1.969
1.977
1.977
1.986
1.986
2.003
2.003
2.012
2.012
2.021
2.03
2.039
2.039
2.055
2.055
2.064
2.074
2.082
2.082
2.109
2.109
2.126
2.126
2.145
2.145
2.162
2.162
2.179
2.189
2.205
2.212
2.242
2.25
2.268
2.267
2.294
2.292
2.317
2.317
2.341
2.349
2.375
2.383
2.399
2.416
2.439
2.439
2.471
2.481
2.513
2.521
2.546
2.553
2.585
2.595
2.628
2.638
2.673
2.689
2.724
2.731
2.774
2.781
2.822
2.839
2.875
2.89
2.935
2.951
3.005
3.015
3.066
3.084
3.136
3.154
3.212
3.229
3.288
3.312
3.378
3.394
3.469
3.487
3.56
3.588
3.661
3.697
3.773
3.799
3.881
3.929
3.996
4.04
4.132
4.172
4.269
4.33
4.431
4.483
6.015
5.998
5.975
5.958
5.933
5.915
5.883
5.875
5.849
5.843
5.808
5.799
5.782
5.765
5.747
5.74
5.713
2.26131 0.387554 1.39793
