1 361
2.348
2.328
2.297
2.265
2.256
2.223
2.223
2.173
2.179
2.141
2.141
2.123
2.111
2.049
2.01
1.993
2.003
1.971
1.957
1.919
1.936
1.94
1.946
1.911
1.902
1.865
1.87
1.825
1.841
1.819
1.827
1.791
1.822
1.773
1.797
1.748
1.763
1.728
1.732
1.714
1.725
1.699
1.704
1.685
1.692
1.669
1.685
1.657
1.703
1.513
1.505
1.497
1.487
1.48
1.471
1.463
1.454
1.447
1.447
1.43
1.43
1.423
1.423
1.405
1.405
1.396
1.397
1.389
1.389
1.379
1.38
1.372
1.37
1.363
1.388
1.421
1.472
1.503
1.553
1.586
1.645
1.686
1.746
1.799
1.876
1.927
2.022
2.077
2.176
2.213
1.689
1.242
1.268
1.269
1.271
1.287
1.295
5.381
5.377
5.369
5.369
5.364
5.363
5.354
5.326
5.318
5.483
5.47
5.471
5.461
5.47
5.465
5.449
5.44
5.458
5.465
5.475
5.472
5.471
5.468
5.469
5.469
5.487
5.483
5.495
5.383
5.352
5.366
5.385
5.385
5.394
5.391
5.409
5.409
5.425
5.427
5.442
5.442
5.459
5.461
5.485
5.485
5.511
5.512
5.536
5.535
5.563
5.565
5.588
5.588
5.616
5.626
5.651
5.66
5.687
5.688
5.721
5.731
5.766
5.766
5.801
2.589
2.521
2.486
2.469
2.46
2.355
2.328
2.314
2.306
2.29
2.282
2.274
2.257
2.247
2.239
2.229
2.212
2.203
2.195
2.185
2.177
2.178
2.169
2.159
2.151
2.141
2.133
2.133
2.115
2.116
2.107
2.107
2.088
2.852
2.869
2.903
2.912
2.947
2.956
3
3.01
3.045
3.063
3.098
3.116
3.159
3.168
3.21
3.226
3.278
3.294
3.333
3.35
3.405
3.423
3.481
3.497
3.549
3.574
3.633
3.652
3.727
3.744
3.813
3.831
3.103
1.259
1.273
1.265
1.256
1.256
1.247
1.238
1.229
1.229
1.22
1.211
1.211
1.202
1.193
1.193
1.184
1.184
1.175
1.166
1.166
1.157
1.157
1.149
1.149
1.141
1.141
1.132
1.132
1.123
1.123
1.123
1.114
1.114
1.114
1.106
1.097
1.097
1.097
1.088
1.097
1.088
1.08
1.08
1.08
1.071
1.071
1.071
1.072
1.071
1.071
1.062
1.062
1.062
1.062
1.054
1.056
1.056
1.056
1.057
1.049
1.049
1.054
1.055
1.05
1.052
1.048
1.051
1.053
1.053
1.054
1.055
1.054
1.051
1.048
1.045
1.051
1.049
1.055
1.054
1.051
1.049
1.057
1.056
1.055
1.054
1.054
1.062
1.062
1.062
1.062
1.062
1.071
1.071
1.071
1.07
1.08
1.079
1.08
1.079
1.087
1.087
1.087
1.096
1.096
1.105
1.105
1.105
1.113
1.113
1.122
1.122
1.121
1.121
1.131
1.139
1.14
1.149
1.148
1.148
1.157
1.165
1.174
1.174
1.183
1.183
1.192
1.201
1.21
1.21
1.219
1.219
1.228
1.237
1.246
3.03842 1.70555 0.64311
