1 361
1.809
1.827
1.825
1.843
1.85
1.857
1.858
1.874
1.874
1.899
1.897
1.923
1.921
1.939
1.939
1.963
1.963
1.987
1.988
2.014
2.014
2.039
2.039
2.076
2.075
2.101
2.108
2.137
2.136
2.165
2.178
2.15
2.14
2.115
2.104
2.07
2.064
2.08
2.098
2.151
2.15
2.186
2.195
2.23
2.232
2.272
2.273
2.314
2.322
2.366
2.374
2.411
2.431
2.402
2.384
2.334
2.325
2.286
2.27
2.226
2.225
2.183
2.174
2.128
2.122
2.087
2.077
2.051
2.034
2.009
1.999
1.967
1.967
1.955
1.956
1.974
1.974
1.99
1.991
2.007
2.017
2.016
2.034
2.043
2.043
2.06
2.06
2.079
2.086
2.106
2.106
2.122
2.131
2.15
2.151
2.167
2.176
2.195
2.203
2.22
2.23
2.253
2.249
8.183
8.183
8.183
8.183
8.183
8.183
8.183
8.183
8.183
8.183
8.183
8.183
8.183
8.183
8.183
8.187
8.191
8.183
8.183
8.187
8.191
8.191
8.183
8.183
8.183
8.183
8.183
8.183
8.183
8.183
8.183
8.183
8.183
8.183
8.183
8.183
8.183
8.183
8.183
8.183
8.183
8.183
8.183
8.183
8.183
8.183
8.183
8.183
8.183
8.183
6.608
6.575
6.253
6.126
5.836
5.726
5.479
5.382
5.162
5.078
4.878
4.803
4.625
4.549
4.391
4.345
4.192
4.138
4.014
3.967
3.848
3.812
3.693
3.661
3.566
3.522
3.436
3.395
3.309
3.274
3.199
3.166
3.097
3.07
3
2.974
2.913
2.896
2.828
2.802
2.753
2.736
2.677
2.66
2.608
2.593
2.551
2.517
2.45
2.433
2.448
2.466
2.49
2.506
2.523
2.529
2.483
2.475
2.436
2.429
2.388
2.377
2.343
2.335
2.303
2.295
2.262
2.252
2.226
2.219
2.192
2.183
2.166
2.156
2.129
2.147
8.183
8.183
8.183
7.493
8.183
8.183
8.183
8.183
8.183
8.183
8.183
8.183
8.183
8.183
8.183
8.183
8.183
8.183
8.183
8.183
8.183
8.183
7.971
8.006
8.183
8.183
8.183
8.183
8.101
8.05
8.039
8.183
8.183
8.183
8.183
8.183
8.183
8.183
8.183
8.183
8.183
1.564
1.546
1.546
1.539
1.537
1.524
1.545
1.536
1.544
1.535
1.536
1.527
1.526
1.519
1.527
1.519
1.519
1.511
1.511
1.511
1.501
1.394
1.336
1.467
1.48
1.47
1.48
1.475
1.477
1.469
1.469
1.463
1.467
1.467
1.467
1.462
1.47
1.467
1.469
1.467
1.467
1.465
1.47
1.466
1.471
1.47
1.481
1.471
1.474
1.464
1.477
1.471
1.48
1.483
1.488
1.492
1.503
1.414
1.443
1.516
1.52
1.518
1.507
1.506
1.514
1.504
1.513
1.511
1.508
1.506
1.515
1.514
1.513
1.512
1.517
1.518
1.518
1.515
1.522
1.522
1.52
1.52
1.529
1.528
1.535
1.536
1.542
1.542
1.551
1.551
1.554
6.56833 7.72427 2.48654
