1 361
1.22
1.22
1.219
1.209
1.209
1.209
1.201
1.201
1.2
1.192
1.192
1.194
1.192
8.187
8.187
8.183
7.903
8.078
8.183
8.183
8.183
8.183
8.183
8.183
8.183
8.183
8.183
8.183
8.183
8.183
8.183
8.183
8.183
2.993
2.967
2.775
2.781
2.755
2.764
2.781
2.818
2.822
2.857
2.813
2.881
2.872
2.945
2.925
2.968
2.977
2.988
3.006
3.004
3.023
3.032
3.039
3.05
3.068
3.075
3.108
3.161
3.333
3.377
3.364
3.323
2.765
2.755
2.148
2.13
1.992
1.968
1.881
1.866
1.789
1.782
1.71
1.71
1.638
1.632
1.582
1.577
1.518
1.52
1.467
1.469
1.421
1.422
1.373
1.373
1.349
1.348
1.354
1.365
1.347
1.348
1.28
1.273
1.216
1.223
1.179
1.191
1.151
1.152
1.148
1.159
1.159
1.168
1.168
1.175
1.204
1.215
1.222
1.222
1.232
1.239
1.25
1.258
1.266
1.276
1.283
1.291
1.302
1.31
1.319
1.327
1.3
1.298
1.256
1.264
1.244
1.252
1.23
1.248
1.219
1.222
1.22
1.221
1.28
1.267
1.41
1.26
1.398
1.274
1.294
1.269
1.277
1.271
1.304
1.289
1.464
1.423
1.421
1.383
1.436
1.415
1.508
1.406
1.449
1.557
1.908
1.935
1.975
1.992
2.027
2.053
2.097
2.117
2.158
2.186
2.238
2.263
2.312
2.347
2.396
2.429
2.494
2.527
2.602
2.636
2.714
2.754
2.833
2.879
2.962
3.02
3.115
3.174
3.274
3.341
3.46
3.529
3.679
3.757
3.917
3.995
4.185
4.297
4.516
4.632
4.885
5.033
5.291
6.715
6.683
6.672
6.659
6.675
7.339
7.668
8.183
8.183
8.183
8.183
8.183
8.183
8.183
8.183
8.183
8.183
8.183
8.183
8.183
8.183
8.183
8.183
8.183
8.183
8.183
8.183
8.187
8.183
8.187
8.187
8.187
8.187
8.187
8.187
8.187
8.187
8.187
8.183
8.183
8.183
8.183
8.183
8.183
8.183
8.183
8.183
8.183
8.183
8.026
7.856
7.524
7.364
7.081
6.872
6.857
6.874
6.785
6.656
6.038
5.906
5.73
5.652
5.477
5.391
5.232
5.159
5.02
4.944
4.815
4.753
4.642
4.572
4.471
4.422
4.318
4.269
4.175
4.1
4.049
4.078
4.094
4.129
4.085
4.025
3.954
3.921
3.843
3.816
3.756
3.722
3.657
3.62
3.572
3.319
3.233
3.232
3.203
3.177
3.135
3.11
3.074
3.038
3.002
2.984
2.942
2.924
2.889
2.864
2.829
2.814
2.781
2.764
2.738
2.714
2.688
2.68
2.645
2.636
2.61
2.593
2.567
2.561
2.531
2.52
2.504
2.486
2.462
2.455
2.432
2.422
2.405
2.397
2.374
2.365
2.348
2.341
2.323
2.313
2.301
2.291
2.282
2.274
2.257
2.248
2.241
2.223
2.214
2.208
2.197
2.197
2.179
2.17
2.162
2.153
2.144
2.135
2.127
2.127
4.23174 13.1217 5.81174
