1 361
1.701
1.755
1.802
1.859
1.896
1.96
2.011
2.081
2.145
2.223
2.302
2.386
2.484
2.577
2.691
2.804
2.925
3.066
3.225
3.399
3.61
3.819
4.083
4.32
4.701
5.053
5.401
6.904
6.895
7.196
7.181
7.219
8.183
8.191
8.183
8.187
8.183
8.183
8.183
8.187
8.187
8.191
8.191
8.183
8.187
8.187
8.187
8.183
8.183
8.183
8.183
8.183
8.183
8.183
8.191
8.183
8.183
8.183
8.183
8.183
8.183
8.183
8.183
8.183
8.183
8.183
8.183
8.183
5.413
5.436
5.561
5.656
5.79
5.894
5.963
5.954
5.955
5.955
5.962
5.959
5.967
5.96
5.969
5.97
5.972
5.975
5.887
5.792
5.671
5.585
5.473
5.388
5.297
5.218
5.113
5.044
4.958
4.89
4.809
4.749
4.656
4.582
4.605
4.633
4.669
4.627
4.557
4.514
4.448
4.395
4.343
4.292
4.245
4.197
4.148
4.083
3.82
3.796
3.771
3.729
3.695
3.661
3.618
3.594
3.559
3.524
3.489
3.455
3.433
3.406
3.375
3.341
3.318
3.293
3.269
3.244
3.219
3.192
3.178
3.145
3.126
3.1
3.082
3.064
3.046
3.022
3.005
2.986
2.969
2.951
2.934
2.919
2.909
2.891
2.877
2.858
2.84
2.826
2.81
2.802
2.794
2.768
2.769
2.751
2.734
2.727
2.717
2.709
2.692
2.684
2.671
2.686
2.765
2.812
2.903
2.946
3.043
3.089
3.152
3.144
3.136
3.128
3.118
3.11
3.101
3.092
3.082
3.074
3.075
3.057
3.031
3.024
3.014
3.002
3.25
3.277
4.792
4.794
4.793
4.778
4.768
4.762
6.588
6.666
7.389
7.837
7.842
7.826
7.842
7.827
7.83
7.815
7.813
7.81
7.808
7.801
7.807
7.8
7.806
7.8
5.866
5.038
4.785
4.782
4.787
4.784
4.792
4.789
2.953
2.952
2.961
2.979
2.996
2.994
2.993
3.003
3.006
3.001
3.018
3.01
3.018
3.027
3.036
3.036
3.048
3.043
3.052
3.063
3.07
3.07
3.088
3.088
3.105
3.105
3.123
3.122
3.139
3.139
3.161
3.157
3.173
3.182
3.195
3.203
3.134
3.097
3.017
2.985
2.912
2.88
2.803
2.769
2.73
2.739
2.761
2.762
2.786
2.792
2.808
2.817
2.834
2.84
2.87
2.872
2.905
2.907
2.932
2.941
2.967
2.976
3.004
3.012
3.045
3.057
3.082
3.091
3.139
3.139
3.184
3.19
3.232
3.24
3.274
3.291
3.33
3.347
3.388
3.404
3.446
3.484
4.264
4.289
4.346
4.371
4.431
4.458
4.485
4.508
4.843
4.865
4.945
4.976
5.058
5.097
5.178
5.212
5.303
5.344
5.3
5.281
5.283
5.339
5.434
5.49
5.599
5.615
5.582
5.567
5.522
5.497
5.465
5.449
5.412
5.396
5.41
5.467
5.586
5.659
5.801
5.868
6.033
6.106
6.274
6.374
6.54
6.64
6.842
6.95
7.083
7.699
8.022
-2.56781 12.7997 1.10985
