1 361
4.701
4.755
4.763
4.816
4.814
4.875
4.883
4.943
4.952
5.012
5.02
5.086
5.093
5.094
5.071
4.989
4.973
4.897
4.881
4.805
4.794
4.725
4.716
4.656
4.638
4.581
4.562
4.512
4.491
4.451
4.43
4.385
4.366
4.323
4.308
1.931
1.932
1.915
1.916
1.889
1.89
1.873
1.864
1.856
1.848
1.831
1.83
1.814
1.813
1.796
1.788
1.779
1.779
1.762
1.763
1.745
1.745
1.736
1.728
1.719
1.719
1.71
1.703
1.694
1.694
1.685
1.685
1.677
1.677
1.66
1.66
1.66
1.652
1.653
1.643
1.643
1.636
1.635
1.627
1.628
1.619
1.619
1.619
1.611
1.612
1.604
1.604
1.595
1.604
1.595
1.595
1.595
1.595
1.588
1.588
1.579
1.59
1.584
1.584
1.58
1.58
1.587
1.58
1.583
1.585
1.587
1.587
1.585
1.585
1.581
1.58
1.583
1.581
1.585
1.585
1.583
1.591
1.59
1.588
1.596
1.596
1.596
1.596
1.605
1.605
1.605
1.604
1.613
1.613
1.621
1.621
1.621
1.63
1.63
1.629
1.637
1.638
1.645
1.646
1.655
1.655
1.662
1.663
1.671
1.679
1.688
1.688
1.696
1.696
1.705
1.705
1.722
1.721
2.894
2.894
2.919
2.919
2.837
2.835
3.497
3.495
3.364
3.356
3.274
3.266
3.182
3.175
3.098
3.089
3.056
3.061
3.091
3.091
3.132
3.131
3.395
3.376
3.307
3.298
3.223
3.214
3.144
3.149
3.163
3.171
3.197
3.206
3.247
3.256
3.29
3.299
3.352
3.53
3.556
3.546
3.502
3.504
3.461
3.461
8.183
8.183
5.13
5.122
5.071
5.062
4.983
4.965
4.955
4.954
4.936
4.946
4.93
4.931
4.916
4.925
4.918
4.914
4.908
4.913
5.957
5.991
6.115
6.141
6.27
6.305
6.44
6.473
6.623
6.655
6.816
6.846
5.928
5.918
5.868
5.934
4.179
4.172
4.139
4.133
4.098
4.089
4.064
4.057
4.021
4.031
3.996
3.998
3.963
3.964
3.935
3.937
3.912
3.913
3.885
3.887
3.87
3.868
3.851
3.842
3.824
3.826
3.809
3.807
3.79
3.79
3.774
3.782
3.758
3.758
3.751
3.75
3.736
3.738
3.727
3.728
3.722
3.728
3.714
3.715
3.709
3.711
3.695
3.706
3.692
3.701
3.686
3.696
3.689
3.69
3.691
3.691
3.687
3.689
3.695
3.702
3.7
3.7
3.697
3.706
3.705
3.713
3.711
3.719
3.725
3.725
3.726
3.74
3.741
3.741
3.75
3.758
3.767
3.776
3.775
3.784
3.792
3.799
3.809
3.818
3.819
3.828
3.842
3.863
3.873
3.882
3.898
3.899
3.916
3.925
3.934
3.951
3.97
3.977
3.995
4.003
4.021
4.03
4.048
4.065
4.081
4.09
4.115
4.132
4.15
4.164
4.188
4.197
4.23
4.24
4.272
4.281
4.313
4.33
4.364
4.38
4.416
4.434
4.459
4.477
4.52
4.528
1.98666 -1.43786 0.787309
