1 361
1.62
1.636
1.635
1.65
1.649
1.658
1.664
1.672
1.678
1.685
1.684
1.707
1.706
1.715
1.722
1.738
1.736
1.752
1.76
1.777
1.785
1.793
1.802
1.829
1.837
1.865
1.874
1.892
1.903
1.937
1.94
1.975
1.992
2.021
2.028
2.057
2.066
2.096
2.104
2.133
2.141
2.17
2.177
2.205
2.214
2.239
2.248
2.265
2.283
2.307
2.323
2.349
2.367
2.392
2.41
2.441
2.456
2.489
2.506
2.54
2.557
2.588
2.614
2.647
2.665
2.71
2.733
2.775
2.792
2.842
2.869
2.919
2.947
2.991
3.025
3.078
3.105
3.165
3.202
3.211
3.237
4.749
4.751
4.734
4.725
4.708
4.702
4.691
4.693
4.673
4.666
4.65
4.649
4.708
4.694
4.63
4.622
4.598
4.591
4.706
4.806
4.954
5.05
5.22
5.339
5.519
5.647
5.853
5.992
6.198
6.39
6.63
6.825
7.127
7.352
7.712
7.977
8.183
8.183
8.183
8.183
8.183
8.183
8.187
8.187
8.187
8.183
8.187
8.187
8.187
8.187
8.187
8.183
8.183
8.183
8.183
8.183
8.183
8.183
8.183
8.183
8.183
8.183
8.183
8.183
8.183
8.183
8.183
8.183
8.183
8.183
8.183
8.183
8.183
8.183
8.183
8.183
8.183
8.183
7.89
7.547
7.332
7.35
6.777
6.355
6.064
5.858
5.635
5.467
5.266
5.108
4.932
4.827
4.662
4.495
4.475
4.49
4.499
4.501
4.387
4.314
4.196
4.115
3.597
3.545
3.492
3.435
3.352
3.303
3.23
3.178
3.111
3.065
2.998
2.96
2.909
2.866
2.807
2.773
2.722
2.689
2.637
2.604
2.562
2.54
2.49
2.464
2.423
2.406
2.364
2.339
2.306
2.29
2.255
2.237
2.203
2.186
2.151
2.133
2.106
2.096
2.06
2.052
2.027
2.01
1.992
1.976
1.95
1.934
1.918
1.884
1.855
1.847
1.823
1.846
1.845
1.88
1.888
1.922
1.924
1.946
1.916
1.908
1.891
1.884
1.866
1.857
1.84
1.832
1.815
1.806
1.797
1.789
1.782
1.764
1.756
1.756
1.738
1.729
1.721
1.713
1.704
1.695
1.686
1.679
1.67
1.669
1.652
1.653
1.645
1.636
1.627
1.628
1.611
1.611
1.603
1.603
1.587
1.586
1.586
1.579
1.58
1.571
1.561
1.562
1.555
1.554
1.546
1.546
1.538
1.538
1.452
1.375
1.367
1.367
1.358
1.367
1.358
1.38
1.369
1.369
1.369
1.368
1.369
1.369
1.36
1.369
1.36
1.36
1.36
1.36
1.352
1.361
1.349
1.357
1.354
1.35
1.352
1.356
1.338
1.329
1.324
1.329
1.329
1.348
1.357
1.356
1.347
1.352
1.346
1.351
1.351
1.351
1.351
1.36
1.36
1.36
1.359
1.369
1.359
1.368
1.368
1.368
1.368
1.377
1.377
1.378
1.382
1.386
1.386
1.394
1.395
1.403
1.403
1.412
1.412
1.421
1.421
1.429
1.42
1.429
6.80351 13.1515 0.322982
