1 361
1.135
1.137
1.137
1.139
1.139
1.141
1.141
1.135
1.137
1.139
1.142
1.137
1.139
1.141
1.133
1.142
1.133
1.141
1.138
1.137
1.132
1.138
1.134
1.133
1.136
1.135
1.133
1.134
1.142
1.141
1.141
1.142
1.15
1.15
1.15
1.15
1.15
1.159
1.159
1.159
1.159
1.167
1.168
1.168
1.168
1.175
1.175
1.184
1.193
1.194
1.202
1.202
1.212
1.212
1.221
1.221
1.221
1.229
1.229
1.229
1.239
1.239
1.247
1.247
1.257
1.266
1.265
1.274
1.284
1.284
1.29
1.29
1.298
1.309
1.317
1.317
1.334
1.335
1.343
1.344
1.352
1.361
1.37
1.379
1.378
1.387
1.405
1.405
1.422
1.421
1.438
1.447
1.455
1.464
1.481
1.489
1.498
1.507
1.524
1.532
1.548
1.557
1.565
1.58
1.598
1.605
1.622
1.638
1.655
1.663
1.689
1.698
1.713
1.729
1.755
1.765
1.793
1.799
1.824
1.842
1.866
1.882
1.909
1.924
1.957
1.974
2.009
2.028
2.053
2.08
2.103
2.131
2.167
2.193
2.236
2.253
2.295
2.32
2.37
2.403
2.448
2.48
2.528
2.569
2.621
2.655
2.715
2.756
2.823
2.875
2.927
2.99
3.05
3.111
3.198
3.255
3.346
3.412
3.618
4.932
4.925
4.906
4.889
4.881
4.872
4.856
4.847
4.84
4.83
4.812
4.812
4.794
4.796
4.778
4.777
4.761
4.76
4.75
4.741
4.732
4.733
4.724
4.723
4.636
4.317
4.383
4.424
4.482
3.664
3.654
3.663
3.656
3.657
3.647
3.656
3.648
3.658
3.648
3.658
3.648
3.656
3.656
3.662
3.655
3.661
3.66
3.669
3.669
3.676
3.676
3.685
3.684
3.691
3.691
3.7
3.7
3.715
3.71
3.725
3.725
3.742
3.742
3.759
3.75
3.775
3.776
3.792
3.794
3.811
3.811
3.827
3.836
3.853
3.853
3.869
3.879
3.897
3.896
3.922
3.923
3.949
3.95
4.037
5.092
5.125
5.134
5.165
5.175
5.207
5.214
5.258
5.265
5.299
5.317
5.352
5.37
5.402
5.42
5.461
5.47
5.511
5.536
5.581
5.607
5.642
5.659
5.705
5.731
5.783
5.801
5.851
5.876
5.928
5.961
6.01
6.044
6.102
6.126
6.196
6.222
6.281
6.324
6.393
6.435
6.495
6.539
6.612
6.655
6.724
6.775
6.849
6.901
6.981
7.031
7.117
7.176
7.261
7.325
7.417
7.484
7.577
7.64
7.75
7.815
7.931
7.892
7.834
7.8
7.742
7.701
7.651
6.911
6.795
6.754
6.696
6.675
6.794
6.85
6.786
6.607
6.491
6.467
6.631
6.452
6.379
6.428
6.483
6.613
6.337
6.283
6.247
6.204
6.072
5.995
5.91
5.876
5.908
6.042
6.096
6.04
5.959
5.804
5.514
5.506
5.481
5.472
5.456
5.446
5.43
5.422
5.405
5.397
5.389
5.379
5.364
5.357
5.347
5.347
5.331
5.322
5.323
11.2466 7.00783 4.48724
