1 361
1.215
1.223
1.214
1.222
1.222
1.231
1.222
1.238
1.23
1.238
1.238
1.248
1.247
1.254
1.255
1.26
1.259
1.269
1.267
1.274
1.273
1.29
1.279
1.295
1.296
1.302
1.304
1.319
1.311
1.328
1.329
1.344
1.344
1.349
1.357
1.366
1.376
1.382
1.382
1.407
1.407
1.423
1.431
1.449
1.448
1.486
1.485
1.512
1.513
1.533
1.542
1.572
1.58
1.605
1.613
1.641
1.65
1.669
1.676
1.704
1.703
1.731
1.732
1.759
1.767
1.786
1.802
1.819
1.829
1.852
1.862
1.882
1.896
1.921
1.929
1.954
1.972
1.997
2.015
2.042
2.049
2.085
2.103
2.129
2.146
2.182
2.192
2.234
2.241
2.286
2.311
2.344
2.362
2.408
2.426
2.475
2.508
2.557
2.573
2.633
2.66
2.712
2.744
2.803
2.837
2.905
2.941
3.012
3.046
3.126
3.168
3.237
3.287
3.376
3.427
3.518
3.579
3.684
3.754
3.799
3.98
5.29
5.29
5.275
5.285
5.315
5.369
5.283
5.276
5.258
5.249
5.493
5.677
5.935
6.128
6.457
6.686
7.057
7.337
7.795
8.114
8.183
8.183
8.183
8.183
8.183
8.183
8.187
8.187
8.187
8.187
8.187
8.187
8.187
8.187
8.183
8.183
8.183
8.183
8.183
8.183
8.183
8.183
8.187
8.183
8.187
8.187
8.191
8.187
8.191
8.191
8.191
8.191
8.187
8.187
8.183
8.183
8.183
8.183
8.183
8.183
8.183
8.183
8.183
8.183
7.218
7.025
6.732
6.56
6.319
6.162
5.944
5.806
5.618
5.507
5.34
5.353
5.363
5.375
5.234
5.138
5.006
4.591
4.419
4.363
4.253
4.181
4.087
4.036
3.954
3.896
3.808
3.753
3.68
3.628
3.56
3.517
3.448
3.407
3.343
3.302
3.244
3.212
3.152
3.126
3.073
3.039
2.994
2.966
2.914
2.887
2.847
2.822
2.779
2.753
2.694
2.677
2.656
2.683
2.691
2.726
2.734
2.751
2.714
2.695
2.663
2.643
2.61
2.6
2.568
2.55
2.526
2.509
2.485
2.468
2.442
2.427
2.402
2.394
2.369
2.362
2.336
2.326
2.31
2.302
2.277
2.269
2.251
2.243
2.173
2.03
2.013
2.004
1.989
2.001
1.989
1.979
1.97
1.962
1.945
1.945
1.928
1.922
1.911
1.912
1.896
1.894
1.868
1.869
1.859
1.851
1.843
1.845
1.836
1.826
1.818
1.819
1.809
1.801
1.794
1.793
1.784
1.785
1.776
1.776
1.767
1.758
1.75
1.75
1.741
1.741
1.74
1.741
1.732
1.732
1.724
1.723
1.715
1.717
1.713
1.715
1.707
1.707
1.699
1.707
1.699
1.7
1.7
1.691
1.693
1.695
1.69
1.689
1.689
1.691
1.69
1.682
1.673
1.673
1.673
1.673
1.682
1.69
1.687
1.683
1.693
1.686
1.687
1.693
1.685
1.7
1.691
1.7
1.7
1.708
1.7
1.708
1.708
1.717
1.717
1.717
5.85868 12.9219 0.147184
