1 361
1.722
1.73
1.732
1.73
1.738
1.728
1.736
1.735
1.744
1.735
1.743
1.743
1.751
1.751
1.753
1.749
1.758
1.767
1.775
1.767
1.776
1.775
1.784
1.792
1.79
1.791
1.808
1.795
1.807
1.807
1.825
1.826
1.835
1.835
1.816
1.819
1.826
1.826
1.85
2.007
2.025
2.033
2.042
2.042
2.059
2.06
2.068
2.077
2.095
2.096
2.113
2.113
2.13
2.14
2.157
2.157
2.184
2.184
2.21
2.21
2.236
2.236
4.067
4.036
3.557
3.461
3.419
3.386
3.354
3.329
3.29
3.268
3.236
3.212
3.178
3.16
3.127
3.109
3.075
3.057
3.032
3.014
2.987
2.97
2.943
2.927
2.908
2.892
2.902
2.897
2.978
2.897
2.82
2.804
2.779
2.762
2.745
2.757
2.813
2.836
2.897
2.914
2.969
2.983
2.943
2.924
2.933
2.919
2.925
2.914
2.924
2.927
2.945
2.946
3.009
3.125
3.36
3.597
3.749
3.775
3.877
3.906
4.013
4.047
4.163
4.197
4.342
4.38
4.52
4.554
4.719
4.765
4.937
4.991
5.168
5.241
5.435
5.513
5.74
5.823
6.073
6.161
6.45
6.552
6.862
6.875
8.183
8.183
8.183
8.183
8.183
8.183
8.183
8.183
8.183
8.183
8.183
8.183
8.183
8.183
8.183
8.183
8.183
8.183
8.183
8.183
8.183
8.183
8.183
8.183
8.183
8.183
8.183
8.183
8.183
8.183
8.183
8.183
8.183
8.183
8.183
8.183
8.183
8.183
8.183
8.183
8.183
8.183
8.183
8.183
8.183
8.183
8.183
7.492
6.909
6.757
6.311
6.178
5.794
5.685
5.298
5.279
5.301
5.3
5.233
5.146
4.37
4.333
4.18
4.131
3.954
3.907
3.756
3.717
3.582
3.544
3.429
3.393
3.281
3.257
3.152
3.126
3.023
3.004
2.915
2.898
2.821
2.796
2.718
2.704
2.634
2.619
2.543
2.513
0.57
0.64
0.576
0.537
0.642
0.618
0.733
0.699
0.85
0.824
1.032
1.005
1.163
1.154
1.17
1.161
1.17
1.171
1.177
1.177
1.184
1.186
1.194
1.185
1.204
1.194
1.211
1.203
1.221
1.221
1.23
1.229
1.246
1.236
1.255
1.254
1.263
1.262
1.279
1.279
1.287
1.287
1.305
1.305
1.314
1.314
1.331
1.33
1.349
1.348
1.365
1.365
1.383
1.373
1.4
1.4
1.418
1.418
1.443
1.442
1.443
1.444
1.432
1.431
1.414
1.415
1.407
1.407
1.398
1.397
1.382
1.381
1.372
1.373
1.364
1.364
1.356
1.357
1.348
1.347
1.339
1.339
1.331
1.33
1.321
1.321
1.322
1.322
1.312
1.313
1.305
1.305
1.305
1.305
1.295
1.285
1.286
1.285
1.278
1.286
1.279
1.279
1.272
1.28
1.272
1.273
1.273
1.274
1.268
1.27
1.263
1.265
1.263
1.265
1.265
1.269
1.267
1.267
1.259
1.259
1.259
1.259
1.259
1.267
1.258
1.265
1.266
2.51592 13.9232 6.14063
