1 361
1.705
1.688
1.671
1.653
1.646
1.628
1.62
1.605
1.595
1.587
1.569
1.553
1.552
1.536
1.535
1.52
1.51
1.502
1.493
1.484
1.476
1.467
1.459
1.45
1.442
1.434
1.426
1.416
1.409
1.4
1.4
1.392
1.381
1.374
1.374
1.366
1.366
1.349
1.348
1.34
1.339
1.331
1.331
1.322
1.322
1.313
1.313
1.305
1.285
1.267
1.268
1.259
1.26
1.25
1.25
1.254
1.289
1.326
1.372
1.487
1.52
1.512
1.545
7.032
8.175
8.183
8.183
8.183
8.183
8.183
8.183
8.183
8.183
2.887
2.979
3.072
3.329
3.451
3.814
4.003
4.604
4.919
6.002
6.556
8.183
8.183
8.183
8.183
8.183
8.183
8.183
8.183
8.183
8.183
8.183
8.183
8.183
8.183
8.183
8.183
8.183
8.183
8.183
8.183
8.183
8.183
8.183
8.183
8.183
8.183
8.183
8.183
8.183
8.183
8.183
8.183
8.183
8.183
8.183
8.183
8.183
8.183
8.183
8.183
8.183
8.183
8.183
8.183
8.183
8.183
8.183
2.449
2.409
2.395
2.354
2.32
2.287
2.27
2.237
2.211
2.185
2.158
2.132
2.114
2.089
2.062
2.035
2.016
1.992
1.983
1.967
1.941
1.925
1.907
1.89
1.882
1.858
1.839
1.825
1.806
1.79
1.782
1.786
1.788
1.79
1.782
1.837
1.773
1.706
1.69
1.674
1.657
1.639
1.623
1.613
1.609
1.636
1.635
1.68
1.681
1.715
1.714
1.74
1.74
1.783
1.784
1.817
1.818
1.851
1.852
1.885
1.884
1.927
1.926
1.971
1.97
2.012
2.02
2.064
2.064
2.118
2.119
2.17
2.169
2.223
2.232
2.281
2.289
2.353
2.359
2.419
2.426
2.494
2.501
2.577
2.593
2.666
2.675
2.768
2.775
2.868
2.876
2.973
2.984
3.091
3.113
3.225
3.238
3.364
3.389
3.526
3.548
3.696
3.731
3.895
3.933
4.119
4.15
4.383
4.425
4.66
4.71
4.986
5.046
5.36
5.422
5.73
6.177
7.163
7.192
7.189
7.175
7.419
7.427
7.418
7.394
7.393
7.386
7.32
7.304
7.324
7.284
7.286
7.277
7.259
7.23
7.236
7.225
7.24
7.227
7.375
7.391
7.227
7.22
7.19
7.19
7.271
7.25
7.277
7.264
8.183
8.187
8.183
7.347
8.187
8.187
8.183
8.183
8.183
8.183
8.183
8.187
8.183
8.183
8.183
8.183
8.187
7.535
7.312
7.155
7.167
7.177
7.184
6.43
6.041
5.978
5.71
5.657
5.423
5.377
5.172
5.123
4.924
4.881
4.696
4.661
4.507
4.47
4.381
4.388
4.419
4.418
4.351
4.315
4.182
4.158
4.034
4.017
3.914
3.893
3.499
3.494
3.431
3.423
3.332
3.316
3.242
3.242
3.158
3.159
3.081
3.072
3.002
2.994
2.932
2.932
2.873
2.864
2.806
2.806
2.747
2.747
2.698
2.689
2.646
2.638
2.596
2.589
2.547
2.54
2.508
10.5073 13.1491 5.33107
