1 361
1.258
1.258
1.258
1.248
1.247
1.239
1.24
1.231
1.23
1.22
1.22
1.211
1.22
1.211
1.211
1.212
1.201
1.2
1.201
1.193
1.2
1.192
1.192
1.192
1.192
1.193
1.193
1.183
1.182
8.183
8.183
8.183
8.183
8.183
8.183
8.183
8.183
8.183
8.183
8.183
8.183
3.047
3.001
2.934
2.937
2.782
2.787
2.936
2.936
3.095
3.096
3.033
3.016
2.988
2.989
3
2.999
3.016
3.025
3.043
3.043
3.06
3.071
3.086
3.086
3.104
3.122
3.137
3.169
3.477
3.395
3.372
3.29
2.845
2.815
2.718
2.297
2.15
2.114
2.036
2.017
1.954
1.944
1.872
1.858
1.809
1.798
1.743
1.734
1.692
1.688
1.638
1.629
1.579
1.579
1.539
1.531
1.49
1.483
1.448
1.449
1.418
1.425
1.439
1.434
1.426
1.447
1.351
1.342
1.309
1.309
1.275
1.269
1.242
1.233
1.225
1.242
1.242
1.252
1.26
1.268
1.299
1.308
1.315
1.327
1.336
1.341
1.353
1.36
1.377
1.387
1.397
1.405
1.415
1.412
1.396
1.39
1.37
1.362
1.349
1.357
1.33
1.335
1.332
1.336
1.331
1.33
1.343
1.364
1.358
1.362
1.364
1.377
1.373
1.381
1.402
1.503
1.5
1.508
1.497
1.499
1.541
1.542
1.486
1.505
2.017
2.05
2.083
2.119
2.146
2.18
2.218
2.25
2.293
2.334
2.375
2.41
2.465
2.506
2.564
2.607
2.667
2.725
2.779
2.843
2.912
2.976
3.058
3.119
3.205
3.28
3.373
3.457
3.563
3.665
3.783
3.894
4.036
4.177
4.329
4.468
4.667
4.825
5.043
5.268
5.335
6.868
6.801
6.793
6.775
7.071
7.564
8.043
8.183
8.183
8.187
8.183
8.183
8.183
8.187
8.183
8.183
8.183
8.183
8.183
8.183
8.183
8.183
8.183
8.183
8.183
8.183
8.183
8.183
8.187
8.187
8.183
8.187
8.187
8.187
8.187
8.187
8.187
8.187
8.183
8.183
8.183
8.183
8.183
8.183
8.183
8.183
8.183
8.183
8.183
7.896
7.666
7.391
7.186
6.958
6.977
6.982
6.872
6.682
6.039
5.913
5.79
5.641
5.534
5.388
5.277
5.141
5.046
4.936
4.841
4.737
4.657
4.563
4.488
4.404
4.336
4.246
4.147
4.161
4.184
4.194
4.21
4.136
4.079
4.018
3.965
3.906
3.853
3.8
3.753
3.696
3.646
3.345
3.31
3.297
3.265
3.221
3.181
3.145
3.111
3.075
3.049
3.016
2.979
2.953
2.926
2.892
2.868
2.833
2.809
2.783
2.758
2.741
2.716
2.691
2.673
2.647
2.63
2.605
2.588
2.571
2.549
2.531
2.512
2.49
2.472
2.456
2.441
2.424
2.407
2.391
2.383
2.369
2.358
2.334
2.328
2.312
2.302
2.289
2.28
2.263
2.255
2.246
2.231
2.222
2.213
2.205
2.197
2.187
2.171
2.171
2.153
2.145
2.146
2.128
2.119
4.11086 13.187 5.75967
