1 361
7.671
7.836
7.939
8.097
8.183
8.183
8.183
8.183
8.183
8.183
8.183
8.183
8.183
8.183
8.183
8.183
8.183
8.183
8.183
8.183
8.183
8.183
8.183
8.183
8.183
8.183
8.183
8.183
8.183
0.937
0.939
0.928
0.932
0.396
0.4
0.379
0.379
0.392
0.385
0.402
0.401
0.397
0.398
0.398
0.399
0.399
0.393
0.402
0.404
0.412
0.415
0.417
0.413
0.433
0.437
0.907
0.699
4.946
5.079
5.079
5.08
5.08
5.071
5.078
5.079
5.079
5.078
5.088
5.087
5.095
5.096
5.104
5.113
5.112
5.121
5.129
5.137
5.145
5.153
5.163
5.171
5.178
5.183
4.457
4.409
4.504
4.472
4.007
3.902
3.949
3.658
3.532
3.453
3.364
3.282
3.162
2.976
2.963
2.964
2.891
2.838
2.769
2.716
2.643
2.598
2.543
2.503
2.448
2.416
2.351
2.314
2.3
2.292
5.743
5.769
5.797
5.822
5.521
4.965
5.907
5.94
5.913
5.924
5.956
5.99
5.984
6.043
6.075
6.083
6.113
6.136
6.181
6.216
6.279
6.32
6.429
6.458
6.42
6.36
6.285
6.233
3.763
3.768
6.585
6.646
6.707
6.776
6.764
6.722
6.785
6.841
6.863
6.807
7.535
7.595
5.55
5.545
5.491
5.589
7.995
8.072
8.172
8.183
8.183
8.183
8.183
8.183
8.183
7.649
7.531
7.402
7.372
7.394
7.337
7.307
6.826
6.808
6.75
6.779
6.881
7.025
6.972
6.033
5.991
6.04
6.81
6.801
6.274
6.247
6.208
6.189
6.122
6.086
6.058
6.13
6.241
6.458
6.57
6.716
8.183
8.183
7.875
7.887
8.183
8.183
8.183
8.183
8.183
8.183
8.183
8.183
8.183
8.183
8.183
8.183
8.183
8.183
8.183
8.183
1.854
1.799
1.751
1.726
1.798
2.096
8.183
8.183
8.183
8.183
8.183
8.183
8.183
8.183
2.129
2.071
1.921
1.869
1.805
1.776
1.758
1.751
1.748
1.756
1.765
1.772
1.772
1.781
1.781
1.789
1.79
1.797
1.807
1.814
1.815
1.824
1.833
1.841
1.841
1.849
1.855
1.864
1.874
1.884
1.891
1.916
1.959
2.189
2.156
2.096
2.133
2.068
2.009
1.95
1.891
1.758
1.599
1.574
1.547
1.526
1.498
1.476
1.44
1.4
1.354
1.322
1.606
1.599
1.069
0.981
0.966
0.941
0.934
0.917
0.91
0.9
0.883
0.876
0.868
0.851
0.842
0.833
0.825
0.808
0.808
0.793
0.794
0.776
0.769
0.76
0.752
0.745
0.737
0.736
0.721
0.713
0.714
0.707
0.705
0.698
0.688
0.681
0.671
0.674
0.665
0.656
0.656
0.649
0.641
0.641
0.631
0.631
0.625
0.624
0.615
0.617
0.607
0.609
0.6
0.599
0.602
0.591
0.591
0.59
0.591
0.583
0.583
0.575
0.576
0.567
0.566
0.567
0.559
0.559
0.559
0.55
0.551
0.549
0.542
0.549
0.54
0.55
4.53776 8.26821 3.1617
