1 361
2.631
2.607
2.604
2.595
2.573
2.55
2.555
2.558
2.557
2.518
2.508
2.499
2.491
2.481
2.475
2.466
2.459
2.534
2.574
2.662
2.75
2.434
2.416
2.407
2.401
2.394
2.399
2.397
2.397
2.403
2.445
2.8
2.815
2.804
2.787
2.786
2.267
2.237
2.238
2.238
2.237
2.229
2.238
2.228
2.229
2.228
2.229
2.228
2.229
2.229
2.229
2.229
2.229
2.229
2.692
3.006
2.884
2.809
2.697
2.62
2.536
2.47
2.402
2.329
2.271
2.199
2.211
2.226
6.504
6.389
6.379
6.392
6.416
6.416
6.434
6.441
6.459
6.465
6.497
6.495
6.525
6.522
6.547
6.558
6.584
6.593
6.622
6.623
6.655
6.662
6.699
6.707
6.736
6.75
6.789
6.798
6.838
6.847
6.885
6.901
3.674
3.642
3.56
3.561
3.507
3.416
3.4
3.384
3.368
3.352
3.337
3.32
3.303
3.286
3.279
3.263
3.254
3.238
3.229
3.212
3.205
3.189
3.192
3.904
3.946
3.956
3.998
4.016
4.05
4.068
4.11
4.127
4.169
4.193
4.234
4.25
4.307
4.325
2.363
2.298
2.273
2.248
2.232
2.213
2.196
2.178
2.16
2.144
2.125
2.108
2.1
2.073
2.054
2.045
2.029
2.02
2.002
1.985
1.977
1.96
1.951
1.934
1.917
1.908
1.9
1.891
1.874
1.865
1.859
1.842
1.833
1.826
1.817
1.808
1.799
1.79
1.783
1.773
1.766
1.756
1.757
1.739
1.739
1.73
1.722
1.713
1.714
1.706
1.706
1.697
1.689
1.681
1.681
1.672
1.665
1.656
1.656
1.656
1.652
1.647
1.639
1.64
1.64
1.632
1.632
1.622
1.623
1.615
1.615
1.615
1.615
1.607
1.607
1.607
1.607
1.598
1.599
1.599
1.601
1.594
1.595
1.596
1.589
1.592
1.595
1.597
1.591
1.594
1.595
1.588
1.594
1.586
1.592
1.59
1.594
1.592
1.598
1.587
1.593
1.592
1.598
1.598
1.597
1.595
1.605
1.603
1.604
1.603
1.611
1.611
1.618
1.618
1.62
1.62
1.627
1.627
1.635
1.633
1.643
1.643
1.652
1.643
1.658
1.652
1.667
1.667
1.675
1.675
1.683
1.683
1.692
1.692
1.709
1.708
1.718
1.718
1.734
1.734
1.752
1.752
1.761
1.761
1.778
1.778
1.786
1.787
1.803
1.803
1.821
1.829
1.838
1.847
1.863
1.862
1.88
1.88
1.897
1.903
1.922
1.922
1.946
1.947
1.973
1.972
1.997
2.007
2.023
2.034
2.049
2.058
2.084
2.095
2.13
2.127
2.156
2.164
2.2
2.199
2.235
2.235
2.27
2.276
2.301
2.318
2.342
2.36
2.392
2.409
2.442
2.459
2.492
2.507
2.541
2.556
2.599
2.615
2.668
2.675
2.727
2.744
2.786
2.813
2.872
2.89
2.941
2.968
3.019
3.046
3.107
3.134
3.211
3.236
3.301
3.334
3.415
3.451
3.534
3.57
3.662
3.695
3.799
2.36232 0.776219 1.23637
