1 361
3.865
3.855
3.841
3.83
3.865
3.865
3.844
3.826
3.809
3.8
3.781
3.771
3.755
3.746
3.665
3.638
3.622
3.612
3.598
3.59
3.573
3.564
3.558
3.547
3.6
3.614
3.604
3.596
3.594
3.584
3.58
3.438
3.306
3.281
3.273
3.272
3.264
3.256
3.255
3.247
3.247
3.231
3.229
3.231
3.23
3.222
3.215
3.214
3.206
3.206
3.208
3.199
3.199
3.194
3.197
3.188
3.197
3.188
3.188
3.188
3.197
3.188
3.187
3.188
3.197
3.197
3.197
3.197
3.197
3.206
3.206
3.206
3.214
3.213
3.227
3.222
3.233
3.232
3.239
3.241
3.253
3.251
3.266
3.27
3.285
3.285
3.292
3.295
3.311
3.31
3.327
3.333
3.342
3.346
3.361
3.363
3.382
3.38
3.396
3.399
3.418
3.419
3.44
3.452
3.471
3.479
3.495
3.504
3.521
3.528
3.545
3.555
3.58
3.579
3.605
3.612
3.637
3.647
3.671
3.681
3.712
3.826
5.094
5.103
5.151
5.168
5.209
5.226
5.268
5.286
5.337
5.355
5.403
5.421
5.472
5.498
5.55
5.568
5.628
5.644
5.708
5.725
5.796
5.821
5.888
5.915
5.981
6.005
6.079
6.104
6.19
6.218
6.294
6.328
6.42
6.446
6.545
6.571
6.576
6.555
6.477
6.457
6.385
6.37
6.302
6.277
6.225
6.2
6.157
6.122
6.07
6.052
6.001
5.983
5.926
5.906
5.859
5.85
5.812
5.791
5.748
5.731
5.725
3.547
3.542
3.533
3.508
3.5
3.481
3.475
3.457
3.448
3.434
3.425
3.409
3.401
3.385
3.385
3.369
3.359
3.344
3.344
3.327
3.328
3.312
3.312
3.296
3.286
3.287
3.278
3.27
3.27
3.261
3.253
3.244
3.244
3.236
3.237
3.228
3.22
3.22
3.211
3.212
3.204
3.195
3.204
3.196
3.197
3.189
3.19
3.183
3.186
3.181
3.182
3.185
3.185
3.176
3.186
3.181
3.19
3.185
3.183
3.189
3.188
3.21
8.189
4.689
4.862
5.042
5.011
5.051
5.042
5.05
4.689
4.301
4.309
4.311
4.301
4.243
4.428
4.971
5.084
4.847
4.847
4.636
4.575
4.378
4.362
4.369
4.377
4.393
4.415
4.785
4.722
4.526
4.469
4.331
4.343
4.359
4.368
4.383
4.391
4.417
4.426
4.447
4.785
4.697
4.661
4.588
4.556
4.475
4.515
8.183
8.183
8.183
8.183
8.183
8.183
8.183
8.183
8.183
8.183
8.183
6.087
5.98
5.968
5.843
5.826
5.792
5.786
5.749
5.74
5.707
5.699
5.672
5.662
5.87
6.417
6.478
6.503
6.575
6.601
6.671
6.706
4.771
4.757
4.686
4.669
4.592
4.576
4.507
4.49
4.43
4.413
4.353
4.336
4.279
4.262
4.205
4.197
4.149
4.14
4.091
4.073
4.03
4.015
3.979
3.963
3.928
3.919
3.885
3.876
3.833
3.824
3.789
3.779
3.756
3.749
3.716
3.7
3.674
0.566105 -0.485206 -1.02586
