1 361
5.559
5.514
5.473
5.399
5.338
5.287
5.249
5.245
5.04
4.982
4.936
4.917
4.888
4.862
4.831
4.848
5.188
5.166
5.156
5.176
4.934
4.885
4.866
4.797
4.718
4.663
4.653
4.631
4.626
4.683
4.823
5.033
5.163
5.22
4.749
4.125
4.107
4.081
4.073
4.056
4.029
4.021
4.003
3.987
3.977
3.96
3.942
3.933
3.915
3.916
3.9
3.894
3.875
3.869
3.85
3.85
3.833
3.825
3.814
3.818
3.799
3.799
3.79
3.783
3.774
3.765
3.757
3.749
3.755
3.747
3.741
3.734
3.731
3.724
3.726
3.715
3.716
3.716
3.707
3.708
3.712
3.71
3.71
3.708
3.704
3.705
3.701
3.707
3.709
3.705
3.704
3.702
3.711
3.71
3.71
3.711
3.718
3.72
3.721
3.73
3.728
3.728
3.736
3.737
3.745
3.745
3.753
3.752
3.76
3.77
3.769
3.783
3.784
3.821
4.983
4.993
5.001
5.01
5.027
5.034
5.051
5.067
5.076
5.092
5.101
5.117
5.132
5.149
5.156
5.183
5.199
5.215
5.24
5.257
5.275
5.291
5.318
5.334
5.362
5.377
5.404
5.419
5.443
5.47
5.497
5.53
5.555
5.582
5.607
5.634
5.661
5.697
5.723
5.759
5.785
5.82
5.854
5.888
5.921
5.964
5.996
6.037
6.078
6.121
6.154
6.198
6.243
6.18
6.117
6.048
5.985
5.927
5.869
5.819
5.76
3.016
2.982
2.965
2.939
2.912
2.897
2.87
2.845
2.828
2.804
2.778
2.761
2.744
2.729
2.711
2.684
2.676
2.65
2.641
2.624
2.606
2.589
2.572
2.565
2.549
2.532
2.516
2.507
2.49
2.482
2.467
2.45
2.441
2.433
2.425
2.408
2.398
2.391
2.382
2.365
2.357
2.348
2.339
2.331
2.322
2.315
2.306
2.306
2.29
2.281
2.272
2.271
2.263
2.254
2.254
2.246
2.236
2.237
2.228
2.228
2.219
2.21
2.21
2.21
2.201
2.192
2.192
2.192
2.182
2.183
2.174
2.174
2.174
2.176
2.838
2.861
2.883
2.945
2.994
3.085
3.416
3.43
3.436
3.41
3.467
3.543
3.791
3.981
3.972
3.767
3.954
3.972
3.964
3.482
3.219
3.22
3.214
3.214
3.221
3.165
3.232
3.745
3.92
3.901
3.443
3.298
3.257
3.258
3.663
3.504
3.369
3.232
3.222
3.227
3.233
3.25
3.255
3.268
3.849
3.733
3.599
3.484
3.369
3.264
3.18
3.18
3.189
3.198
3.206
3.206
3.223
3.223
3.241
3.248
3.258
3.274
3.623
3.581
3.533
3.489
3.437
3.406
3.368
3.332
3.335
7.91
7.945
7.973
8.016
8.04
8.078
8.118
8.161
8.183
8.183
8.183
8.183
8.183
8.183
4.926
4.871
4.839
4.805
4.705
4.686
4.666
4.651
4.636
4.616
4.601
4.584
4.579
4.57
4.553
4.546
4.527
4.704
5.331
5.373
5.416
5.459
5.509
5.561
5.605
5.659
5.702
12.2949 6.08091 0.937608
