1 361
1.369
1.36
1.36
1.361
1.351
1.351
1.343
1.342
1.342
1.334
1.326
1.324
1.324
1.324
1.315
1.314
1.315
1.315
1.315
1.307
1.307
1.306
1.297
1.296
1.296
1.297
1.288
1.288
1.288
1.281
1.281
1.282
1.282
1.283
1.276
1.279
1.272
1.277
1.28
1.275
1.278
1.278
1.282
1.276
1.276
1.283
1.274
1.278
1.275
1.279
1.276
1.278
1.276
1.279
1.278
1.283
1.283
1.29
1.29
1.289
1.289
1.298
1.289
1.297
1.298
1.139
1.144
1.141
1.141
1.148
1.148
1.15
1.15
1.151
1.144
1.165
1.165
1.174
1.174
1.172
1.173
1.349
1.353
1.365
1.358
1.374
1.375
1.382
1.381
1.381
1.392
1.396
1.396
1.415
1.414
1.424
1.425
1.43
1.437
1.443
1.447
1.454
1.464
1.47
1.471
1.487
1.485
1.494
1.502
1.519
1.517
1.532
1.542
1.557
1.559
1.573
1.573
1.59
1.591
1.615
1.624
1.639
1.643
1.654
1.639
1.551
1.556
1.536
1.533
1.576
1.576
1.601
1.609
1.713
1.721
1.724
1.726
1.749
1.757
1.783
1.791
5.864
5.839
5.775
5.757
5.687
5.679
5.466
5.415
5.373
5.365
5.314
5.306
5.245
5.236
5.186
5.169
5.128
5.111
5.07
5.063
5.013
5.005
4.969
4.962
4.919
4.911
4.876
4.867
4.834
4.825
4.79
4.79
4.755
4.745
4.71
4.71
4.685
4.676
4.651
4.649
4.615
4.615
4.59
4.582
4.564
4.555
4.544
4.625
4.846
4.916
5.028
5.026
5
5
4.983
4.983
4.958
4.959
4.915
4.92
5.176
5.235
6.684
6.684
6.667
6.688
8.183
8.183
8.183
8.183
8.183
8.183
8.183
8.183
8.183
8.183
8.183
8.183
8.183
6.756
4.905
4.832
4.832
4.84
4.843
4.849
4.839
4.853
4.845
4.861
4.854
4.86
4.858
4.864
4.863
4.872
4.872
4.879
4.887
4.896
4.896
4.906
4.915
4.927
4.724
4.642
4.405
4.416
4.426
4.438
4.446
4.643
4.646
4.69
4.709
4.721
4.705
4.81
4.898
4.901
4.839
4.802
4.585
4.602
4.621
4.639
4.657
4.674
4.689
4.708
4.731
1.486
1.456
1.439
1.401
1.389
1.382
1.389
1.359
1.363
1.352
1.353
1.302
1.317
1.305
1.287
1.275
1.291
1.291
1.291
1.292
1.3
1.3
1.301
1.299
1.309
1.469
1.488
1.494
1.511
1.519
1.535
1.543
1.562
1.565
1.574
1.591
1.608
1.616
1.622
1.64
1.659
1.668
1.692
1.71
1.719
1.727
1.754
1.772
1.78
1.814
1.824
1.849
1.858
1.903
1.927
1.918
1.938
1.966
1.985
2.022
2.04
2.048
2.069
1.839
1.731
1.686
1.694
1.681
1.706
1.724
1.734
1.798
1.964
1.957
1.948
1.931
1.931
1.923
1.915
1.898
1.889
1.859
1.848
1.839
1.839
1.827
1.852
1.906
1.953
-3.19937 10.7455 1.1321
