1 361
1.589
1.564
1.564
1.548
1.548
1.522
1.522
1.504
1.496
1.487
1.487
1.47
1.462
1.453
1.445
1.435
1.436
1.418
1.419
1.41
1.401
1.392
1.392
1.375
1.375
1.365
1.366
1.358
1.358
1.349
1.341
1.332
1.332
1.323
1.323
1.314
1.314
1.306
1.306
1.298
1.297
1.287
1.287
1.279
1.279
1.279
1.271
1.27
1.271
1.263
1.262
1.252
1.253
1.253
1.253
1.244
1.244
1.246
1.242
1.237
1.237
1.227
1.227
1.227
1.227
1.227
1.227
1.227
1.22
1.22
1.22
1.211
1.222
1.214
1.218
1.223
1.214
1.221
1.212
1.212
1.212
1.212
1.212
1.215
1.215
1.22
1.221
1.219
1.218
1.222
1.222
1.22
1.22
1.227
1.227
1.224
1.228
1.227
1.227
1.227
1.237
1.237
1.237
1.245
1.245
1.244
1.245
1.254
1.254
1.253
1.254
1.264
1.264
1.272
1.272
1.271
1.272
1.281
1.281
1.289
1.289
1.297
1.298
1.308
1.308
1.316
1.316
1.325
1.326
1.334
1.334
1.343
1.343
1.351
1.352
1.369
1.369
1.194
1.195
1.212
1.212
1.221
1.222
1.218
1.224
1.247
1.246
1.259
1.266
1.279
1.274
1.483
1.483
1.501
1.499
1.523
1.525
1.539
1.538
1.564
1.562
1.581
1.59
1.612
1.612
1.629
1.636
1.662
1.663
1.682
1.692
1.716
1.719
1.742
1.742
1.777
1.784
1.807
1.817
1.852
1.851
1.796
1.796
1.749
1.757
1.778
1.778
1.828
1.828
1.954
1.954
1.986
1.994
2.035
2.041
5.504
5.513
5.453
5.444
5.393
5.393
5.344
5.346
5.292
5.292
5.249
5.249
5.199
5.198
5.157
5.157
5.115
5.115
5.073
5.074
5.04
5.042
5.006
5.008
4.965
4.973
4.94
4.94
4.914
4.915
4.88
4.88
4.862
4.862
5.022
5.062
5.35
5.35
5.329
5.33
5.302
5.313
5.285
5.285
5.236
5.245
5.513
5.556
7.008
7.018
8.183
8.183
8.183
8.183
8.183
8.183
8.183
8.183
8.183
8.183
8.183
8.183
8.183
8.183
7.001
5.17
5.168
5.18
5.189
5.189
5.193
5.196
5.195
5.201
5.197
5.206
5.211
5.219
5.217
5.229
5.235
5.235
5.241
5.25
5.259
5.268
5.265
5.252
4.897
4.78
4.773
4.782
4.787
4.795
4.984
5.021
5.101
5.08
5.058
5.091
5.089
5.097
5.042
5.039
4.932
4.951
4.973
4.99
5.011
1.823
1.768
1.76
1.732
1.725
1.697
1.701
1.674
1.662
1.637
1.631
1.608
1.617
1.616
1.624
1.625
1.624
1.617
1.633
1.788
1.802
1.815
1.825
1.832
1.852
1.859
1.857
1.881
1.89
1.899
1.92
1.931
1.941
1.95
1.965
1.982
1.997
2.009
2.02
2.047
2.057
2.074
2.081
2.101
2.128
2.137
2.16
2.178
2.187
2.212
2.231
2.26
2.273
2.286
2.081
1.944
1.942
-3.36984 10.4852 0.808096
