1 361
1.295
1.305
1.297
1.297
1.292
1.283
1.257
1.224
1.186
1.227
1.271
1.284
1.292
1.3
1.302
1.3
1.301
1.29
1.304
1.299
1.301
1.304
1.308
1.286
1.233
1.173
1.174
1.183
1.182
1.193
1.194
1.194
1.193
1.195
1.202
1.201
1.201
1.26
1.29
1.293
1.282
1.273
1.283
1.279
1.275
1.265
1.264
1.274
1.274
1.283
1.283
1.289
1.29
1.299
1.298
8.183
8.183
8.183
8.183
8.183
6.082
6.288
6.453
6.632
6.646
6.647
6.664
6.663
6.678
6.687
6.688
6.697
6.707
6.727
6.648
6.541
6.464
6.361
6.287
6.191
6.124
6.038
5.973
5.891
5.821
5.75
5.696
5.619
5.563
5.479
5.424
5.466
5.51
5.49
5.438
5.375
5.336
5.274
5.231
5.171
5.13
5.081
5.04
4.984
4.738
4.721
4.693
4.652
4.615
4.572
4.547
4.505
4.481
4.436
4.41
4.376
4.35
4.317
4.293
4.254
4.236
4.203
4.185
4.152
4.136
4.102
4.085
4.051
4.036
4.009
4
3.975
3.958
3.931
3.922
3.886
3.876
3.859
3.85
3.824
3.817
3.789
3.782
3.765
3.75
3.731
3.722
3.698
3.704
3.806
3.888
3.981
4.087
4.178
4.168
4.158
4.15
4.135
4.124
4.108
4.1
4.084
4.073
4.043
4.043
4.202
4.309
4.403
5.825
5.807
5.808
5.781
5.785
5.946
7.599
8.183
8.183
8.183
8.183
8.183
8.183
8.183
8.183
8.183
8.183
8.183
8.183
8.183
8.183
5.782
4.002
3.919
3.921
3.94
3.938
3.939
3.94
3.939
3.948
3.938
3.953
3.949
3.954
3.95
3.956
3.956
3.965
3.964
3.971
3.971
3.98
3.978
3.988
3.998
4.008
4.006
4.014
4.024
4.037
3.925
3.796
3.678
3.536
3.527
3.535
3.535
3.549
3.558
3.573
3.573
3.59
3.59
3.607
3.613
3.631
3.648
3.656
3.665
3.682
3.689
3.706
3.715
3.741
3.745
3.779
3.788
3.816
3.824
3.842
3.859
3.875
3.894
3.921
3.93
3.955
3.973
3.999
4.086
4.671
4.688
4.724
4.741
4.777
4.793
4.831
4.855
4.898
4.923
4.953
4.954
5.104
5.243
5.285
5.321
5.364
5.397
5.446
5.491
5.541
5.579
5.632
5.675
5.721
5.666
5.623
5.635
5.718
5.761
5.824
5.865
5.934
5.88
5.841
5.796
5.761
5.719
5.682
5.638
0.752
0.745
0.746
0.739
0.73
0.73
0.722
0.715
0.714
0.715
0.707
0.705
0.698
0.69
0.69
0.691
0.682
0.681
0.697
0.69
0.695
0.695
0.692
0.683
0.687
0.687
0.7
0.706
0.694
0.685
0.697
0.702
0.761
0.763
0.67
0.67
0.667
0.667
0.685
0.686
0.679
0.678
0.666
0.672
0.667
0.663
0.694
0.687
0.711
0.721
0.742
0.732
0.757
0.751
0.782
0.8
1.415
1.68
1.429
1.352
1.351
1.394
1.682
-2.93901 11.7052 1.35507
