1 361
1.839
1.873
1.916
1.955
1.995
2.048
2.084
2.138
2.179
2.231
2.29
2.348
2.398
2.47
2.536
2.609
2.68
2.765
2.856
2.951
3.051
3.162
3.277
3.407
3.544
3.696
3.852
4.034
4.225
4.422
4.681
4.877
4.866
4.858
4.858
4.847
4.84
4.838
4.838
4.828
4.829
4.818
4.818
4.82
4.819
4.81
4.81
4.819
4.812
4.811
4.819
4.811
4.82
4.82
4.821
4.821
4.042
4.063
3.886
3.309
2.545
2.548
2.546
2.496
2.27
2.075
1.99
1.836
1.817
1.821
4.906
4.915
4.924
4.934
4.949
4.959
4.967
4.976
4.992
5.002
5.018
5.028
5.044
5.053
5.07
5.077
5.101
5.111
5.136
5.143
5.169
5.184
5.201
5.209
5.242
5.046
4.416
5.274
5.328
5.337
5.361
5.379
5.331
5.352
5.377
5.402
5.399
5.438
5.464
5.471
5.489
5.501
5.522
5.559
5.601
5.628
5.676
5.74
3.113
3.114
5.779
5.721
5.646
5.59
5.542
5.904
5.888
5.933
5.993
6.034
6.096
6.133
6.054
6.048
6.112
6.167
6.167
6.116
6.792
4.865
4.861
4.813
4.865
7.093
7.166
7.226
7.309
7.374
7.461
7.522
7.615
7.681
7.776
7.849
7.96
7.245
6.746
6.702
6.657
6.613
6.572
6.538
6.23
6.09
6.044
6.001
6.022
6.1
6.272
6.248
5.387
5.253
5.277
5.333
6.095
6.072
5.525
5.494
5.472
5.439
5.416
5.348
5.314
5.306
5.358
5.424
5.576
5.807
5.835
6.096
7.443
7.119
7.157
7.182
8.183
8.183
8.183
8.183
8.183
8.183
8.183
8.183
8.183
8.183
8.183
8.183
8.183
8.183
8.183
8.183
7.888
7.867
7.839
7.829
7.856
7.8
8.048
8.043
8.033
8.028
8.021
8.012
8.002
1.171
1.129
1.102
1.074
1.058
1.034
1.022
0.996
0.972
0.977
0.975
0.992
0.899
0.87
0.839
0.84
0.837
0.834
0.841
0.84
0.839
0.848
0.847
0.846
0.846
0.845
0.844
0.853
0.853
0.861
0.852
0.86
0.861
0.86
0.86
0.869
0.866
0.867
0.865
0.876
0.875
0.883
0.875
0.884
0.884
0.891
0.891
0.891
0.891
0.901
0.899
0.908
0.907
0.914
0.906
0.925
0.915
0.923
0.923
0.932
0.931
0.94
0.941
0.95
0.948
0.954
0.955
0.964
0.964
0.973
0.973
0.99
0.989
0.997
0.997
1.006
1.013
1.021
1.021
1.029
1.036
1.045
1.045
1.062
1.061
1.078
1.078
1.094
1.095
1.112
1.113
1.131
1.129
1.108
1.108
1.098
1.09
1.09
1.082
1.072
1.064
1.056
1.056
1.046
1.039
1.029
1.029
1.013
1.013
0.995
1.003
0.985
0.977
0.968
0.967
0.952
0.952
0.933
0.933
0.924
0.925
0.913
0.919
1.131
1.131
1.123
1.115
1.106
1.107
1.098
1.09
1.081
1.08
1.072
1.073
1.065
1.066
1.055
3.68321 8.18883 3.22
