1 361
1.116
1.133
1.142
1.15
1.148
1.146
1.143
1.149
1.138
1.146
1.146
1.145
1.145
1.153
1.153
1.152
1.152
1.159
1.159
1.159
1.158
1.168
1.168
1.172
1.163
1.176
1.176
1.176
1.176
1.185
1.185
1.194
1.186
1.203
1.203
1.247
1.263
1.755
1.764
1.771
1.772
1.788
1.78
1.788
1.796
1.802
1.806
1.789
1.796
1.806
1.805
3.868
3.869
3.895
3.907
3.931
3.95
3.967
3.985
4.01
4.028
4.054
4.071
4.105
4.114
4.147
4.164
4.196
4.212
4.245
4.271
4.304
4.321
4.355
4.354
4.304
4.288
4.205
4.182
4.124
4.101
4.04
4.033
3.964
3.963
2.49
2.467
2.426
2.419
2.385
2.377
2.367
2.375
2.411
2.447
2.474
2.489
2.532
2.547
2.581
2.596
2.641
2.658
2.693
2.717
2.76
2.777
2.827
2.844
2.895
2.922
2.974
2.991
3.046
3.072
3.133
3.142
3.103
3.103
3.077
3.078
3.051
3.042
3.015
3.016
2.987
3
2.972
2.972
2.945
2.945
2.918
2.918
2.908
2.916
3.016
3.064
3.131
3.192
3.301
3.349
3.433
3.51
3.656
3.728
3.869
3.945
4.062
6.123
6.412
6.442
6.415
6.408
6.39
6.389
6.365
6.356
6.338
6.341
6.561
6.802
7.293
7.572
8.17
8.183
8.183
8.183
8.183
8.187
8.183
8.187
8.183
8.183
8.183
8.183
8.187
8.187
8.191
8.191
8.191
6.038
6.017
6.026
6.009
6.009
5.992
6
5.985
5.993
5.985
5.985
5.975
5.985
5.976
5.985
5.976
5.985
5.985
5.986
5.985
5.985
5.986
6.001
5.992
6.01
6.01
6.018
6.018
6.025
6.025
6.042
6.042
6.058
6.065
6.071
6.015
5.924
5.73
5.632
5.458
5.362
5.198
5.123
4.975
4.895
4.765
4.693
4.578
4.516
4.408
4.358
4.25
4.198
4.106
4.054
3.969
3.934
3.854
3.81
3.735
3.698
3.621
3.589
3.518
3.493
3.433
3.393
3.341
3.309
3.26
3.227
3.166
3.15
3.074
3.029
2.996
3.019
3.046
3.063
3.124
3.17
3.202
4.892
4.929
4.971
5.009
4.978
4.944
4.978
5.024
4.986
4.933
4.967
5.06
5.101
5.151
5.199
5.258
5.305
5.352
5.402
8.183
8.183
8.183
8.183
8.183
8.183
8.183
8.183
8.183
8.183
8.183
8.183
8.183
8.183
8.183
8.183
7.73
7.711
7.669
7.753
7.892
7.998
8.15
8.183
8.183
8.183
8.183
8.183
8.183
8.183
8.183
8.183
8.183
8.183
8.183
8.183
8.183
8.183
8.183
8.183
8.183
8.183
8.183
1.912
1.901
1.893
1.893
1.893
1.896
1.902
1.894
1.903
1.895
1.885
1.884
1.885
1.876
1.877
1.869
1.869
1.869
1.87
1.861
1.87
1.862
1.863
1.856
1.859
1.853
1.858
1.854
1.852
1.852
1.857
1.843
1.843
1.834
1.834
1.834
1.852
1.18536 13.1312 2.67274
