1 361
0.923
0.931
0.931
0.939
0.94
0.94
0.939
0.956
0.947
0.956
0.956
0.962
0.962
0.969
0.968
0.979
0.968
0.984
0.976
0.984
0.985
0.991
0.991
1.007
0.999
1.016
1.015
1.024
1.024
1.037
1.03
1.046
1.047
1.056
1.054
1.073
1.064
1.079
1.081
1.106
1.097
1.115
1.116
1.125
1.125
1.105
1.105
1.087
1.087
1.069
1.069
1.06
1.052
1.043
1.043
1.026
1.027
1.009
1.008
0.991
0.99
0.971
0.971
0.955
0.955
0.934
0.934
0.918
0.919
0.9
0.901
0.895
0.891
1.118
1.118
1.101
1.101
1.085
1.085
1.069
1.076
1.061
1.061
1.045
1.052
1.037
1.037
1.029
1.027
1.015
1.015
1.006
1.006
0.999
0.998
0.99
0.99
0.981
0.981
0.714
0.724
0.675
0.686
0.655
0.663
0.638
0.638
0.638
0.64
0.63
0.637
0.629
0.629
0.631
0.63
0.623
0.623
0.623
0.622
0.623
0.622
0.623
0.617
0.623
0.616
0.616
0.616
0.617
0.615
0.616
0.617
0.619
0.617
0.61
0.613
0.608
0.61
0.618
0.619
0.614
0.618
0.616
0.616
0.61
0.619
0.61
0.619
0.618
0.619
0.616
0.617
0.616
0.618
0.617
0.617
0.616
0.617
0.623
0.625
0.624
0.624
0.625
0.633
0.626
0.623
0.627
0.634
0.634
0.633
0.634
0.635
0.634
0.641
0.641
0.642
0.641
0.643
0.65
0.649
0.65
0.65
0.658
0.651
0.658
0.665
0.665
0.676
0.676
0.676
0.676
0.683
0.682
0.69
0.69
0.69
0.691
0.699
0.706
0.707
0.716
0.717
0.725
0.724
0.732
0.732
0.732
0.74
0.741
0.756
0.756
0.765
0.764
0.772
0.779
0.78
0.787
0.788
0.797
0.804
0.812
0.813
0.82
0.821
0.829
0.838
0.846
0.853
0.863
0.873
0.88
0.88
0.897
0.897
0.913
0.913
0.931
0.936
1.02
1.029
1.036
1.034
1.025
1.033
1.05
1.05
1.066
1.075
1.092
1.1
1.108
1.117
1.132
1.139
5.014
4.999
4.951
4.933
4.7
4.698
4.664
4.655
4.605
4.596
4.555
4.553
4.502
4.496
4.461
4.451
4.417
4.409
4.365
4.365
4.331
4.324
4.29
4.284
4.248
4.25
4.217
4.21
4.184
4.174
4.151
4.15
4.126
4.117
4.092
4.092
4.066
4.067
4.041
4.04
4.025
4.024
3.999
4.002
3.981
3.982
3.962
3.965
3.94
3.947
3.93
3.93
3.922
3.92
3.89
3.89
4.04
4.03
4.022
4.024
4.005
4.014
3.998
3.998
3.997
3.998
3.983
3.99
3.986
3.986
3.976
3.979
3.98
3.964
3.974
3.974
3.979
3.978
3.977
3.986
3.986
3.992
3.825
3.836
3.842
3.86
3.856
3.864
3.864
3.878
3.872
3.881
3.873
3.837
3.271
3.272
3.247
3.239
3.213
3.205
3.187
0.764
0.828
0.757
0.749
0.753
0.741
0.735
2.6014 8.66436 5.78666
