1 361
4.282
4.144
4.127
4.021
4.002
3.908
3.884
3.786
3.778
3.407
3.4
3.344
3.327
3.261
3.245
3.169
3.16
3.091
3.083
3.021
3.012
2.95
2.944
2.889
2.881
2.829
2.821
2.77
2.771
2.721
2.72
2.667
2.66
2.617
2.617
2.574
2.564
2.533
2.524
2.494
2.485
2.452
2.452
2.409
2.412
2.385
2.377
2.345
2.344
2.311
2.313
2.288
2.288
2.253
2.254
2.229
2.23
2.202
2.202
2.186
2.176
2.151
2.151
2.135
2.136
2.118
2.118
2.09
2.091
2.082
2.074
2.042
2.042
2.015
2.015
2.052
2.056
2.133
2.134
2.143
2.143
2.124
2.124
2.116
2.106
2.098
2.089
2.081
2.082
2.072
2.072
2.053
2.053
2.044
2.045
2.036
2.035
2.028
2.028
2.019
2.019
2.01
2.009
2.01
2.01
2.001
2.002
1.992
1.994
1.994
1.993
1.984
1.993
1.985
1.987
1.987
1.987
1.983
1.983
1.979
1.987
1.985
1.992
1.982
1.99
1.98
1.988
1.954
1.969
1.822
1.829
1.821
1.828
1.841
1.849
1.844
1.844
1.852
1.852
1.851
1.851
1.852
1.86
1.859
1.859
1.868
1.868
1.868
1.876
1.876
1.876
1.885
1.885
1.894
1.894
1.289
1.297
1.281
1.281
1.272
1.283
1.265
1.274
1.253
1.265
1.245
1.255
1.245
1.248
1.236
1.236
1.229
1.229
1.22
1.23
1.22
1.219
1.21
1.219
1.21
1.21
1.202
1.202
1.194
1.203
1.193
1.203
1.184
1.194
1.184
1.192
1.185
1.185
1.185
1.185
1.176
1.185
1.176
1.185
1.175
1.185
1.176
1.176
1.176
1.176
1.177
1.176
1.176
1.176
1.176
1.177
1.181
1.19
2.554
2.562
2.595
2.604
2.646
2.653
2.689
2.698
2.737
2.735
2.77
2.787
3.078
3.085
3.138
3.154
3.212
3.228
3.277
3.295
3.355
3.368
3.434
3.461
3.533
3.56
3.593
3.583
3.548
3.547
3.533
3.554
3.669
3.695
3.789
3.815
3.911
3.938
4.044
4.071
4.188
4.215
4.343
4.376
4.5
4.544
4.696
4.731
4.895
4.94
5.123
5.17
6.915
6.971
7.255
7.324
7.591
7.597
7.549
7.548
7.518
7.514
7.486
7.488
7.547
7.684
8.115
8.183
8.183
8.183
8.183
8.183
8.183
8.183
8.183
8.183
8.183
8.183
8.183
8.183
8.183
8.183
8.183
8.191
8.183
8.187
8.183
8.183
8.183
8.183
8.183
8.183
8.183
8.183
8.183
8.183
8.183
8.183
8.183
8.183
8.183
8.183
8.183
8.183
8.183
8.183
8.183
8.183
8.183
8.076
7.351
7.024
7.036
7.054
7.102
7.122
8.176
5.229
5.014
4.957
4.706
4.627
4.404
4.336
4.128
4.081
3.899
3.852
3.677
3.637
3.485
3.449
3.325
3.291
3.178
3.141
3.046
3.012
2.917
2.89
2.801
2.774
2.69
2.673
2.598
2.58
2.506
2.49
4.39536 9.41796 1.47686
