1 361
1.888
1.904
1.922
1.938
1.956
1.978
1.993
2.021
2.037
2.054
2.08
2.094
2.123
2.139
2.165
2.19
2.215
2.241
2.27
2.292
2.324
2.349
2.381
2.406
2.439
2.471
2.519
2.544
2.585
2.618
2.662
2.705
2.755
2.789
2.845
2.889
2.949
2.985
3.053
3.096
3.161
3.211
3.291
3.339
3.42
3.486
3.569
3.63
3.729
3.799
3.921
3.998
4.104
4.194
4.338
4.426
4.596
4.707
4.788
6.24
6.241
6.241
6.277
6.24
6.23
6.215
6.479
6.695
7.089
7.337
7.826
8.116
8.183
8.183
8.183
8.183
8.183
8.183
8.183
8.183
8.183
8.183
8.183
8.183
8.183
8.183
8.183
8.183
8.183
8.183
8.183
8.183
8.183
8.183
8.183
8.183
8.183
8.183
8.183
8.183
8.183
8.183
8.183
8.183
8.187
8.183
8.183
4.443
4.51
4.549
4.652
4.684
4.782
4.836
4.951
4.975
4.971
4.961
4.965
4.955
4.953
4.943
4.941
4.932
4.942
4.935
4.936
4.938
4.939
4.931
4.79
4.703
4.563
4.485
4.369
4.304
4.189
4.133
4.036
3.973
3.893
3.838
3.751
3.702
3.623
3.538
3.495
3.504
3.528
3.537
3.567
3.533
3.464
3.431
3.377
3.334
3.286
3.258
3.198
3.175
3.124
3.097
3.047
3.019
2.724
2.701
2.682
2.671
2.635
2.608
2.575
2.56
2.527
2.503
2.478
2.454
2.43
2.413
2.388
2.371
2.347
2.332
2.307
2.289
2.271
2.254
2.237
2.221
2.204
2.187
2.17
2.161
2.142
2.126
2.116
2.098
2.081
2.072
2.055
2.046
2.037
2.02
2.011
1.993
1.985
1.967
1.959
1.95
1.943
1.927
1.917
1.917
1.908
1.899
1.881
1.874
1.874
1.856
1.849
1.849
1.84
1.831
1.822
1.813
1.804
1.804
1.795
1.788
1.788
1.779
1.77
1.761
1.761
1.752
1.752
1.752
1.744
1.735
1.735
1.726
1.726
1.717
1.717
1.709
1.711
1.701
1.7
1.7
1.7
1.692
1.693
1.683
1.684
1.68
1.917
1.937
2.2
2.198
2.2
2.192
2.192
2.193
2.185
2.187
2.185
2.18
2.185
2.189
2.181
2.186
2.177
2.177
2.177
2.177
2.182
2.186
2.157
2.161
2.159
2.157
7.059
7.055
7.071
7.063
7.082
7.088
6.971
6.989
6.016
5.959
6.008
5.367
4.981
4.971
5.014
5.065
4.27
4.24
4.107
4.117
4.134
4.134
4.15
4.159
4.177
4.176
4.201
4.202
4.22
4.228
4.25
4.259
4.274
4.282
4.307
4.316
4.341
4.35
4.377
4.385
2.522
2.508
2.432
2.417
2.419
2.426
2.456
2.477
2.49
2.501
2.518
2.524
2.545
2.55
2.576
2.572
2.599
2.607
2.625
2.633
2.658
2.669
2.695
2.701
2.721
2.74
2.766
2.772
2.795
2.804
2.837
2.854
2.881
2.901
2.934
2.942
2.977
2.994
2.952
2.944
2.9
-1.77822 13.7355 0.593133
