1 361
0.933
0.942
0.951
0.956
0.959
0.958
0.951
0.948
0.952
0.95
0.947
0.956
0.956
0.955
0.955
0.955
0.955
0.963
0.954
0.963
0.963
0.97
0.969
0.969
0.969
0.978
0.978
0.977
0.978
0.987
0.986
0.987
0.995
0.996
0.996
1.004
1.004
1.013
1.013
1.021
1.02
1.029
1.022
1.029
1.029
1.037
1.037
1.045
1.045
1.054
1.052
1.062
1.07
1.07
1.07
1.087
1.087
1.096
1.095
1.105
1.113
1.122
1.121
1.13
1.13
1.139
1.148
1.155
1.164
1.164
1.172
1.181
1.189
1.208
1.206
1.216
1.225
1.232
1.232
1.249
1.258
1.266
1.275
1.292
1.3
1.309
1.309
1.327
1.334
1.352
1.364
1.377
1.386
1.402
1.411
1.427
1.436
1.453
1.47
1.487
1.495
1.52
1.527
1.552
1.559
1.585
1.6
1.626
1.634
1.67
1.683
1.716
1.724
1.769
1.778
1.805
1.813
1.829
1.844
2.198
2.222
2.266
2.29
2.347
2.37
2.428
2.454
2.515
2.54
2.616
2.648
2.726
2.745
2.723
2.722
2.705
2.714
2.689
2.691
2.832
2.877
2.974
3.023
3.13
3.165
3.132
3.123
3.088
3.089
3.054
3.055
3.018
3.018
2.984
2.984
2.957
2.957
2.931
2.922
2.904
2.896
2.871
2.87
2.844
2.842
2.863
2.886
2.915
2.933
2.966
2.985
3.009
3.036
3.074
3.09
3.125
3.159
3.184
3.219
3.251
3.266
8.183
8.183
8.183
8.183
8.183
8.183
8.183
8.183
8.183
8.183
8.183
8.183
8.183
8.183
8.183
8.183
8.183
8.183
8.183
8.183
8.183
8.183
8.183
8.183
8.183
8.183
8.183
7.859
7.665
7.491
7.221
7.07
6.817
6.673
6.454
6.339
6.142
6.022
5.838
5.744
5.593
5.499
5.348
5.273
5.137
5.056
4.937
4.873
4.748
4.689
4.584
4.527
4.425
4.372
4.282
4.23
4.15
4.105
4.03
3.99
3.915
3.871
3.805
3.765
3.655
3.643
3.659
3.682
3.703
3.725
3.647
3.625
3.574
3.541
3.488
3.466
3.415
3.39
3.351
3.327
3.29
3.322
8.183
8.183
8.183
6.839
6.823
8.183
8.183
8.183
8.183
8.183
8.183
8.183
8.183
8.183
8.183
8.183
8.183
8.183
8.183
2.564
2.543
2.532
2.53
2.52
2.498
2.489
2.464
2.365
2.184
2.219
2.113
2.086
2.079
2.065
2.056
2.058
2.043
2.038
2.029
2.022
2.038
2.045
2.06
2.069
2.087
2.077
2.056
2.09
2.102
2.144
2.17
2.202
2.187
2.192
2.182
2.173
2.164
2.156
2.148
2.148
2.137
2.137
2.119
2.12
2.109
2.111
2.102
2.101
2.088
2.088
2.078
2.077
2.057
2.055
2.046
2.043
2.024
2.023
2.013
2.013
1.993
1.99
1.981
1.99
1.97
1.97
1.96
1.961
1.944
1.945
1.94
1.94
1.941
1.943
1.934
1.938
1.937
1.939
7.3556 6.68388 1.9725
