1 361
2.217
2.164
2.164
2.152
2.153
2.188
2.196
2.222
2.235
2.229
2.225
2.199
2.19
2.172
2.164
2.136
2.127
2.11
2.109
2.091
2.082
2.064
2.055
2.036
2.029
2.019
2.011
1.994
1.984
1.975
1.967
1.951
1.949
1.932
1.924
1.915
1.907
1.899
1.891
1.882
1.882
1.865
1.864
1.849
1.849
1.84
1.831
1.826
1.825
1.814
1.677
1.633
1.634
1.627
1.627
1.634
1.635
1.633
1.633
1.625
1.625
1.609
1.617
1.609
1.609
1.601
1.6
1.594
1.593
1.584
1.592
1.584
1.584
1.584
1.584
1.576
1.575
1.568
1.568
1.568
1.56
1.565
1.568
1.56
1.562
1.561
1.557
1.565
1.562
1.558
1.558
1.55
1.55
1.558
1.566
1.566
1.562
1.564
1.565
1.558
1.565
1.561
1.561
1.569
1.568
1.568
1.576
1.568
1.575
1.575
1.584
1.581
1.581
1.584
1.592
1.593
1.601
1.602
1.601
1.602
1.609
1.609
1.618
1.618
1.626
1.628
1.636
1.634
1.643
1.643
1.651
1.659
1.659
1.668
1.676
1.684
1.684
1.693
1.693
1.702
1.71
1.719
1.719
1.728
1.735
1.745
1.762
1.762
1.771
1.78
1.788
1.796
1.805
1.814
1.823
1.83
1.839
1.849
1.864
1.873
1.882
1.891
1.907
1.916
1.933
1.942
1.949
1.968
1.984
2.001
2.011
2.028
2.036
2.053
2.072
2.087
2.106
2.12
2.122
2.126
2.144
2.19
2.394
2.417
2.443
2.459
2.484
2.516
2.541
2.565
2.59
2.616
2.643
2.67
2.695
2.728
2.753
2.794
2.819
2.86
2.895
2.931
2.964
2.933
2.934
2.898
2.897
2.876
2.909
2.997
3.033
3.077
3.12
3.172
3.212
3.265
3.319
3.384
3.434
3.5
3.552
3.621
3.688
3.763
3.824
3.915
3.981
4.076
4.15
4.261
4.347
4.456
4.553
4.704
4.76
5.376
5.504
5.682
5.675
5.65
5.651
5.897
6.054
6.105
6.079
6.035
6.012
5.97
5.943
5.913
5.878
5.845
5.827
5.822
5.866
5.916
5.957
6.008
6.057
6.106
6.149
6.19
8.183
8.187
8.183
8.187
8.187
8.191
8.191
8.183
8.183
8.183
8.183
8.183
8.183
8.183
8.183
8.183
8.183
8.183
8.183
8.183
8.183
8.183
8.187
8.183
8.183
8.183
8.183
8.183
8.183
8.183
8.075
7.645
7.36
6.989
6.744
6.453
6.156
6.109
6.128
6.13
5.98
5.771
4.157
4.059
4.047
4.013
4
3.982
3.99
3.98
3.984
3.995
3.942
3.834
3.773
3.679
3.614
3.534
3.471
3.399
3.347
3.272
3.23
3.158
3.112
3.06
3.018
2.964
2.92
2.868
2.834
2.784
2.742
2.7
2.675
2.625
2.587
2.554
2.512
2.47
2.429
2.376
2.341
2.299
2.255
2.225
2.191
2.152
2.122
2.086
2.06
2.023
2.007
1.983
1.96
1.945
1.921
1.898
1.883
7.14159 3.42574 1.02008
