1 361
2.326
2.352
2.352
2.375
2.376
2.401
2.401
2.428
2.434
2.458
2.455
2.488
2.494
2.519
2.518
2.556
2.555
2.59
2.596
2.631
2.629
2.671
2.676
2.707
2.716
2.747
2.756
2.799
2.808
2.857
2.865
2.908
2.917
2.982
3.722
3.817
3.826
3.889
3.905
3.977
3.983
4.033
4.127
4.401
4.428
4.507
4.527
4.62
4.646
4.741
4.763
4.872
4.873
4.833
4.815
4.814
4.851
4.982
5.021
5.151
5.158
5.133
5.117
5.085
5.076
5.044
5.026
4.993
4.983
4.95
4.939
5.057
5.108
5.276
5.328
5.511
5.565
5.757
5.826
6.039
6.119
6.35
6.441
6.682
6.751
7.64
7.646
7.632
7.627
8.046
8.183
8.183
8.183
8.183
8.183
8.183
8.183
4.397
4.396
4.38
4.371
4.346
4.345
4.329
4.329
4.305
4.305
4.288
4.288
4.271
4.271
4.254
4.255
4.248
4.248
4.231
4.24
4.215
4.214
4.207
4.216
4.207
4.198
4.2
4.2
4.19
4.189
4.182
4.19
4.183
4.182
4.174
4.182
4.183
4.181
4.175
4.182
4.183
4.189
4.19
4.19
4.19
4.19
4.19
4.198
4.205
4.141
3.948
3.872
3.695
3.636
3.466
3.432
3.275
3.238
3.112
3.082
2.959
2.919
2.815
2.787
2.688
2.67
2.576
2.559
2.477
2.46
2.379
2.363
2.296
2.279
2.21
2.202
2.142
2.124
2.071
2.062
2.009
2.003
1.95
1.941
1.891
1.882
1.84
1.832
1.791
1.781
1.749
1.748
1.704
1.704
1.663
1.665
1.63
1.629
1.598
1.59
1.565
1.558
1.533
1.532
1.504
1.504
1.477
1.474
1.452
1.444
1.426
1.419
1.401
1.404
1.378
1.378
1.352
1.352
1.334
1.333
1.317
1.307
1.291
1.29
1.274
1.274
1.257
1.246
1.197
1.198
1.188
1.188
1.171
1.175
1.187
1.204
1.222
1.238
1.256
1.273
1.358
1.37
1.481
3.565
3.629
3.663
3.733
8.183
8.183
8.183
8.183
8.183
8.183
8.183
8.183
8.183
8.183
8.183
6.194
6.19
6.163
6.149
6.327
6.424
6.641
6.761
7.01
7.121
7.403
7.541
7.887
8.049
8.183
8.183
8.183
8.183
8.183
8.183
8.183
8.183
8.183
8.183
8.183
8.183
8.183
8.183
8.183
8.183
8.183
8.183
8.183
8.183
8.183
8.183
8.183
8.183
8.183
8.183
8.183
8.183
8.183
8.183
7.285
5.501
5.486
5.494
5.483
5.49
5.486
5.492
5.487
5.502
5.499
5.506
5.508
5.51
5.518
5.526
5.535
5.545
5.542
5.552
5.561
5.558
5.572
5.578
5.59
5.606
5.436
5.292
5.057
4.954
4.751
4.647
4.459
4.358
4.187
4.091
3.955
3.869
3.751
3.678
3.559
3.515
3.402
3.338
3.251
3.212
3.129
3.077
2.998
2.947
2.886
2.843
2.778
2.735
2.331
2.27
2.262
2.218
2.205
2.233
2.301
2.39
-0.890022 13.5263 3.28647
