1 361
4.697
4.663
4.654
4.62
4.611
4.586
4.578
4.552
4.543
4.518
4.51
4.491
4.484
4.465
4.46
4.664
4.677
4.866
4.858
4.949
4.939
5.76
5.79
5.831
5.658
8.187
8.187
7.827
7.819
7.792
7.786
7.761
7.753
7.736
6.71
6.798
6.778
6.724
6.723
6.792
6.809
7.243
7.306
7.244
7.244
7.051
7.154
7.23
7.27
7.434
7.407
7.355
7.338
3.912
3.923
4.099
4.091
4.357
4.349
1.807
1.816
1.741
1.749
1.703
1.703
1.659
1.659
1.759
1.71
2.113
2.129
2.087
2.086
2.081
2.08
0.79
0.869
0.74
0.751
0.715
0.717
0.692
0.7
0.675
0.675
0.656
0.659
0.64
0.641
0.625
0.63
0.616
0.622
0.605
0.604
0.599
0.604
0.578
0.589
0.577
0.573
0.566
0.563
0.587
0.583
0.569
0.58
0.554
0.564
0.528
0.538
0.512
0.523
0.507
0.507
0.491
0.498
0.476
0.483
0.458
0.468
0.464
0.459
0.463
0.463
0.473
0.463
0.473
0.473
0.482
0.483
0.491
0.491
0.5
0.491
0.499
0.5
0.509
0.5
0.517
0.508
0.524
0.525
0.535
0.533
0.543
0.542
0.56
0.551
0.567
0.561
0.578
0.568
0.594
0.585
0.602
0.599
0.617
0.616
0.646
0.636
0.673
0.666
0.696
0.687
0.723
0.705
0.748
0.733
0.769
0.769
0.803
0.794
0.84
0.832
0.932
0.894
1.158
1.158
1.153
1.153
1.138
1.148
1.139
1.14
1.131
1.13
1.122
1.122
1.114
1.122
1.107
1.115
1.033
1.031
1.033
1.032
1.025
1.025
1.024
1.024
1.024
1.024
1.023
1.024
1.023
1.016
1.023
1.015
1.015
1.016
1.006
1.015
1.006
1.006
0.998
1.006
0.998
0.998
0.989
0.998
0.989
0.989
0.989
0.989
0.98
0.989
0.971
0.98
0.982
0.98
1.166
1.165
1.168
1.166
1.168
1.168
1.165
1.165
1.159
1.166
1.164
1.17
1.168
1.171
1.165
1.174
1.17
1.172
1.175
1.18
1.17
1.179
1.175
1.181
1.184
1.184
1.188
1.187
1.19
1.19
0.944
0.944
0.944
0.954
0.921
0.934
0.931
0.929
0.913
0.922
0.922
0.93
0.93
0.931
0.939
0.944
0.946
0.955
0.954
0.962
0.962
0.971
0.97
0.979
0.987
0.987
0.995
0.994
1.001
1.003
1.019
1.017
1.028
1.035
1.043
1.043
1.051
1.059
1.067
1.076
1.084
1.084
1.102
1.101
1.118
1.125
1.134
1.143
1.152
1.161
1.169
1.178
1.195
1.204
1.212
1.222
1.238
1.247
1.264
1.274
1.29
1.299
1.315
1.315
1.341
1.35
1.375
1.376
1.399
1.417
1.439
1.45
1.473
1.482
1.594
1.603
1.593
1.604
1.628
1.645
1.67
1.679
1.699
1.716
5.247
5.247
5.19
5.182
5.125
5.125
5.067
5.067
5.017
5.017
4.968
4.967
4.916
4.917
4.877
4.875
2.40493 8.86074 5.0305
