1 361
2.359
2.342
2.314
2.302
2.28
2.276
2.258
2.249
2.218
2.198
2.147
2.139
2.143
2.144
2.117
2.082
2.081
2.094
2.113
2.101
2.076
2.065
2.053
2.04
2.035
2.025
2.022
2.011
2.016
2.023
2.018
2.016
1.965
1.949
1.942
1.927
1.928
1.913
1.914
1.906
1.907
1.897
1.899
1.912
1.974
2.038
1.91
1.7
1.701
1.693
1.686
1.678
1.678
1.669
1.661
1.652
1.653
1.645
1.637
1.627
1.628
1.62
1.621
1.614
1.614
1.604
1.605
1.597
1.598
1.603
1.673
1.733
1.819
1.879
1.988
2.059
2.185
2.273
2.43
2.461
2.466
2.313
2.066
1.934
1.503
1.491
1.524
1.516
1.543
5.613
5.589
5.598
5.734
5.729
5.744
5.729
5.728
5.719
5.735
5.736
5.742
5.735
5.746
5.738
5.744
5.743
5.752
5.751
5.759
5.765
5.614
5.618
5.652
5.652
5.668
5.665
5.686
5.687
5.695
5.707
5.722
5.722
5.74
5.741
5.766
5.765
5.782
5.792
5.817
5.816
5.844
5.843
5.877
5.875
5.904
5.912
5.943
5.944
5.978
5.986
6.017
6.025
6.057
2.873
2.788
2.75
2.742
2.71
2.614
2.587
2.578
2.561
2.546
2.538
2.52
2.513
2.496
2.489
2.471
2.464
2.447
2.44
2.432
2.415
2.415
2.398
2.399
2.382
2.375
2.366
2.366
2.349
3.084
3.099
3.135
3.144
3.179
3.187
3.221
3.229
3.272
3.28
3.323
3.329
3.378
3.387
3.435
3.443
3.494
3.51
3.556
3.572
3.624
3.64
3.689
3.708
3.766
1.505
1.49
1.482
1.465
1.457
1.448
1.439
1.422
1.414
1.405
1.396
1.39
1.379
1.37
1.363
1.354
1.354
1.337
1.337
1.328
1.319
1.31
1.301
1.301
1.292
1.284
1.275
1.276
1.267
1.258
1.258
1.249
1.249
1.241
1.232
1.231
1.222
1.223
1.214
1.214
1.213
1.205
1.205
1.196
1.195
1.187
1.186
1.178
1.177
1.169
1.169
1.169
1.16
1.161
1.16
1.161
1.153
1.153
1.153
1.153
1.152
1.144
1.144
1.146
1.145
1.136
1.135
1.137
1.137
1.137
1.138
1.13
1.13
1.132
1.132
1.127
1.137
1.131
1.134
1.129
1.131
1.132
1.125
1.132
1.123
1.129
1.129
1.126
1.131
1.128
1.126
1.132
1.131
1.129
1.128
1.136
1.127
1.135
1.135
1.143
1.134
1.143
1.134
1.15
1.141
1.15
1.15
1.158
1.15
1.158
1.156
1.165
1.165
1.165
1.165
1.176
1.174
1.183
1.183
1.192
1.192
1.201
1.201
1.21
1.201
1.218
1.219
1.218
1.228
1.237
1.236
1.245
1.236
1.254
1.254
1.263
1.263
1.281
1.281
1.289
1.298
1.306
1.306
1.316
1.315
1.334
1.334
1.342
1.35
1.36
1.359
1.377
1.377
1.394
1.394
1.412
1.412
1.429
1.437
1.455
1.455
1.472
1.48
1.497
2.81768 1.51639 0.784194
