1 361
1.104
1.111
1.106
1.105
1.094
1.139
1.141
1.191
1.211
1.175
1.175
1.151
1.152
1.151
1.146
1.128
1.127
1.129
1.127
1.125
1.125
1.116
1.125
1.129
1.13
1.128
1.13
8.191
8.183
8.191
8.191
8.191
8.191
8.191
8.191
8.191
8.183
8.183
8.183
8.187
8.183
8.183
8.183
8.183
8.183
8.183
8.183
8.183
8.183
8.183
8.183
8.183
8.183
8.183
8.183
8.183
8.183
8.183
8.183
8.183
5.854
5.991
6.161
6.317
6.411
6.409
6.408
6.419
6.426
6.422
6.441
6.431
6.449
6.45
6.465
6.408
6.297
6.203
6.098
6.019
5.918
5.845
5.756
5.681
5.6
5.523
5.456
5.378
5.326
5.264
5.168
5.13
5.169
5.195
5.189
5.128
5.069
5.019
4.961
4.912
4.861
4.818
4.765
4.72
4.669
4.408
4.392
4.357
4.315
4.282
4.24
4.206
4.173
4.132
4.106
4.065
4.041
4.006
3.978
3.953
3.927
3.892
3.874
3.839
3.819
3.795
3.769
3.743
3.718
3.692
3.677
3.652
3.632
3.609
3.591
3.567
3.558
3.531
3.514
3.498
3.48
3.463
3.454
3.431
3.414
3.406
3.39
3.373
3.358
3.342
3.334
3.316
3.32
3.384
3.478
3.539
3.651
3.717
3.799
3.785
3.776
3.759
3.75
3.734
3.734
3.708
3.708
3.691
3.669
3.651
3.653
3.741
3.91
3.93
5.414
5.416
5.414
5.397
5.395
5.387
6.818
7.197
7.816
8.183
8.183
8.183
8.183
8.183
8.183
8.183
8.183
8.183
8.183
8.183
8.183
8.183
8.183
5.423
5.363
3.632
3.537
3.536
3.55
3.553
3.554
3.552
3.566
3.559
3.572
3.563
3.567
3.567
3.575
3.571
3.582
3.579
3.59
3.59
3.605
3.607
3.614
3.616
3.623
3.631
3.639
3.639
3.648
3.648
3.674
3.674
3.667
3.569
3.438
3.372
3.257
3.184
3.19
3.189
3.208
3.211
3.226
3.236
3.251
3.251
3.266
3.276
3.284
3.292
3.315
3.324
3.349
3.349
3.364
3.374
3.397
3.406
3.43
3.44
3.47
3.477
3.511
3.513
3.547
3.555
3.581
3.59
3.624
3.63
3.666
3.673
3.708
3.724
4.411
4.428
4.473
4.491
4.531
4.549
4.599
4.615
4.668
4.684
4.724
4.723
5.007
5.024
5.088
5.103
5.173
5.196
5.265
5.3
5.364
5.393
5.458
5.502
5.482
5.446
5.427
5.478
5.562
5.609
5.68
5.738
5.721
5.686
5.639
5.614
5.57
5.544
5.501
5.475
5.485
5.532
5.623
5.684
5.787
5.837
5.948
6.014
6.14
6.212
6.339
6.413
6.544
6.624
6.779
6.856
7.012
7.068
7.594
7.724
7.916
4.741
4.707
4.699
4.666
4.647
4.612
4.605
4.579
4.573
4.537
4.521
4.505
4.489
4.462
4.453
4.437
4.427
4.402
4.394
4.369
4.361
4.344
4.336
4.32
4.312
4.287
4.289
4.265
-2.83126 12.1371 1.28164
