1 361
5.096
5.17
5.18
5.115
5.1
5.017
4.991
4.92
4.9
4.832
4.815
4.757
4.739
4.677
4.661
4.606
4.591
4.533
4.514
4.466
4.456
4.41
2
1.976
1.976
1.95
1.942
1.925
1.925
1.9
1.899
1.883
1.874
1.865
1.857
1.84
1.84
1.823
1.823
1.805
1.805
1.788
1.788
1.779
1.77
1.763
1.754
1.745
1.745
1.736
1.728
1.719
1.719
1.71
1.703
1.694
1.694
1.685
1.685
1.677
1.669
1.67
1.661
1.66
1.652
1.653
1.644
1.644
1.644
1.637
1.636
1.628
1.628
1.62
1.62
1.62
1.611
1.612
1.604
1.604
1.612
1.605
1.596
1.596
1.596
1.598
1.599
1.594
1.594
1.598
1.591
1.595
1.596
1.593
1.593
1.595
1.595
1.587
1.594
1.591
1.59
1.593
1.601
1.596
1.594
1.6
1.598
1.598
1.598
1.605
1.596
1.605
1.605
1.613
1.613
1.613
1.613
1.621
1.621
1.621
1.621
1.63
1.63
1.638
1.638
1.646
1.646
1.655
1.655
1.663
1.663
1.671
1.671
1.687
1.687
1.696
1.696
1.704
1.716
2.86
2.868
2.885
2.885
2.901
2.896
2.82
2.819
3.469
3.47
3.347
3.33
3.248
3.239
3.155
3.14
3.071
3.06
3.028
3.034
3.066
3.066
3.106
3.105
3.36
3.35
3.278
3.271
3.197
3.189
3.119
3.114
3.128
3.128
3.163
3.163
3.207
3.206
3.248
3.248
3.29
3.311
3.52
3.521
3.479
3.469
3.427
3.428
8.183
8.183
5.116
5.119
5.048
5.042
5.018
5.007
4.912
4.915
4.896
4.895
4.89
4.88
4.873
4.873
4.871
4.875
4.859
4.858
4.864
4.915
5.944
5.966
6.099
6.124
6.257
6.289
6.419
6.457
6.605
6.638
6.793
6.833
5.864
5.878
4.129
4.17
4.099
4.1
4.058
4.057
4.022
4.024
3.998
3.99
3.963
3.955
3.928
3.919
3.894
3.894
3.868
3.867
3.841
3.84
3.824
3.816
3.799
3.798
3.773
3.781
3.756
3.756
3.74
3.74
3.714
3.724
3.699
3.699
3.684
3.683
3.677
3.676
3.669
3.668
3.651
3.661
3.643
3.653
3.646
3.638
3.632
3.642
3.629
3.638
3.632
3.633
3.619
3.619
3.624
3.625
3.618
3.624
3.624
3.623
3.619
3.628
3.625
3.633
3.631
3.638
3.637
3.644
3.643
3.651
3.648
3.648
3.657
3.665
3.664
3.674
3.681
3.681
3.688
3.688
3.697
3.706
3.716
3.723
3.73
3.74
3.749
3.757
3.766
3.773
3.802
3.811
3.819
3.827
3.836
3.845
3.864
3.872
3.89
3.899
3.907
3.924
3.933
3.952
3.97
3.978
4.003
4.011
4.028
4.037
4.063
4.07
4.096
4.106
4.139
4.155
4.18
4.199
4.222
4.238
4.271
4.28
4.312
4.337
4.37
4.388
4.423
4.44
4.475
4.493
4.536
4.552
4.593
4.612
4.656
4.683
4.727
4.746
2.01646 -1.40507 0.873651
