1 361
1.874
1.908
1.943
1.983
2.016
2.059
2.104
2.147
2.188
2.243
2.293
2.334
2.398
2.456
2.522
2.578
2.656
2.725
2.808
2.893
2.98
3.068
3.188
3.289
3.417
3.527
3.69
3.811
3.992
4.135
4.355
4.534
4.822
4.834
4.829
4.82
4.812
4.812
4.803
4.802
4.791
4.783
4.783
4.784
4.774
4.775
4.775
4.774
4.773
4.776
4.776
4.769
4.775
4.777
4.776
4.777
4.777
4.052
3.987
3.982
2.6
2.489
2.5
2.547
2.439
2.191
2.071
1.864
4.832
4.837
4.848
4.847
4.863
4.864
4.871
4.881
4.898
4.899
4.917
4.925
4.942
4.944
4.96
4.967
4.986
4.993
5.02
5.028
5.044
5.053
5.077
5.085
5.102
5.11
5.135
5.15
5.176
5.182
4.356
4.658
5.258
5.266
5.293
5.318
5.262
5.273
5.308
5.327
5.35
5.343
5.396
5.402
5.423
5.43
5.446
5.474
5.533
5.545
5.602
5.612
3.054
3.034
3.087
5.695
5.614
5.558
5.475
5.608
5.847
5.855
5.896
5.921
5.98
6.027
6.031
5.97
6.012
6.046
6.111
6.085
6.179
6.722
4.829
6.838
4.708
4.803
7.049
7.101
7.183
7.236
7.328
7.381
7.477
7.54
7.633
7.699
7.808
7.874
6.833
6.676
6.622
6.585
6.541
6.502
6.462
6.415
6.017
5.984
5.916
5.928
5.928
6.109
6.181
5.488
5.186
5.17
5.272
6.032
5.893
5.513
5.428
5.41
5.379
5.358
5.293
5.261
5.237
5.228
5.35
5.425
5.712
5.747
5.855
7.649
7.019
7.104
7.042
7.064
8.183
8.183
8.183
8.183
8.183
8.183
8.183
8.183
8.183
8.183
8.183
8.183
8.171
8.16
8.144
7.992
7.809
7.785
7.77
7.754
7.622
7.989
7.982
7.976
7.977
7.969
7.958
7.95
7.951
7.942
2.225
2.179
1.245
1.16
1.058
1.046
1.014
0.996
0.979
0.972
0.944
0.934
0.922
0.917
0.937
1.013
0.893
0.81
0.789
0.789
0.795
0.786
0.802
0.793
0.793
0.791
0.801
0.792
0.8
0.8
0.807
0.799
0.805
0.805
0.815
0.814
0.814
0.813
0.821
0.819
0.831
0.822
0.83
0.829
0.839
0.829
0.839
0.837
0.847
0.836
0.854
0.844
0.855
0.854
0.861
0.861
0.871
0.868
0.876
0.876
0.887
0.887
0.896
0.895
0.903
0.896
0.91
0.912
0.92
0.92
0.929
0.928
0.937
0.937
0.953
0.951
0.961
0.96
0.977
0.978
0.987
0.985
1
1.001
1.018
1.018
1.025
1.033
1.05
1.05
1.067
1.067
1.084
1.084
1.102
1.1
1.12
1.124
1.1
1.1
1.09
1.082
1.082
1.073
1.064
1.064
1.056
1.056
1.039
1.039
1.03
1.03
1.014
1.022
1.005
1.005
0.987
0.997
0.979
0.979
0.969
0.968
0.953
0.953
0.944
0.943
0.926
0.926
0.946
0.972
1.133
1.124
1.116
3.61244 8.18465 3.18039
