1 361
6.705
6.742
6.769
6.732
6.727
6.732
6.723
6.726
6.726
6.725
6.724
6.728
6.724
6.729
6.734
6.74
6.746
6.752
6.751
6.755
6.759
6.764
6.773
6.783
6.768
6.776
6.789
6.95
6.824
6.834
6.842
6.857
6.872
6.881
6.889
6.914
6.921
6.936
6.956
6.974
6.985
7.011
7.017
7.044
7.062
7.085
7.098
7.298
7.129
7.084
6.897
6.941
6.944
7.049
6.954
6.967
6.196
5.965
5.882
5.735
5.665
5.534
5.47
5.346
5.288
5.174
5.116
5.003
4.965
4.861
4.815
4.725
4.681
4.589
4.544
4.471
4.437
4.33
4.3
4.319
4.344
4.379
4.367
4.276
4.244
4.17
4.138
4.083
4.058
4
3.973
3.928
3.899
3.859
3.832
3.568
3.538
3.522
3.511
3.459
3.453
3.401
3.385
3.353
3.337
3.298
3.282
3.247
3.231
3.198
3.181
3.155
3.139
3.113
3.103
3.078
3.061
3.033
3.025
3
2.989
2.964
2.957
2.928
2.92
2.904
2.894
2.869
2.862
2.841
2.829
2.811
2.804
2.786
2.779
2.762
2.755
2.74
2.738
2.721
2.713
2.696
2.696
2.677
2.678
2.662
2.661
2.644
2.635
2.626
2.626
2.609
2.609
2.592
2.593
2.584
2.584
2.567
2.567
2.537
2.536
2.52
2.522
2.612
2.674
2.656
2.665
2.656
2.657
2.64
2.65
2.641
2.641
2.623
2.633
2.634
2.625
2.626
2.626
2.615
2.615
2.615
2.616
2.609
2.617
2.61
2.614
2.605
2.612
2.613
2.614
2.607
2.614
2.609
2.621
2.608
2.616
2.615
2.624
2.624
2.624
2.623
2.632
2.627
2.585
2.47
2.487
2.488
2.504
2.51
2.517
2.525
2.533
2.533
2.542
2.542
2.552
2.559
2.566
2.566
2.574
2.581
2.591
2.591
2.599
2.608
2.617
2.617
2.633
2.634
2.651
2.651
2.669
2.667
2.683
2.684
2.702
2.711
2.727
2.727
2.744
2.75
2.758
2.766
2.793
2.8
2.811
2.827
2.847
2.85
2.877
2.886
2.901
2.909
2.935
2.946
2.961
2.979
2.996
3.014
3.032
3.05
3.074
3.092
3.118
3.128
3.162
3.18
3.203
3.221
3.253
3.27
3.294
3.317
3.352
3.374
3.402
3.409
3.432
3.644
3.721
3.745
3.781
3.812
3.849
3.885
3.926
3.962
4.003
4.042
4.093
4.134
4.184
4.24
4.209
4.178
4.152
4.163
4.256
4.306
4.362
4.415
4.468
4.532
4.586
4.657
4.718
4.784
4.849
4.922
4.999
5.084
5.158
5.252
5.341
5.44
5.523
5.641
5.728
5.853
5.916
6.479
6.566
6.712
6.848
6.837
6.816
6.916
7.071
7.248
7.232
7.177
7.137
7.085
7.038
6.991
6.954
6.905
6.925
6.977
7.01
7.063
7.096
7.149
7.201
7.242
8.183
8.183
8.183
8.183
8.183
8.183
8.183
8.187
8.183
8.183
8.191
8.183
8.191
8.183
8.183
6.02919 2.70391 0.084561
