1 361
0.716
0.717
0.717
0.725
0.726
0.726
0.725
0.725
0.724
0.724
0.733
0.732
0.739
0.74
0.74
0.739
0.748
0.748
0.748
0.748
0.756
0.756
0.755
0.762
0.763
0.77
0.77
0.777
0.778
0.777
0.786
0.794
0.793
0.802
0.801
0.802
0.811
0.81
0.811
0.818
0.826
0.826
0.834
0.835
0.843
0.841
0.85
0.851
0.86
0.869
0.871
0.877
0.878
0.887
0.894
0.903
0.903
0.912
0.921
0.928
0.937
0.937
0.946
0.955
0.964
0.971
0.98
0.989
0.998
1.005
1.014
1.022
1.03
1.039
1.055
1.063
1.071
1.081
1.097
1.106
1.123
1.132
1.15
1.157
1.175
1.184
1.202
1.211
1.228
1.246
1.264
1.273
1.299
1.317
1.334
1.343
1.368
1.386
1.411
1.428
1.454
1.477
1.504
1.52
1.553
1.568
1.609
1.627
1.668
1.692
1.725
1.76
1.803
1.829
1.88
1.915
1.964
1.996
2.059
2.092
2.165
2.207
2.276
2.326
2.408
2.466
2.557
2.624
2.728
2.795
2.924
3.004
3.143
3.244
3.408
3.519
3.719
3.855
3.976
3.966
3.966
3.956
3.948
3.939
3.939
3.93
3.931
3.93
3.921
3.921
3.922
3.913
3.913
3.913
3.913
3.904
3.913
3.904
3.913
3.904
3.913
3.913
3.921
3.913
3.921
3.922
3.922
3.922
3.931
3.265
3.146
3.195
3.075
2.929
2.548
2.443
2.269
2.165
2.01
1.7
1.656
1.664
1.656
1.655
1.701
1.659
1.58
1.452
1.433
1.431
8.189
4.082
4.098
4.108
4.127
4.137
4.153
4.162
4.18
4.188
4.204
4.212
4.228
4.246
4.269
4.279
4.303
4.313
4.335
4.353
4.369
4.385
4.41
4.427
4.452
4.462
4.496
4.506
3.631
3.63
4.581
4.597
4.627
4.561
4.594
4.611
4.645
4.666
4.663
4.708
4.735
4.753
4.768
4.785
4.833
4.862
4.894
4.925
4.972
4.998
5.1
5.125
5.135
5.096
5.027
5
4.936
4.909
5.054
5.313
5.279
5.251
5.313
5.347
2.471
2.453
2.484
5.506
5.585
5.603
5.548
5.657
6.369
6.417
6.448
5.973
4.312
4.313
6.826
4.301
4.221
4.384
7.188
7.265
7.397
7.467
7.561
7.112
7.064
7.083
7.174
7.54
5.839
5.771
5.746
5.741
5.714
5.83
5.672
5.66
5.624
5.613
5.684
5.679
5.532
8.187
6.747
6.412
5.041
4.944
4.922
4.966
5.179
5.254
4.982
5.006
5.213
5.209
5.192
5.198
5.218
5.23
5.591
5.585
5.049
5.024
4.875
4.834
5.364
8.183
6.224
5.215
5.288
5.365
8.183
5.885
6.048
8.171
8.172
8.163
8.164
7.151
7.239
7.194
7.134
7.122
7.137
7.199
7.469
7.673
7.668
7.381
7.191
7.142
7.104
7.112
7.142
7.305
7.733
7.725
7.723
8.013
8.187
8.187
6.093
6.299
4.365
4.39
4.673
4.716
4.802
3.02193 8.49764 2.21328
