1 361
4.268
4.245
4.24
4.219
4.198
0.364
0.362
0.365
0.366
0.362
0.362
0.364
0.364
0.365
0.364
0.362
0.361
0.362
0.353
0.362
0.354
0.362
0.361
0.353
0.353
0.357
0.353
0.351
0.353
0.352
0.357
0.355
0.353
0.351
0.357
0.353
0.347
0.358
0.348
0.355
0.349
0.361
0.358
0.361
0.352
0.368
0.372
0.364
0.365
0.373
0.37
0.371
0.379
0.379
0.379
0.373
0.378
0.389
0.388
0.391
0.391
0.4
0.4
0.664
0.543
1.462
1.462
8.189
0.473
0.42
0.466
0.403
0.409
0.406
0.408
0.42
0.407
0.428
0.426
0.422
0.427
0.419
0.427
0.425
0.425
0.431
0.424
0.44
0.572
1.718
1.755
1.763
1.762
1.781
1.78
1.79
1.797
1.805
1.814
1.814
1.822
1.84
1.84
1.856
1.865
1.873
1.882
1.89
1.899
1.916
1.915
1.994
2.003
2.021
2.028
2.039
2.054
2.074
2.081
2.099
2.109
2.126
2.136
2.151
2.169
2.189
2.2
2.176
2.176
2.141
2.126
2.142
2.162
2.179
2.196
2.21
2.198
2.169
2.162
2.135
2.129
2.149
2.167
2.22
2.239
2.273
2.288
2.322
2.341
2.381
2.389
2.431
2.446
2.49
2.506
2.555
2.57
2.614
2.64
7.841
7.921
8.06
8.14
8.183
8.183
8.183
8.183
8.183
8.183
8.183
8.183
8.183
8.183
8.183
8.183
8.183
8.183
8.183
5.081
5.053
5.046
5.059
5.136
5.302
5.385
5.56
5.659
5.854
5.961
6.18
6.304
6.558
6.704
6.971
7.122
7.438
7.571
7.56
7.551
7.53
7.531
7.507
7.498
7.489
7.475
7.463
7.447
7.441
7.433
7.415
7.419
7.409
7.401
7.401
7.394
7.384
7.391
7.373
7.379
7.361
7.374
7.364
7.374
7.366
7.365
7.361
7.373
7.374
7.375
7.216
6.429
5.421
4.99
4.431
4.43
4.431
4.44
4.438
4.446
4.444
4.453
4.463
4.47
4.469
4.478
4.485
4.492
4.494
4.5
4.512
4.517
4.526
4.542
4.543
4.552
4.567
4.577
4.587
4.603
4.61
4.627
4.633
4.655
4.614
4.531
4.403
4.334
4.2
4.135
4.025
3.969
3.862
3.82
3.727
3.676
3.588
3.537
3.458
3.411
3.34
3.302
3.237
3.194
3.136
3.101
3.041
3.004
2.951
2.916
2.874
2.838
2.788
2.763
2.72
2.697
2.652
2.636
2.591
2.566
2.534
2.509
2.468
2.452
2.419
2.403
2.37
2.354
2.32
2.304
2.278
2.262
2.235
2.219
2.193
2.183
2.158
2.151
2.123
2.113
2.09
2.081
2.054
2.044
2.027
2.009
1.992
1.985
1.962
1.95
1.935
1.925
1.756
1.707
1.69
1.682
1.657
1.668
1.657
1.658
1.632
1.633
1.65
1.674
1.792
1.785
1.773
1.768
1.752
1.747
1.737
1.735
1.731
1.721
1.714
1.705
1.696
1.687
1.679
1.672
1.672
1.67
-1.87507 13.0048 3.99011
