1 361
0.359
0.351
0.359
0.377
0.368
0.385
0.38
0.393
0.391
0.403
0.407
0.443
0.427
0.48
0.474
0.504
0.5
0.529
0.525
0.554
0.547
0.574
0.573
0.623
0.622
0.65
0.658
0.637
0.636
0.611
0.603
0.606
0.609
0.608
0.602
0.608
0.611
0.603
0.608
0.607
0.605
0.607
0.614
0.603
0.606
0.612
0.616
0.615
0.615
0.621
0.626
0.626
0.632
0.634
0.634
0.631
0.641
8.183
8.183
8.183
8.183
8.183
8.183
8.183
8.183
8.183
8.187
8.187
8.183
8.183
8.183
8.187
8.187
8.187
8.187
8.187
8.187
8.187
8.187
8.191
8.191
8.191
8.183
8.183
8.183
8.183
8.183
8.183
8.183
8.183
8.183
8.183
8.183
8.183
8.183
8.183
8.183
8.154
8.021
7.783
7.66
7.454
7.338
7.141
7.058
6.904
6.919
6.942
6.851
6.681
6.607
6.463
6.09
5.951
5.894
5.765
5.714
5.591
5.54
5.429
5.376
5.275
5.223
5.136
5.087
4.997
4.956
4.871
4.839
4.761
4.724
4.645
4.612
4.535
4.511
4.443
4.416
4.321
4.313
4.353
4.38
4.382
4.354
4.296
4.274
4.218
4.192
4.144
4.129
4.072
4.056
4.012
3.985
3.946
3.937
3.884
3.735
3.624
3.611
3.592
3.583
3.549
3.532
3.497
3.489
3.455
3.439
3.407
3.4
3.366
3.358
3.326
3.327
3.293
3.289
3.26
3.253
3.228
3.219
3.195
3.188
3.159
3.16
3.135
3.134
3.109
3.099
3.082
3.083
3.057
3.056
3.037
3.029
3.015
3.005
2.996
2.987
2.977
2.97
2.951
2.951
2.943
2.934
2.926
2.925
2.908
2.909
2.9
2.9
2.882
2.882
2.874
2.873
2.856
2.854
2.848
2.849
2.839
2.838
2.83
2.831
2.823
2.823
2.802
2.8
2.785
2.79
2.943
2.948
2.938
2.938
2.931
2.932
2.931
2.931
2.932
2.923
2.926
2.931
2.93
2.929
2.922
2.931
2.929
2.93
2.928
2.936
2.936
2.945
2.935
2.945
2.944
2.953
2.954
2.961
2.963
2.971
2.98
2.981
2.988
2.997
2.994
2.99
2.847
2.855
2.855
2.871
2.886
2.895
2.904
2.911
2.914
2.922
2.93
2.938
2.946
2.956
2.965
2.973
2.986
2.992
2.986
2.569
2.383
2.383
2.366
2.366
2.357
2.357
2.349
2.34
2.332
2.332
2.323
2.324
2.315
2.316
2.307
2.307
2.306
2.299
2.298
2.298
2.291
2.291
2.291
2.282
2.282
2.282
2.273
2.274
2.273
2.283
3.52
3.547
3.573
3.591
3.624
3.648
3.675
3.701
3.734
3.769
3.794
3.815
3.84
3.923
4.125
4.151
4.192
4.231
4.282
4.311
4.354
4.397
4.44
4.482
4.533
4.575
4.622
4.601
4.561
4.542
4.597
4.666
4.726
4.781
4.841
4.891
4.96
5.02
5.091
5.147
5.231
5.294
5.379
5.433
5.529
5.604
5.711
5.779
3.69032 8.62416 0.356204
