1 361
2.518
2.542
2.55
2.581
2.58
2.607
2.606
2.648
2.649
2.682
2.682
2.721
2.721
2.753
2.761
2.795
2.802
2.843
2.844
2.896
2.903
2.937
2.956
3.744
3.76
3.811
3.829
3.891
3.908
3.97
3.979
4.019
4.036
4.379
4.395
4.47
4.489
4.578
4.606
4.688
4.714
4.808
4.828
4.856
4.837
4.794
4.783
4.912
4.937
5.051
5.081
5.139
5.134
5.092
5.083
5.042
5.035
5.002
4.985
4.949
4.95
4.947
4.995
5.121
5.181
5.347
5.394
5.577
5.623
5.819
5.883
6.102
6.169
6.402
6.477
6.665
7.054
7.614
7.622
7.595
7.598
8.025
8.183
8.183
8.183
8.183
8.183
4.369
4.361
4.345
4.337
4.32
4.312
4.295
4.288
4.271
4.271
4.254
4.245
4.229
4.229
4.213
4.214
4.197
4.197
4.181
4.18
4.164
4.164
4.157
4.156
4.148
4.149
4.14
4.141
4.133
4.133
4.124
4.123
4.116
4.124
4.116
4.116
4.106
4.116
4.106
4.116
4.107
4.107
4.107
4.115
4.106
4.115
4.116
4.123
4.113
4.137
4.034
3.976
3.757
3.718
3.513
3.471
3.288
3.258
3.098
3.062
2.933
2.914
2.781
2.757
2.642
2.626
2.531
2.514
2.418
2.399
2.315
2.301
2.224
2.216
2.137
2.128
2.058
2.058
1.988
1.989
1.921
1.922
1.862
1.863
1.812
1.805
1.763
1.753
1.706
1.711
1.668
1.66
1.618
1.619
1.578
1.579
1.546
1.545
1.513
1.513
1.479
1.48
1.447
1.447
1.415
1.412
1.389
1.388
1.364
1.365
1.338
1.339
1.315
1.314
1.289
1.296
1.272
1.272
1.245
1.246
1.219
1.229
1.211
1.211
1.193
1.193
1.166
1.176
1.149
1.158
1.098
1.108
1.083
1.091
1.073
1.082
1.06
1.061
1.089
1.098
1.115
1.133
1.149
1.165
1.263
1.268
1.351
1.312
3.535
3.569
3.628
8.183
8.183
8.183
8.183
8.183
8.183
8.183
8.183
8.183
8.183
8.183
6.089
6.088
6.046
6.056
6.241
6.344
6.565
6.663
6.918
7.036
7.322
7.463
7.815
7.979
8.183
8.183
8.183
8.183
8.183
8.183
8.183
8.183
8.183
8.183
8.183
8.183
8.183
8.183
8.183
8.183
8.183
8.183
8.183
8.183
8.183
8.183
8.183
8.183
8.183
8.183
8.183
8.183
8.183
8.183
8.183
6.446
5.393
5.4
5.392
5.4
5.394
5.408
5.399
5.415
5.414
5.423
5.421
5.432
5.431
5.44
5.442
5.458
5.456
5.465
5.475
5.482
5.489
5.5
5.509
5.516
5.534
5.449
5.209
5.087
4.88
4.773
4.592
4.507
4.324
4.233
4.078
4
3.871
3.806
3.677
3.629
3.519
3.462
3.371
3.326
3.238
3.198
3.115
3.07
2.99
2.957
2.887
2.852
2.786
2.752
2.694
2.659
2.284
2.226
2.22
2.201
2.155
2.175
2.207
2.341
2.319
2.294
-1.00419 13.5057 3.34834
