1 361
5.548
5.495
5.457
5.395
5.329
5.286
5.237
5.244
5.038
4.983
4.94
4.906
4.888
4.855
4.834
4.86
5.191
5.166
5.161
5.095
4.922
4.875
4.866
4.758
4.689
4.645
4.626
4.611
4.593
4.676
4.854
5.068
5.183
5.22
4.747
4.116
4.099
4.081
4.065
4.048
4.029
4.02
4.004
3.987
3.978
3.96
3.951
3.935
3.924
3.907
3.9
3.884
3.875
3.867
3.851
3.851
3.841
3.826
3.816
3.818
3.8
3.8
3.791
3.783
3.774
3.765
3.757
3.748
3.751
3.747
3.74
3.734
3.732
3.723
3.724
3.715
3.716
3.716
3.709
3.709
3.709
3.711
3.712
3.704
3.707
3.705
3.7
3.698
3.702
3.706
3.71
3.704
3.71
3.71
3.71
3.71
3.716
3.718
3.721
3.721
3.729
3.729
3.729
3.738
3.736
3.744
3.753
3.753
3.761
3.769
3.776
3.784
3.784
3.855
4.975
4.994
5
5.019
5.026
5.043
5.051
5.058
5.075
5.085
5.109
5.118
5.133
5.15
5.166
5.183
5.199
5.216
5.239
5.258
5.274
5.299
5.318
5.344
5.362
5.386
5.403
5.428
5.454
5.469
5.504
5.529
5.556
5.582
5.609
5.634
5.669
5.697
5.724
5.759
5.786
5.82
5.854
5.897
5.93
5.963
5.995
6.038
6.079
6.12
6.163
6.208
6.247
6.167
6.099
6.033
5.977
5.921
5.862
5.805
5.758
3
2.982
2.957
2.94
2.904
2.886
2.86
2.836
2.818
2.802
2.778
2.762
2.735
2.72
2.701
2.684
2.677
2.65
2.633
2.615
2.598
2.59
2.572
2.557
2.54
2.524
2.516
2.499
2.49
2.475
2.457
2.45
2.441
2.433
2.416
2.408
2.399
2.391
2.374
2.365
2.357
2.348
2.339
2.331
2.323
2.314
2.306
2.297
2.29
2.281
2.272
2.271
2.263
2.254
2.254
2.246
2.237
2.236
2.219
2.219
2.219
2.21
2.21
2.201
2.2
2.192
2.192
2.192
2.183
2.183
2.183
2.174
2.174
2.168
2.824
2.826
2.85
2.918
2.964
3.047
3.416
3.411
3.424
3.402
3.422
3.49
3.723
3.972
3.972
3.745
3.963
3.946
3.938
3.447
3.213
3.211
3.205
3.214
3.213
3.156
3.232
3.738
3.902
3.63
3.349
3.275
3.239
3.242
3.635
3.487
3.353
3.231
3.222
3.227
3.234
3.24
3.254
3.266
3.839
3.716
3.591
3.468
3.361
3.263
3.176
3.171
3.189
3.189
3.206
3.206
3.223
3.232
3.241
3.249
3.266
3.274
3.616
3.574
3.522
3.481
3.439
3.402
3.359
3.316
3.353
7.904
7.937
7.972
8.018
8.04
8.084
8.118
8.161
8.183
8.183
8.183
8.183
8.183
8.183
4.928
4.863
4.839
4.795
4.706
4.688
4.67
4.651
4.633
4.619
4.604
4.587
4.577
4.561
4.553
4.535
4.53
5.25
5.339
5.381
5.424
5.468
5.509
5.562
5.605
5.657
5.703
12.3003 6.0885 0.94918
