1 361
4.908
4.94
4.95
4.983
4.992
5.035
5.043
5.084
5.092
5.133
5.14
5.19
5.198
5.247
5.256
5.306
5.316
5.369
5.386
5.434
5.451
5.51
5.52
5.579
5.597
5.658
5.677
5.746
5.756
5.833
5.851
5.918
5.935
6.016
6.032
6.115
6.141
6.218
6.243
6.337
6.363
6.456
6.483
6.572
6.597
6.68
6.668
6.593
6.567
6.496
6.477
5.686
5.608
5.499
5.47
5.399
5.381
5.386
5.428
5.508
5.45
5.284
5.255
5.154
5.173
5.251
5.155
5.111
5.107
5.095
5.122
5.294
5.261
5.652
5.653
5.603
5.27
5.006
4.989
4.949
4.94
4.919
4.91
4.908
4.931
5.13
4.812
4.74
4.732
4.131
4.121
4.114
4.104
4.09
4.08
4.063
4.063
4.046
4.038
4.02
4.02
4.011
4.011
3.995
3.986
3.98
3.979
3.971
3.962
3.954
3.953
3.945
3.944
3.936
3.936
3.928
3.928
3.919
3.919
3.919
3.919
3.91
3.918
3.91
3.919
3.908
3.909
3.91
3.909
3.909
3.918
3.919
3.919
3.919
3.918
3.926
3.935
3.939
3.935
3.937
3.945
3.948
3.952
3.956
3.958
3.968
3.97
3.981
3.978
3.988
3.994
4.005
4.011
4.022
4.02
4.034
4.042
4.048
4.059
4.067
4.075
4.099
4.098
4.113
4.116
5.345
5.363
5.38
5.397
5.413
5.423
5.457
5.465
5.492
5.499
5.533
5.55
5.577
5.593
5.629
5.646
5.672
5.69
5.727
5.742
5.777
5.796
5.838
5.847
5.897
5.914
5.958
5.973
6.023
6.04
6.089
6.114
6.165
6.191
6.244
6.269
6.319
6.346
6.405
6.43
6.491
6.518
6.588
6.614
6.686
6.701
6.613
6.574
6.478
6.451
6.358
6.33
6.249
6.226
6.144
6.127
3.493
3.483
3.441
3.425
3.393
3.376
3.335
3.335
3.296
3.287
3.254
3.245
3.212
3.201
3.178
3.17
3.144
3.136
3.101
3.1
3.074
3.065
3.038
3.038
3.012
3.002
2.978
2.976
2.96
2.951
2.925
2.925
2.909
2.9
2.883
2.883
2.857
2.857
2.84
2.84
2.815
2.814
2.798
2.798
2.781
2.782
2.763
2.763
2.747
2.748
2.739
2.739
2.722
2.73
2.714
2.713
2.695
2.704
2.686
2.686
2.678
2.686
3.345
3.351
3.383
3.379
3.452
3.501
3.894
3.898
3.888
3.875
3.852
3.879
4.035
4.433
4.421
4.335
4.38
4.382
3.819
3.697
3.692
3.687
3.684
3.638
3.699
3.887
3.898
3.827
3.704
3.694
3.678
4.158
4.017
3.88
3.661
3.659
3.671
3.678
3.681
3.698
4.122
4.35
4.064
3.943
3.686
3.596
3.589
3.598
3.607
3.606
3.616
3.624
3.634
3.642
3.65
3.659
4.054
4.019
3.925
3.881
3.795
3.766
3.683
3.682
8.05
8.079
8.112
8.128
8.163
8.183
8.183
8.183
8.183
8.183
8.183
8.183
8.183
8.183
11.9858 5.75357 0.629628
