1 361
1.991
2.026
2.035
2.069
2.078
2.122
2.122
2.166
2.176
2.22
2.229
2.281
2.281
2.339
2.347
2.405
2.414
2.471
2.486
2.552
2.559
2.625
2.641
2.711
2.719
2.802
2.818
2.904
2.913
3.008
3.016
3.122
3.138
3.247
3.272
3.385
3.409
3.538
3.566
3.65
3.649
3.631
3.623
3.614
3.605
3.588
3.579
3.57
3.562
3.554
3.545
3.535
3.533
1.177
1.172
1.17
1.169
1.199
3.491
1.119
1.118
1.21
1.22
3.468
3.459
3.457
1.618
1.96
2.713
2.177
2.255
2.646
2.795
3.436
3.436
3.434
3.434
3.434
3.434
3.435
3.435
3.435
3.435
3.435
3.435
3.443
3.435
3.443
3.444
3.453
3.452
3.46
3.46
3.469
3.468
3.476
3.476
3.485
3.485
3.493
3.493
3.502
3.502
3.52
3.52
3.537
3.528
3.546
3.546
3.564
3.564
3.58
3.58
3.598
3.598
3.625
3.625
3.65
3.641
3.666
3.667
3.692
3.692
3.718
3.718
3.743
3.751
3.777
3.777
2.941
2.922
3.821
3.839
3.875
3.874
3.909
3.909
3.859
3.867
3.898
3.899
3.933
3.94
3.931
3.934
3.997
4.002
4.026
4.025
4.049
4.049
4.103
4.109
4.161
4.17
4.228
4.236
4.32
4.336
4.396
4.397
4.367
4.347
4.28
4.272
4.188
4.18
4.132
4.253
4.551
4.56
4.646
4.653
1.73
1.719
1.719
1.725
4.715
4.731
4.823
4.834
4.82
4.809
5.543
5.579
5.695
5.713
5.229
5.121
5.96
5.984
6.114
6.141
3.504
3.497
6.449
6.475
6.633
6.668
6.826
6.859
6.366
6.37
5.58
5.569
5.524
5.519
5.472
5.465
5.425
5.414
5.373
5.367
5.075
4.984
4.949
4.951
4.914
4.896
5.052
5.107
5.175
5.179
5.152
5.143
5.115
5.119
4.245
4.24
4.261
4.266
5.021
4.812
4.552
4.553
4.535
4.527
4.494
4.497
4.455
4.441
4.409
4.419
4.498
4.55
5.025
6.448
7.601
7.6
7.594
7.593
7.575
7.575
7.567
7.566
7.558
7.566
7.559
7.558
7.558
7.559
7.257
7.254
7.233
7.236
7.239
7.269
7.464
7.492
7.5
7.5
7.508
7.508
7.517
7.517
7.534
7.533
7.55
7.549
7.562
7.569
7.444
7.695
7.712
7.72
7.746
7.754
7.779
7.786
6.997
6.86
6.54
6.327
5.96
5.761
5.637
5.643
5.668
5.677
5.407
5.252
4.788
4.752
4.723
4.731
4.748
4.757
4.775
4.784
3.715
3.914
3.627
3.624
3.521
3.495
3.459
3.423
3.325
3.301
3.203
3.178
3.088
3.073
3.012
3.004
2.864
2.846
2.292
2.282
2.211
2.209
2.171
2.169
2.135
2.135
2.12
2.119
2.104
2.098
2.088
2.095
2.076
2.079
2.319
2.465
2.425
2.417
2.378
2.377
2.335
2.329
2.302
2.287
2.195
2.139
2.074
2.048
1.967
1.95
1.914
1.903
2.48928 9.05625 3.07847
