1 361
5.561
5.515
5.467
5.406
5.34
5.296
5.248
5.244
5.035
4.992
4.936
4.915
4.887
4.862
4.832
4.85
5.192
5.167
5.156
5.179
4.935
4.885
4.865
4.804
4.721
4.671
4.654
4.633
4.624
4.684
4.818
5.033
5.165
5.212
4.748
4.127
4.101
4.083
4.065
4.057
4.04
4.023
4.004
3.988
3.979
3.962
3.952
3.936
3.927
3.91
3.901
3.895
3.878
3.869
3.861
3.852
3.844
3.827
3.818
3.81
3.8
3.802
3.793
3.784
3.777
3.767
3.76
3.751
3.758
3.741
3.743
3.736
3.724
3.726
3.726
3.726
3.717
3.716
3.71
3.713
3.713
3.714
3.712
3.711
3.706
3.708
3.701
3.707
3.709
3.708
3.706
3.713
3.712
3.712
3.714
3.721
3.72
3.722
3.731
3.723
3.731
3.74
3.74
3.738
3.748
3.746
3.754
3.754
3.764
3.772
3.78
3.785
3.786
3.823
4.977
4.996
5.004
5.011
5.03
5.036
5.053
5.07
5.078
5.093
5.101
5.12
5.134
5.151
5.159
5.184
5.201
5.217
5.242
5.258
5.275
5.294
5.319
5.336
5.363
5.379
5.406
5.421
5.455
5.473
5.498
5.532
5.558
5.583
5.609
5.636
5.663
5.7
5.726
5.76
5.787
5.822
5.856
5.89
5.922
5.966
5.998
6.039
6.08
6.121
6.155
6.198
6.236
6.174
6.107
6.051
5.984
5.928
5.869
5.809
5.758
3.008
2.992
2.965
2.941
2.914
2.898
2.873
2.846
2.822
2.806
2.78
2.765
2.746
2.731
2.713
2.687
2.679
2.661
2.643
2.617
2.609
2.591
2.575
2.567
2.551
2.535
2.518
2.501
2.493
2.485
2.469
2.452
2.443
2.435
2.427
2.41
2.401
2.393
2.384
2.367
2.359
2.35
2.341
2.333
2.325
2.317
2.308
2.299
2.292
2.283
2.283
2.274
2.265
2.265
2.256
2.248
2.239
2.239
2.23
2.221
2.221
2.221
2.212
2.203
2.203
2.194
2.194
2.194
2.185
2.185
2.176
2.176
2.176
2.178
2.841
2.86
2.885
2.956
2.995
3.087
3.418
3.428
3.435
3.419
3.467
3.549
3.835
3.983
3.974
3.77
3.956
3.974
3.966
3.476
3.22
3.221
3.216
3.217
3.218
3.158
3.225
3.747
3.931
3.903
3.435
3.29
3.249
3.251
3.663
3.505
3.372
3.237
3.225
3.229
3.236
3.242
3.25
3.271
3.85
3.727
3.592
3.478
3.371
3.274
3.182
3.173
3.191
3.2
3.208
3.208
3.225
3.234
3.243
3.26
3.268
3.276
3.625
3.576
3.532
3.489
3.447
3.404
3.357
3.323
3.335
7.902
7.937
7.973
8.008
8.043
8.078
8.12
8.151
8.183
8.183
8.183
8.183
8.183
8.183
4.927
4.87
4.842
4.805
4.705
4.687
4.668
4.659
4.637
4.621
4.612
4.584
4.579
4.56
4.556
4.545
4.53
4.706
5.341
5.374
5.419
5.461
5.513
5.563
5.606
5.66
5.704
12.2949 6.08091 0.937608
