1 361
6.077
6.099
6.125
6.142
6.167
6.194
6.219
6.245
6.273
6.29
6.322
5.556
5.428
5.356
5.278
5.177
5.105
4.954
4.875
4.641
4.544
4.472
4.425
4.386
4.354
4.628
4.747
4.75
4.694
4.477
4.1
3.99
3.933
3.891
3.859
3.831
3.843
4.027
3.443
3.394
3.359
3.327
3.294
3.269
3.235
3.202
3.177
3.151
3.126
3.099
3.074
3.048
3.023
2.999
2.983
2.956
2.929
2.92
2.894
2.868
2.853
2.836
2.812
2.796
2.779
2.762
2.745
2.728
2.71
2.701
2.684
2.667
2.655
2.647
2.631
2.614
2.605
2.589
2.58
2.565
2.56
2.547
2.527
2.526
2.512
2.503
2.492
2.479
2.475
2.465
2.453
2.446
2.443
2.435
2.423
2.418
2.408
2.404
2.398
2.39
2.38
2.38
2.373
2.364
2.355
2.354
2.345
2.335
2.334
2.331
2.327
2.319
2.319
2.31
2.317
2.311
2.31
2.303
2.303
2.293
2.288
2.291
2.286
2.285
2.273
2.277
2.272
2.269
2.269
2.268
2.268
2.268
2.268
2.261
2.262
2.262
2.261
2.262
2.262
2.261
2.346
3.407
3.407
3.407
3.418
3.416
3.416
3.416
3.424
3.432
3.432
3.434
3.443
3.441
3.449
3.458
3.458
3.466
3.474
3.483
3.483
3.49
3.5
3.509
3.509
3.517
3.526
3.535
3.544
3.561
3.561
3.579
3.578
3.596
3.604
3.614
3.622
3.64
3.647
3.665
3.674
3.69
3.707
3.716
3.723
3.75
3.766
3.784
3.792
3.81
3.828
3.844
3.862
3.881
3.898
3.916
3.934
3.951
3.978
3.995
4.014
4.039
4.056
4.082
4.107
4.134
4.157
4.181
4.205
4.231
4.254
4.287
4.311
4.353
4.377
4.412
4.438
4.473
4.498
4.531
4.574
4.608
4.643
4.639
4.588
4.543
4.504
4.462
4.423
4.393
4.351
4.319
4.285
4.255
4.216
4.188
4.164
4.132
4.095
4.082
4.05
4.032
3.999
3.974
3.948
3.922
3.896
3.87
3.852
3.825
3.811
3.783
3.766
3.743
3.732
3.707
3.692
3.668
1.516
1.507
1.499
1.491
1.481
1.481
1.474
1.464
1.465
1.457
1.448
1.448
1.439
1.431
1.422
1.422
1.422
1.413
1.413
1.413
1.405
1.405
1.396
1.396
1.387
1.387
1.387
1.379
1.379
1.379
1.37
1.37
1.37
1.37
1.361
1.361
1.361
1.361
1.354
1.354
1.354
1.354
1.354
1.346
1.348
1.35
1.343
1.344
1.347
1.342
1.344
1.347
1.35
1.351
1.343
1.343
1.342
1.349
1.347
1.344
1.34
1.347
1.345
1.35
1.348
1.348
1.346
1.345
1.354
1.352
1.352
1.352
1.352
1.361
1.361
1.361
1.37
1.37
1.37
1.37
1.37
1.379
1.379
1.387
1.387
1.387
1.396
1.396
1.405
1.405
1.405
1.413
1.413
1.422
1.422
1.422
1.431
1.439
1.439
1.448
1.448
1.457
1.465
13.5495 7.38134 0.519253
