1 361
1.276
1.285
1.285
1.293
1.285
1.293
1.293
1.303
1.293
1.311
1.301
1.311
1.311
1.319
1.318
1.327
1.327
1.335
1.327
1.336
1.336
1.344
1.345
1.362
1.353
1.371
1.362
1.379
1.371
1.388
1.379
1.398
1.389
1.405
1.405
1.423
1.423
1.431
1.431
1.447
1.439
1.465
1.456
1.473
1.472
1.49
1.489
1.507
1.506
1.524
1.524
1.539
1.54
1.556
1.557
1.581
1.573
1.598
1.598
1.623
1.615
1.64
1.647
1.665
1.665
1.69
1.69
1.714
1.715
1.749
1.749
1.774
1.774
1.808
1.807
1.832
1.833
1.87
1.868
1.902
1.911
1.945
1.946
1.988
1.987
2.021
2.03
2.067
2.066
2.109
2.117
2.157
2.168
2.214
2.222
2.273
2.281
2.332
2.34
2.39
2.398
2.455
2.463
2.529
2.538
2.604
2.621
2.699
2.708
2.784
2.809
4.315
4.315
4.276
4.275
4.243
4.242
4.209
4.21
4.186
4.187
4.154
4.155
4.129
4.129
4.103
4.102
4.076
4.078
4.051
4.059
4.033
4.034
4.017
4.017
4
3.999
3.982
3.982
3.972
3.963
3.946
3.955
3.919
3.682
3.908
3.857
3.554
3.133
2.86
2.86
2.861
2.861
2.853
2.861
2.845
2.854
2.845
2.854
2.839
2.847
2.841
2.849
2.841
2.841
2.841
2.848
2.837
2.846
2.846
2.854
2.845
2.853
2.853
2.862
2.861
2.87
2.869
2.87
2.869
2.877
2.877
2.886
2.895
2.895
2.904
2.912
2.912
2.92
2.921
2.929
2.938
2.938
2.947
2.955
2.964
2.964
2.982
2.982
3.001
3.008
3.008
3.018
3.035
3.045
3.044
3.062
3.07
3.078
3.095
3.105
3.122
3.131
3.14
3.153
3.17
3.179
4.333
4.35
4.374
4.393
4.417
4.434
4.46
4.478
4.504
4.523
4.545
4.571
4.596
4.62
4.647
4.672
4.707
4.722
4.768
4.785
4.821
4.847
4.889
4.909
4.96
4.975
5.027
5.043
5.092
5.118
5.174
5.199
5.256
5.283
5.344
5.37
5.439
5.462
5.531
5.566
5.635
5.662
5.743
5.777
5.854
5.889
5.98
6.004
6.104
6.137
6.232
6.276
6.376
6.427
6.53
6.574
6.687
6.73
6.854
6.903
7.027
7.078
7.215
7.265
7.354
7.334
7.266
7.265
7.206
7.19
7.14
7.129
6.455
6.342
6.279
6.265
6.214
6.202
6.21
6.338
6.617
6.835
6.213
6.165
6.609
6.618
6.029
6.026
6.001
6.001
6.239
6.211
6.583
6.527
6.54
6.139
5.966
5.963
5.933
5.93
5.914
5.91
6.023
6.315
5.8
5.799
5.771
5.777
5.333
5.208
5.191
5.192
5.175
5.183
5.168
5.167
5.152
5.152
5.143
5.151
5.143
5.143
5.139
5.137
5.129
5.138
5.131
5.13
5.13
5.137
5.131
5.138
5.137
5.146
5.145
5.149
5.156
5.157
5.163
5.164
5.17
5.177
5.188
5.198
11.1669 6.12359 4.89581
