1 361
5.559
5.505
5.467
5.401
5.331
5.288
5.249
5.244
5.036
4.991
4.94
4.919
4.891
4.863
4.834
4.85
5.201
5.168
5.149
5.181
4.936
4.885
4.866
4.806
4.719
4.67
4.635
4.63
4.611
4.683
4.833
5.033
5.163
5.204
4.75
4.125
4.1
4.082
4.065
4.048
4.03
4.021
4.004
3.987
3.978
3.961
3.942
3.935
3.925
3.908
3.9
3.895
3.876
3.867
3.85
3.84
3.834
3.826
3.817
3.809
3.808
3.8
3.791
3.783
3.775
3.775
3.758
3.749
3.747
3.747
3.742
3.736
3.73
3.724
3.723
3.717
3.717
3.716
3.709
3.711
3.711
3.71
3.711
3.71
3.705
3.714
3.712
3.708
3.71
3.706
3.703
3.702
3.711
3.709
3.712
3.711
3.717
3.719
3.721
3.729
3.728
3.738
3.729
3.738
3.737
3.745
3.755
3.752
3.762
3.769
3.777
3.785
3.785
3.823
4.976
4.995
5.001
5.011
5.026
5.036
5.051
5.068
5.075
5.085
5.1
5.118
5.134
5.15
5.167
5.183
5.2
5.226
5.233
5.25
5.274
5.301
5.318
5.344
5.362
5.378
5.404
5.429
5.445
5.472
5.497
5.523
5.548
5.584
5.599
5.636
5.662
5.688
5.725
5.76
5.785
5.82
5.855
5.889
5.922
5.964
5.997
6.04
6.081
6.121
6.154
6.208
6.234
6.185
6.108
6.045
5.985
5.918
5.87
5.812
5.761
3.007
2.991
2.955
2.94
2.913
2.898
2.87
2.845
2.821
2.804
2.779
2.762
2.746
2.729
2.71
2.693
2.677
2.658
2.633
2.624
2.606
2.59
2.582
2.557
2.54
2.532
2.516
2.499
2.491
2.482
2.467
2.45
2.441
2.433
2.425
2.408
2.399
2.391
2.382
2.365
2.358
2.348
2.339
2.332
2.323
2.315
2.306
2.297
2.29
2.29
2.281
2.272
2.263
2.254
2.254
2.246
2.237
2.237
2.228
2.219
2.219
2.219
2.21
2.21
2.201
2.201
2.192
2.192
2.183
2.183
2.174
2.174
2.175
2.174
2.841
2.859
2.892
2.951
3.003
3.093
3.417
3.421
3.434
3.423
3.453
3.538
3.84
3.982
3.972
3.768
3.954
3.972
3.963
3.465
3.22
3.22
3.214
3.215
3.223
3.166
3.224
3.745
3.929
3.909
3.446
3.299
3.256
3.26
3.665
3.494
3.369
3.235
3.223
3.228
3.234
3.238
3.246
3.269
3.849
3.725
3.601
3.476
3.369
3.262
3.181
3.18
3.189
3.189
3.206
3.206
3.223
3.231
3.241
3.249
3.266
3.274
3.623
3.583
3.531
3.481
3.449
3.407
3.366
3.322
3.336
7.903
7.936
7.976
8.007
8.042
8.088
8.125
8.161
8.183
8.183
8.183
8.183
8.183
8.183
4.934
4.873
4.84
4.805
4.703
4.688
4.671
4.655
4.637
4.622
4.614
4.593
4.576
4.563
4.553
4.547
4.531
4.713
5.339
5.375
5.416
5.458
5.51
5.562
5.606
5.659
5.702
12.2949 6.08091 0.937608
