1 361
2.613
2.571
2.557
2.515
2.506
2.464
2.456
2.422
2.408
2.381
2.364
2.33
2.329
2.296
2.286
2.253
2.247
2.229
2.218
2.191
2.191
2.132
2.131
2.106
2.091
2.124
2.132
2.169
2.178
2.218
2.208
2.189
2.179
2.163
2.152
2.126
2.126
2.109
2.11
2.09
2.082
2.074
2.064
2.047
2.047
2.031
2.029
2.012
2.012
1.995
1.994
1.977
1.978
1.961
1.962
1.945
1.944
1.936
1.927
1.91
1.919
1.903
1.903
1.895
1.895
1.886
1.886
1.879
1.871
1.869
1.861
1.854
1.852
1.843
1.824
1.682
1.681
1.673
1.672
1.686
1.685
1.685
1.685
1.677
1.677
1.677
1.677
1.67
1.677
1.67
1.67
1.665
1.661
1.659
1.662
1.661
1.664
1.666
1.663
1.658
1.658
1.65
1.65
1.658
1.658
1.663
1.668
1.66
1.666
1.661
1.667
1.664
1.655
1.67
1.661
1.67
1.67
1.678
1.677
1.674
1.678
1.685
1.685
1.685
1.694
1.694
1.694
1.694
1.703
1.703
1.711
1.711
1.72
1.72
1.728
1.729
1.737
1.737
1.746
1.746
1.755
1.764
1.764
1.771
1.781
1.782
1.789
1.798
1.807
1.806
1.816
1.824
1.832
1.841
1.85
1.85
1.858
1.865
1.874
1.884
1.892
1.909
1.917
1.927
1.934
1.943
1.951
1.97
1.976
1.994
2.002
2.011
2.02
2.038
2.046
2.064
2.074
2.091
2.107
2.115
2.134
2.144
2.161
2.179
2.196
2.215
2.222
2.246
2.264
2.281
2.299
2.312
2.308
2.334
2.351
2.601
2.618
2.653
2.67
2.705
2.722
2.764
2.78
2.822
2.838
2.882
2.899
2.943
2.968
3.011
3.036
3.086
3.121
3.153
3.144
3.11
3.118
3.083
3.083
3.141
3.197
3.256
3.292
3.355
3.388
3.462
3.505
3.582
3.614
3.697
3.749
3.839
3.886
3.983
4.03
4.137
4.193
4.316
4.374
4.502
4.565
4.721
4.799
4.909
5.079
5.659
5.768
5.876
5.869
5.841
5.904
6.217
6.317
6.276
6.26
6.205
6.189
6.129
6.12
6.061
6.053
6.003
6.007
6.065
6.098
6.16
6.194
6.246
6.289
6.357
6.385
8.191
8.183
8.187
8.183
8.187
8.191
8.191
8.191
8.183
8.183
8.183
8.183
8.183
8.183
8.183
8.183
8.183
8.183
8.183
8.183
8.183
8.183
8.187
8.183
8.183
8.183
8.183
8.183
8.183
8.183
7.911
7.663
7.181
6.969
6.565
6.278
6.258
6.276
6.257
6.097
4.232
4.199
4.155
4.136
4.125
4.12
4.113
4.119
4.131
4.079
3.934
3.876
3.753
3.691
3.583
3.534
3.438
3.38
3.307
3.26
3.176
3.135
3.066
3.031
2.962
2.92
2.858
2.824
2.766
2.729
2.673
2.637
2.585
2.546
2.493
2.45
2.382
2.348
2.3
2.259
2.204
2.168
2.12
2.093
2.064
2.037
2.004
1.982
1.958
1.935
7.02088 3.24007 0.954651
