1 361
1.097
1.071
1.055
1.022
1.014
0.989
0.98
0.944
0.946
0.914
0.915
0.889
0.88
0.862
0.863
0.836
0.828
0.811
0.802
0.747
0.747
0.721
0.721
0.706
0.706
0.688
0.688
0.698
0.696
0.705
0.705
0.714
0.713
0.722
0.73
0.737
0.738
0.746
0.755
0.754
0.762
0.771
0.778
0.769
0.79
0.82
0.867
2.606
2.558
0.886
0.868
0.873
0.872
0.889
0.884
0.883
0.885
0.876
0.889
0.984
1.045
1.14
1.251
1.713
2.347
2.332
2.369
2.374
2.404
2.413
2.453
2.454
2.503
2.55
2.735
3.229
3.292
3.331
3.404
3.442
3.513
3.543
3.623
3.688
3.859
3.875
3.865
3.791
3.434
3.426
3.469
3.505
3.565
3.603
5.28
5.285
5.686
6.173
6.161
6.145
6.129
6.112
6.187
6.321
2.159
2.201
2.273
2.329
2.406
2.46
2.571
2.622
2.764
2.83
2.986
3.073
3.264
3.378
3.646
3.804
4.126
4.318
4.747
4.983
5.662
6.012
6.852
7.333
8.183
8.183
8.183
8.183
8.183
8.183
8.183
8.183
8.183
8.183
8.183
8.183
8.183
8.183
8.183
8.183
8.183
8.183
8.183
8.183
8.183
8.183
8.183
8.183
8.183
8.183
8.183
8.183
8.183
8.183
8.183
8.183
8.183
8.183
8.183
8.183
8.183
8.183
8.183
8.183
8.183
8.183
8.183
8.183
8.183
8.183
8.183
8.183
8.183
8.183
8.183
8.183
8.183
8.183
8.183
8.183
1.61
1.652
1.629
1.613
1.588
1.572
1.547
1.541
1.514
1.507
1.489
1.473
1.456
1.448
1.422
1.414
1.398
1.389
1.373
1.363
1.355
1.338
1.329
1.32
1.312
1.302
1.284
1.286
1.268
1.26
1.249
1.241
1.233
1.223
1.223
1.205
1.206
1.198
1.188
1.188
1.172
1.17
1.153
1.153
1.145
1.136
1.136
1.127
1.128
1.118
1.109
1.108
1.1
1.101
1.093
1.092
1.082
1.075
1.075
1.066
1.104
1.096
1.101
1.101
1.174
1.165
1.114
1.104
1.079
1.079
1.045
1.037
1.036
1.028
1.022
1.022
1.013
1.013
1.005
1.005
0.996
0.996
0.996
0.987
0.988
0.982
1.013
1.014
1.094
1.085
1.147
1.147
1.199
1.198
1.261
1.26
1.319
1.329
1.393
1.4
1.48
1.489
1.576
1.582
1.682
1.687
1.795
1.815
1.957
1.978
2.132
2.162
2.336
2.369
2.59
2.614
2.911
2.977
3.322
3.401
3.808
3.966
4.6
4.876
5.486
6.897
7
7.041
7.06
7.028
7.022
7.02
7.021
7.022
7.02
7.02
7.023
7.023
7.027
7.034
7.041
7.04
7.052
7.047
7.053
7.058
7.075
7.072
7.096
7.09
7.081
7.187
7.179
7.136
7.142
7.157
7.174
7.183
7.201
7.211
7.225
7.244
7.259
7.266
7.295
7.308
7.337
7.35
7.373
7.386
7.419
8.191
7.449
7.423
7.217
7.235
7.284
10.8408 12.3582 4.93185
