1 361
2.223
2.223
2.223
2.232
2.232
2.24
2.24
2.249
2.257
2.256
2.265
2.265
2.274
2.274
2.283
2.29
2.298
2.307
2.314
2.314
2.323
2.332
2.34
2.34
2.348
2.33
2.339
2.349
2.359
8.183
8.183
8.183
8.183
8.183
8.183
8.183
8.183
8.183
8.183
8.183
8.183
8.183
8.183
8.183
8.183
8.183
8.183
8.183
3.925
3.886
3.854
3.828
3.794
3.772
3.736
3.702
3.669
3.655
3.622
3.595
3.569
3.543
3.519
3.493
3.477
3.45
3.434
3.406
3.394
3.368
3.386
3.399
3.361
3.31
3.279
3.255
3.233
3.245
3.295
3.322
3.37
3.392
3.443
3.457
3.517
3.544
3.6
3.62
3.681
3.706
3.775
3.8
3.871
3.897
3.971
4.007
4.075
4.111
4.196
4.229
4.316
4.365
4.446
4.496
4.589
4.637
4.741
4.795
4.903
4.96
5.087
5.144
5.278
5.344
5.494
5.56
5.713
5.797
5.973
6.072
6.249
6.353
6.559
6.667
6.9
7.024
7.247
7.874
8.183
8.183
8.183
8.183
8.183
8.183
8.183
8.187
8.187
8.183
8.187
8.183
8.183
8.183
8.187
8.187
8.183
8.183
8.191
8.187
8.187
8.183
8.183
8.183
8.183
8.183
8.183
8.187
8.183
8.187
8.183
8.183
8.183
8.183
8.183
8.183
8.187
8.187
8.187
8.187
8.187
8.187
8.187
8.183
8.183
8.183
6.956
6.679
6.061
5.776
5.365
5.364
5.377
5.357
4.372
4.217
3.952
3.852
3.639
3.551
3.383
3.307
3.155
3.084
2.955
2.894
2.785
2.741
2.648
2.561
2.491
2.491
2.5
2.5
2.516
2.515
2.543
2.52
2.438
2.401
2.346
2.314
2.256
2.234
2.18
2.155
2.102
2.084
2.03
2.013
1.648
1.622
1.599
1.581
1.576
1.566
1.532
1.523
1.491
1.483
1.45
1.445
1.416
1.41
1.383
1.374
1.348
1.35
1.322
1.314
1.297
1.288
1.262
1.261
1.245
1.234
1.217
1.21
1.193
1.193
1.175
1.166
1.158
1.151
1.132
1.122
1.116
1.108
1.092
1.092
1.075
1.074
1.057
1.058
1.042
1.042
1.034
1.026
1.017
1.018
1.003
1.003
0.992
0.992
0.984
0.976
0.968
0.968
0.958
0.959
0.95
0.95
0.941
0.933
0.933
0.933
0.925
0.915
0.916
0.907
0.907
0.906
0.898
0.898
0.89
0.89
0.881
0.881
0.872
0.872
0.872
0.872
0.863
0.864
0.854
0.854
0.855
0.855
0.847
0.847
0.847
0.847
0.838
0.838
0.838
0.838
0.83
0.829
0.829
0.829
0.822
0.821
0.822
0.822
0.822
0.822
0.822
0.813
0.813
0.813
0.813
0.814
0.813
0.815
0.806
0.808
0.805
0.809
0.81
0.806
0.808
0.799
0.791
0.783
0.783
0.783
0.808
0.808
0.808
0.809
0.813
0.802
0.806
0.806
0.815
0.815
0.814
0.814
0.814
0.814
0.813
0.813
0.813
8.93277 13.7909 0.083095
