1 361
6.753
5.68
5.66
5.615
5.59
5.49
5.468
5.398
5.34
5.286
5.247
5.208
5.095
5.006
4.956
4.915
4.881
4.861
4.834
4.807
4.874
5.169
5.151
5.181
5.019
4.889
4.866
4.846
4.725
4.64
4.628
4.582
4.587
4.573
4.655
4.995
5.106
5.263
4.897
4.746
4.124
4.099
4.09
4.065
4.057
4.038
4.031
4.003
3.996
3.98
3.971
3.954
3.944
3.927
3.918
3.911
3.905
3.896
3.878
3.869
3.862
3.843
3.844
3.835
3.827
3.819
3.819
3.801
3.801
3.793
3.792
3.783
3.775
3.778
3.774
3.767
3.761
3.751
3.751
3.745
3.752
3.744
3.744
3.745
3.737
3.737
3.737
3.737
3.743
3.736
3.737
3.724
3.724
3.734
3.74
3.742
3.745
3.746
3.744
3.75
3.751
3.756
3.761
3.765
3.763
3.772
3.773
3.78
3.781
3.789
3.787
3.796
3.805
3.804
3.813
3.821
3.829
3.828
4.03
5.036
5.043
5.052
5.07
5.084
5.092
5.109
5.117
5.134
5.15
5.165
5.183
5.199
5.216
5.233
5.25
5.274
5.284
5.31
5.327
5.353
5.37
5.396
5.411
5.438
5.464
5.48
5.505
5.538
5.565
5.591
5.608
5.646
5.671
5.706
5.732
5.769
5.794
5.829
5.853
5.898
5.922
5.963
5.998
6.037
6.071
6.113
6.155
6.196
6.242
6.286
6.278
6.198
6.15
6.076
6.022
5.952
5.908
5.843
5.801
3.069
3.043
3.018
3.001
2.975
2.948
2.922
2.905
2.881
2.864
2.846
2.83
2.805
2.789
2.763
2.747
2.73
2.721
2.695
2.686
2.668
2.651
2.633
2.626
2.6
2.591
2.582
2.566
2.55
2.541
2.525
2.517
2.5
2.492
2.475
2.467
2.459
2.45
2.433
2.433
2.417
2.408
2.4
2.392
2.384
2.375
2.367
2.358
2.35
2.341
2.333
2.333
2.315
2.315
2.306
2.307
2.299
2.299
2.282
2.282
2.273
2.273
2.264
2.264
2.255
2.255
2.246
2.247
2.247
2.247
2.238
2.24
2.907
2.918
2.929
2.991
3.037
3.11
3.474
3.478
3.472
3.467
3.481
3.572
3.73
4.035
4.035
3.848
3.99
4.026
4.019
3.481
3.275
3.28
3.274
3.276
3.283
3.23
3.291
3.804
3.966
3.698
3.424
3.358
3.307
3.321
3.645
3.523
3.367
3.285
3.281
3.287
3.292
3.3
3.313
3.359
3.867
3.741
3.598
3.485
3.361
3.264
3.224
3.241
3.241
3.258
3.258
3.267
3.284
3.292
3.301
3.31
3.318
3.475
3.638
3.588
3.538
3.506
3.453
3.413
3.367
3.381
7.907
7.939
7.971
8.006
8.04
8.066
8.11
8.149
8.183
8.183
8.183
8.183
8.183
8.183
5.008
4.945
4.86
4.855
4.758
4.727
4.708
4.693
4.67
4.661
4.644
4.63
4.609
4.602
4.584
4.568
4.552
4.549
5.333
5.374
5.418
5.46
5.502
5.554
5.597
5.642
12.2712 6.04861 0.926037
