1 361
5.568
5.512
5.464
5.403
5.337
5.286
5.24
5.237
5.024
4.979
4.937
4.916
4.891
4.862
4.834
4.883
5.196
5.167
5.162
5.161
4.934
4.893
4.887
4.844
4.772
4.715
4.696
4.708
4.675
4.729
4.883
5.07
5.13
5.166
4.756
4.116
4.1
4.083
4.065
4.049
4.039
4.021
4.004
3.989
3.979
3.962
3.943
3.927
3.927
3.91
3.894
3.885
3.878
3.868
3.86
3.843
3.833
3.825
3.816
3.811
3.8
3.801
3.783
3.784
3.776
3.767
3.758
3.75
3.749
3.739
3.74
3.738
3.733
3.724
3.724
3.725
3.718
3.718
3.708
3.702
3.711
3.711
3.71
3.708
3.707
3.708
3.702
3.701
3.709
3.707
3.701
3.707
3.709
3.711
3.716
3.711
3.716
3.719
3.723
3.732
3.73
3.73
3.737
3.747
3.747
3.757
3.754
3.763
3.763
3.771
3.778
3.781
3.786
3.87
4.984
4.992
5.003
5.02
5.027
5.044
5.052
5.068
5.076
5.094
5.111
5.118
5.133
5.151
5.165
5.183
5.198
5.216
5.243
5.259
5.274
5.3
5.318
5.336
5.361
5.388
5.404
5.429
5.454
5.473
5.505
5.522
5.555
5.583
5.609
5.635
5.662
5.697
5.724
5.761
5.795
5.821
5.854
5.897
5.929
5.964
5.996
6.038
6.079
6.13
6.163
6.206
6.228
6.168
6.098
6.034
5.972
5.919
5.859
5.811
5.746
3.003
2.982
2.956
2.93
2.905
2.888
2.864
2.846
2.821
2.795
2.779
2.762
2.738
2.721
2.703
2.685
2.668
2.651
2.633
2.617
2.608
2.59
2.574
2.558
2.541
2.525
2.516
2.499
2.492
2.475
2.459
2.45
2.442
2.433
2.417
2.408
2.4
2.392
2.376
2.366
2.357
2.349
2.34
2.332
2.324
2.315
2.307
2.299
2.29
2.282
2.273
2.264
2.264
2.255
2.247
2.247
2.238
2.229
2.22
2.22
2.211
2.211
2.211
2.202
2.202
2.193
2.193
2.184
2.184
2.184
2.175
2.175
2.176
2.189
2.859
2.863
2.904
2.983
3.012
3.117
3.418
3.419
3.439
3.408
3.516
3.556
3.974
3.983
3.983
3.75
3.974
3.965
3.964
3.385
3.214
3.211
3.207
3.207
3.214
3.164
3.239
3.744
3.93
3.902
3.426
3.297
3.258
3.258
3.636
3.484
3.354
3.232
3.223
3.228
3.234
3.241
3.257
3.268
3.841
3.717
3.583
3.468
3.352
3.255
3.178
3.182
3.189
3.198
3.207
3.207
3.224
3.233
3.241
3.25
3.267
3.274
3.612
3.571
3.523
3.477
3.437
3.397
3.355
3.317
3.35
7.902
7.945
7.973
8.015
8.038
8.082
8.123
8.161
8.183
8.183
8.183
8.183
8.183
8.183
4.916
4.862
4.838
4.787
4.701
4.686
4.67
4.651
4.636
4.622
4.605
4.596
4.578
4.561
4.553
4.537
4.527
5.287
5.339
5.383
5.424
5.469
5.509
5.562
5.606
5.658
5.713
12.2952 6.08134 0.937608
