1 361
1.023
1.249
1.241
1.265
1.267
1.248
1.247
1.22
1.211
1.192
1.184
1.159
1.15
0.675
0.674
0.661
0.654
0.652
0.644
0.638
0.627
0.628
0.627
0.62
0.62
0.611
0.611
0.604
0.603
0.594
0.594
0.585
0.587
0.578
0.587
0.578
0.579
0.561
0.561
0.562
0.561
0.554
0.544
0.544
0.545
0.545
0.544
0.536
0.536
0.529
0.528
0.528
0.528
0.52
0.52
0.521
0.521
0.513
0.513
0.504
0.512
0.512
0.504
0.503
0.503
0.494
0.494
0.493
0.495
0.493
0.494
0.495
0.495
0.488
0.495
0.487
0.487
0.488
0.489
0.479
0.489
0.486
0.479
0.477
0.487
0.486
0.478
0.479
0.479
0.478
0.469
0.478
0.477
0.468
0.479
0.469
0.478
0.47
0.48
0.471
0.473
0.468
0.471
0.478
0.478
0.475
0.479
0.472
0.476
0.473
0.473
0.471
0.471
0.471
0.471
0.48
0.471
0.479
0.479
0.479
0.479
0.479
0.479
0.478
0.479
0.48
0.48
0.478
0.479
0.48
0.488
0.479
0.489
0.489
0.488
0.489
0.488
0.489
0.497
0.497
0.497
0.496
0.496
0.498
0.496
0.497
0.497
0.498
0.507
0.506
0.506
0.507
0.505
0.515
0.516
0.515
0.522
0.522
0.524
0.522
0.523
0.531
0.541
0.533
0.542
0.541
0.542
0.542
0.551
0.558
0.558
0.558
0.558
0.566
0.576
0.575
0.574
0.575
0.585
0.584
0.59
0.591
0.6
0.6
0.608
0.615
0.608
0.697
0.7
0.687
0.696
0.695
0.703
0.715
0.717
0.698
0.712
0.703
0.711
0.718
0.719
0.728
0.736
0.736
0.744
0.752
0.76
0.767
0.767
0.775
0.783
0.791
0.792
0.811
4.9
4.847
4.826
4.778
4.769
4.705
4.69
4.648
4.63
4.473
4.384
4.36
4.355
4.313
4.297
4.257
4.246
4.206
4.197
4.164
4.149
4.113
4.107
4.081
4.063
4.039
4.031
3.995
3.995
3.97
3.961
3.933
3.925
3.907
3.898
3.872
3.864
3.846
3.836
3.817
3.809
3.785
3.784
3.768
3.767
3.74
3.742
3.716
3.716
3.699
3.699
3.683
3.683
3.666
3.665
3.648
3.648
3.631
3.632
3.615
3.614
3.608
3.608
3.599
3.577
3.578
3.583
3.723
3.723
3.706
3.714
3.708
3.707
3.697
3.697
3.691
3.691
3.683
3.685
3.68
3.683
3.678
3.683
3.68
3.686
3.683
3.693
3.69
3.699
3.69
3.706
3.698
3.707
3.707
3.714
3.559
3.563
3.561
3.583
3.582
3.592
3.599
3.61
3.61
3.619
3.618
3.626
3.627
3.153
3.026
3.018
3.008
2.998
2.982
2.981
2.954
2.954
2.937
2.928
2.911
2.912
2.902
2.894
2.877
2.868
2.851
2.851
2.842
2.834
2.817
2.818
3.893
3.913
3.93
3.946
3.964
3.973
4
4.016
4.034
4.051
4.069
4.089
4.111
4.136
4.16
4.178
2.90441 8.55659 6.07906
