1 361
1.17
1.17
1.17
1.161
1.17
1.161
1.162
1.16
1.161
1.153
1.153
1.153
1.153
1.144
1.144
1.144
1.143
1.145
1.145
1.138
1.138
1.141
1.136
1.142
1.142
1.14
1.124
1.132
1.115
1.124
1.124
1.132
1.15
1.143
1.143
1.145
1.138
1.142
1.149
1.146
1.145
1.145
1.152
1.152
1.152
1.152
1.151
1.151
1.158
1.158
1.159
1.159
1.168
1.168
1.167
1.167
1.176
1.177
1.177
1.177
1.176
1.185
1.185
1.194
1.194
1.194
1.201
1.203
1.211
1.212
1.22
1.22
1.22
1.228
1.238
1.238
1.247
1.246
1.255
1.256
1.264
1.265
1.273
1.273
1.283
1.29
1.298
1.307
1.308
1.315
1.325
1.324
1.341
1.342
1.35
1.351
1.366
1.366
1.376
1.394
1.399
1.401
1.409
1.417
1.433
1.441
1.449
1.459
1.473
1.485
1.492
1.505
1.515
1.525
1.542
1.548
1.567
1.573
1.592
1.592
1.614
1.631
1.648
1.664
1.68
1.689
1.716
1.725
5.361
5.392
5.486
5.535
5.597
5.658
5.73
5.791
5.863
5.917
6.008
6.086
3.22
3.172
3.155
3.138
3.12
3.103
3.126
3.195
3.259
3.294
3.357
3.398
3.458
3.507
3.578
3.628
3.695
3.755
3.836
3.897
3.961
3.946
3.936
3.918
3.911
3.892
3.882
3.873
3.865
3.838
3.831
3.821
3.812
3.804
3.796
3.788
3.91
4.411
4.452
4.449
4.443
4.596
4.792
4.942
7.34
7.325
7.313
7.305
7.298
7.278
7.264
7.257
7.505
7.946
8.183
8.183
8.183
8.183
8.183
8.183
8.183
8.191
8.183
8.189
8.183
8.187
8.191
8.187
8.187
8.191
6.956
6.945
6.944
6.928
6.927
6.92
6.919
6.911
6.911
6.912
6.911
6.904
6.903
6.895
6.903
6.896
6.903
6.904
6.905
6.911
6.91
6.911
6.92
6.92
6.938
6.928
6.935
6.944
6.95
6.958
7.025
6.856
6.621
6.459
6.26
6.12
5.921
5.797
5.624
5.506
5.356
5.258
5.117
5.034
4.903
4.815
4.71
4.633
4.523
4.453
4.363
4.302
4.213
4.14
4.059
4.001
3.932
3.822
3.798
3.816
3.843
3.876
3.98
3.943
5.413
5.43
5.474
5.549
5.598
5.623
5.661
5.689
5.73
5.715
5.665
5.699
5.714
5.654
5.654
5.712
5.766
5.799
5.848
5.887
5.943
5.975
6.033
6.063
8.183
8.183
8.183
8.183
8.183
8.183
8.183
8.183
8.183
8.183
8.183
8.183
2.372
2.358
2.334
2.323
2.32
2.311
2.296
2.287
2.269
2.261
2.244
2.235
2.217
2.21
2.193
2.186
2.169
2.168
2.151
2.143
2.134
2.126
2.114
2.108
2.099
2.091
2.081
2.072
2.053
2.046
2.038
2.037
2.03
2.021
2.012
2.005
1.998
1.996
1.979
1.98
1.971
1.962
1.962
1.956
1.946
1.947
1.938
1.931
1.921
1.922
1.914
2.00264 12.4432 2.32425
