1 361
1.351
1.351
1.342
1.342
1.341
1.333
1.332
1.299
1.3
1.299
1.298
1.29
1.29
1.29
1.365
1.436
1.434
1.429
1.427
1.42
1.428
1.419
1.419
1.41
1.42
1.411
1.411
1.411
1.411
1.403
1.403
1.402
1.404
1.396
1.398
1.399
1.401
1.396
1.402
1.399
1.409
1.402
1.403
1.402
1.406
1.404
1.404
1.403
1.412
1.402
1.412
1.402
1.411
1.411
1.42
1.42
1.42
1.419
1.428
1.42
1.428
1.42
3.288
3.291
3.311
3.318
3.34
3.349
3.375
3.383
3.401
3.417
3.449
3.451
3.478
3.569
4.182
4.068
3.975
3.855
3.705
3.218
3.169
3.115
3.071
2.984
2.905
2.559
2.521
2.474
2.448
2.4
2.378
2.337
2.312
2.27
2.255
2.211
2.193
2.159
2.15
2.105
2.088
2.061
2.044
2.017
1.991
1.973
1.956
1.923
1.915
1.89
1.882
1.859
1.883
1.878
1.886
1.95
1.818
1.786
1.777
1.751
1.734
1.708
1.702
1.693
1.72
1.72
1.747
1.773
1.796
1.805
1.831
1.839
1.863
1.873
1.898
1.905
1.897
1.87
1.859
1.845
1.844
1.832
1.839
1.824
1.835
1.829
1.835
1.836
1.838
1.838
1.852
1.857
1.874
1.878
1.901
1.917
1.955
1.975
2.531
2.568
2.627
2.654
2.706
2.74
2.807
2.83
2.9
2.935
3.015
3.05
3.128
3.161
3.255
3.297
3.394
3.441
3.552
3.597
3.713
3.771
3.894
3.957
4.1
4.173
4.347
4.427
4.605
4.693
4.888
4.991
5.223
5.358
5.613
5.771
7.279
7.322
7.298
7.281
7.275
7.482
8.027
8.183
8.183
8.183
8.183
8.183
8.183
8.183
8.183
8.183
8.183
8.183
8.183
8.183
8.183
8.183
8.183
8.183
8.183
8.183
8.183
8.183
8.183
8.183
8.183
8.183
8.183
8.183
8.183
8.183
8.183
8.183
8.183
8.183
8.183
8.183
8.183
8.183
8.183
8.183
8.183
8.183
8.183
8.008
7.617
7.351
7.338
7.35
7.187
6.522
6.234
6.108
5.88
5.756
5.559
5.455
5.273
5.174
5.012
4.927
4.777
4.706
4.552
4.458
4.468
4.478
4.513
4.499
4.378
4.317
4.217
4.168
4.069
4.031
3.604
3.573
3.535
3.498
3.424
3.388
3.323
3.291
3.225
3.2
3.131
3.113
3.054
3.027
2.974
2.956
2.904
2.886
2.834
2.817
2.775
2.752
2.709
2.692
2.649
2.64
2.598
2.58
2.547
2.532
2.499
2.49
2.449
2.441
2.407
2.4
2.367
2.358
2.325
2.316
2.294
2.286
2.258
2.25
2.224
2.215
2.191
2.19
2.164
2.156
2.137
2.129
2.112
2.102
2.075
2.058
2.04
2.04
2.039
2.048
2.092
2.101
2.157
2.16
2.133
2.132
2.105
2.105
2.088
2.088
2.072
2.07
2.053
2.044
2.036
2.027
2.019
2.018
2.002
2.003
1.985
1.985
1.977
1.969
1.961
3.62618 13.4926 5.7383
