1 361
5.591
5.53
5.482
5.414
5.339
5.293
5.248
5.26
5.045
4.985
4.951
4.917
4.9
4.872
4.842
4.88
5.2
5.172
5.155
5.201
4.955
4.899
4.889
4.844
4.8
4.73
4.726
4.7
4.695
4.725
4.836
5.044
5.118
5.207
4.745
4.117
4.099
4.082
4.073
4.047
4.039
4.022
4.004
3.987
3.979
3.961
3.952
3.935
3.926
3.91
3.901
3.885
3.876
3.868
3.861
3.844
3.842
3.826
3.818
3.811
3.801
3.801
3.792
3.783
3.776
3.766
3.758
3.758
3.757
3.748
3.74
3.736
3.731
3.723
3.724
3.718
3.717
3.718
3.718
3.71
3.71
3.711
3.711
3.705
3.706
3.703
3.709
3.699
3.704
3.715
3.704
3.713
3.71
3.711
3.714
3.711
3.717
3.717
3.722
3.732
3.73
3.73
3.738
3.739
3.746
3.745
3.755
3.762
3.762
3.77
3.778
3.783
3.784
3.852
4.976
4.993
5.002
5.011
5.028
5.044
5.052
5.068
5.076
5.093
5.1
5.117
5.133
5.149
5.166
5.183
5.199
5.224
5.242
5.257
5.274
5.301
5.318
5.343
5.362
5.387
5.396
5.427
5.446
5.48
5.497
5.53
5.556
5.582
5.609
5.644
5.663
5.706
5.724
5.761
5.785
5.82
5.853
5.897
5.931
5.964
5.997
6.038
6.079
6.119
6.154
6.207
6.241
6.175
6.106
6.039
5.98
5.916
5.867
5.809
5.759
3.007
2.991
2.956
2.937
2.905
2.898
2.863
2.845
2.82
2.804
2.78
2.761
2.737
2.729
2.703
2.686
2.668
2.66
2.633
2.625
2.607
2.59
2.574
2.558
2.541
2.534
2.516
2.5
2.492
2.475
2.459
2.45
2.442
2.433
2.417
2.409
2.4
2.392
2.375
2.366
2.357
2.35
2.341
2.332
2.324
2.315
2.307
2.299
2.29
2.282
2.282
2.273
2.264
2.255
2.247
2.247
2.238
2.238
2.229
2.22
2.22
2.22
2.211
2.211
2.202
2.202
2.193
2.193
2.184
2.184
2.184
2.175
2.166
2.175
2.836
2.844
2.865
2.929
2.984
3.066
3.42
3.42
3.431
3.4
3.439
3.51
3.867
3.974
3.974
3.751
3.964
3.956
3.948
3.5
3.221
3.221
3.207
3.208
3.211
3.158
3.238
3.743
3.903
3.839
3.361
3.275
3.238
3.241
3.643
3.494
3.361
3.237
3.223
3.229
3.234
3.241
3.256
3.259
3.84
3.726
3.591
3.486
3.362
3.264
3.178
3.181
3.189
3.199
3.207
3.215
3.224
3.233
3.24
3.249
3.267
3.275
3.615
3.581
3.521
3.486
3.44
3.404
3.36
3.327
3.345
7.901
7.937
7.971
8.013
8.04
8.082
8.116
8.159
8.183
8.183
8.183
8.183
8.183
8.183
4.927
4.854
4.831
4.792
4.699
4.681
4.666
4.654
4.643
4.618
4.611
4.593
4.576
4.562
4.55
4.537
4.529
5.145
5.332
5.384
5.417
5.469
5.509
5.562
5.605
5.658
5.704
12.2972 6.08405 0.946955
