1 361
1.79
1.79
1.798
1.798
1.807
1.815
1.813
1.803
1.709
1.706
1.707
1.704
1.711
1.712
1.72
1.717
1.713
1.692
1.59
1.592
1.591
1.59
1.599
1.612
1.629
1.629
1.628
1.636
1.645
1.645
1.645
1.654
1.653
1.661
1.67
1.671
1.678
1.678
1.686
1.686
1.694
1.703
1.711
1.711
1.72
1.729
1.729
1.738
1.742
1.746
1.764
1.764
1.773
1.782
1.79
1.79
1.807
1.807
1.816
1.814
4.978
5.006
5.028
5.051
5.085
5.104
5.14
5.164
5.207
5.221
5.273
5.289
5.332
5.359
5.4
5.425
5.476
5.501
5.553
5.579
5.624
5.656
5.715
5.739
5.793
5.715
5.897
5.93
5.989
6.03
6.096
6.131
6.201
6.245
6.311
6.363
6.441
6.485
6.56
6.618
6.703
6.753
6.853
6.912
7.002
7.058
7.165
7.223
7.326
7.396
7.508
7.575
7.689
7.762
7.907
3.954
3.938
3.92
3.902
3.883
3.958
4.002
4.079
4.127
4.206
4.26
4.344
4.406
4.496
4.552
4.665
4.724
4.838
4.913
5.029
5.112
5.246
5.335
5.486
5.581
5.74
5.842
6.032
6.138
6.327
6.311
6.3
6.282
6.27
6.253
6.245
6.222
6.212
6.2
6.192
6.177
6.165
6.159
6.139
6.133
6.116
6.109
6.101
6.09
6.085
6.077
6.078
6.055
6.062
6.045
6.051
6.042
6.042
6.033
6.04
6.036
6.033
6.027
6.024
6.023
6.029
6.02
6.034
6.033
6.026
5.204
4.148
3.718
3.131
3.068
3.077
3.077
3.086
3.078
3.086
3.086
3.095
3.086
3.103
3.103
3.111
3.11
3.12
3.119
3.128
3.128
3.137
3.137
3.153
3.154
3.163
3.161
3.179
3.177
3.195
3.194
3.204
3.212
3.229
3.229
3.246
3.246
3.262
3.262
3.287
3.287
3.303
3.311
3.327
3.335
3.346
3.327
3.249
3.205
3.132
3.097
3.036
2.998
2.928
2.902
2.843
2.81
2.75
2.734
2.676
2.657
2.604
2.58
2.539
2.516
2.472
2.448
2.415
2.39
2.349
2.332
2.299
2.283
2.249
2.23
2.207
2.19
2.152
2.143
2.109
2.1
2.073
2.055
2.039
2.021
2.004
1.985
1.962
1.952
1.928
1.919
1.904
1.887
1.868
1.86
1.834
1.827
1.817
1.8
1.783
1.776
1.761
1.758
1.741
1.733
1.715
1.706
1.699
1.691
1.682
1.675
1.657
1.649
1.642
1.633
1.625
1.617
1.609
1.6
1.593
1.584
1.576
1.576
1.559
1.56
1.551
1.543
1.535
1.534
1.527
1.527
1.519
1.51
1.501
1.501
1.493
1.494
1.484
1.485
1.471
1.477
1.468
1.468
1.46
1.461
1.451
1.452
1.444
1.444
1.435
1.435
1.436
1.427
1.427
1.427
1.419
1.419
1.419
1.42
1.421
1.412
1.412
1.413
1.414
1.405
1.406
1.407
1.4
1.411
1.396
1.398
1.395
1.397
1.399
1.399
1.39
-2.52052 11.6715 4.30655
