1 361
4.993
4.73
4.71
4.736
4.746
4.7
4.703
3.958
3.913
3.843
3.851
3.869
3.867
3.886
3.895
3.912
3.921
3.938
3.946
3.964
3.965
3.99
3.998
4.025
4.033
4.059
4.066
4.092
4.101
4.125
4.134
4.167
4.175
4.207
4.218
4.196
4.163
2.295
2.288
2.237
2.23
2.198
2.207
2.224
2.235
2.278
2.286
2.304
2.311
2.336
2.347
2.361
2.379
2.396
2.404
2.427
2.436
2.47
2.476
2.51
2.518
2.542
2.559
2.592
2.593
2.635
2.643
2.677
2.694
2.728
2.745
2.779
2.796
2.837
2.857
2.818
2.812
2.785
2.77
2.743
2.736
2.709
2.703
2.675
2.668
2.65
2.646
2.617
2.608
2.582
2.575
2.561
2.556
2.581
2.607
2.657
2.689
2.726
2.759
2.841
2.866
2.935
2.97
3.031
3.045
3.148
3.183
3.272
3.316
3.406
3.458
3.554
3.604
5.582
5.646
5.629
5.621
5.624
5.791
5.983
6.007
5.981
5.974
5.956
5.948
5.931
5.916
5.897
5.889
5.924
6.087
6.381
6.583
6.951
7.178
7.675
7.826
8.183
8.183
8.183
8.183
8.183
8.183
8.183
8.183
8.183
8.183
8.183
8.191
8.183
8.187
8.187
5.527
5.506
5.507
5.496
5.498
5.48
5.49
5.472
5.471
5.464
5.463
5.455
5.455
5.456
5.456
5.447
5.456
5.447
5.449
5.449
5.449
5.449
5.449
5.447
5.457
5.455
5.456
5.456
5.472
5.464
5.481
5.472
5.481
5.489
5.497
5.498
5.515
5.514
5.586
5.404
5.309
5.137
5.038
4.886
4.801
4.659
4.582
4.45
4.384
4.267
4.205
4.092
4.042
3.95
3.897
3.8
3.756
3.67
3.627
3.545
3.508
3.44
3.399
3.341
3.3
3.235
3.203
3.15
3.116
3.063
3.029
2.985
2.958
2.905
2.879
2.844
2.81
2.768
2.742
2.701
2.682
2.64
2.621
2.58
2.535
2.492
2.476
2.485
2.519
2.526
2.559
2.628
2.641
2.684
8.189
4.473
4.442
4.443
4.486
4.511
4.479
4.44
4.466
4.549
4.591
4.652
4.694
4.747
4.801
4.854
4.896
4.942
8.183
8.183
8.183
8.183
8.183
8.183
8.183
8.183
8.183
8.183
8.183
8.183
8.183
8.183
8.183
7.299
7.274
7.241
7.363
7.495
7.615
7.765
7.895
8.062
8.183
8.183
8.183
8.183
8.183
8.183
8.183
8.183
8.183
8.183
8.183
8.183
8.183
8.183
8.183
8.183
8.183
8.183
8.183
8.183
8.183
8.183
8.183
8.183
8.183
8.183
8.183
6.242
6.235
6.218
6.218
6.204
6.203
6.189
6.186
6.178
6.172
6.162
6.161
6.154
6.153
1.912
1.828
1.701
1.613
1.61
1.618
1.605
1.605
1.625
1.639
1.629
1.633
1.636
1.635
1.633
1.646
1.64
1.64
1.64
1.647
1.647
1.647
1.647
1.656
1.656
1.656
1.656
1.664
1.664
1.664
1.674
1.674
0.615723 13.3404 2.88369
