1 361
1.625
1.632
1.638
1.634
1.633
1.643
1.647
1.65
1.647
1.652
1.653
1.664
1.672
1.689
1.685
1.709
1.71
1.702
1.894
0.916
0.916
0.924
0.924
0.924
0.933
0.933
0.941
0.941
0.949
0.948
0.948
0.949
0.958
0.958
0.958
0.967
0.967
0.975
0.974
0.982
0.982
0.992
0.99
1.007
1.006
1.007
1.015
1.016
1.024
1.031
1.031
1.039
1.048
1.048
1.056
1.065
1.073
1.073
1.082
1.091
1.099
1.107
1.116
1.123
1.123
1.14
1.141
1.148
1.158
1.175
1.174
1.192
1.19
1.209
1.216
1.223
1.23
1.249
1.258
1.267
1.274
1.294
1.3
1.309
1.326
1.345
1.353
1.37
1.378
1.394
1.412
1.428
1.446
1.462
1.479
1.496
1.513
1.537
1.554
1.578
1.594
1.619
1.644
1.668
1.691
1.727
1.751
1.778
1.812
1.846
1.87
1.904
1.939
1.981
2.016
2.06
2.095
2.14
2.183
2.236
2.277
2.336
2.385
2.45
2.509
2.575
2.643
2.708
2.774
2.865
2.943
3.03
3.12
3.218
3.327
3.492
3.612
3.748
3.884
4.045
4.213
4.406
4.595
4.818
5.083
5.342
5.616
5.938
6.424
7.696
7.696
7.679
7.67
7.662
7.662
7.653
7.654
7.637
7.646
7.637
7.636
7.296
7.627
7.586
6.668
6.617
6.626
6.618
6.627
6.627
6.637
6.636
6.645
6.635
6.652
6.653
6.662
6.662
6.677
6.678
6.695
6.696
6.713
6.712
6.728
6.737
6.76
6.76
6.778
6.79
6.8
6.819
6.833
6.844
6.866
7.912
7.956
7.965
8.001
8.009
8.034
8.053
8.077
8.094
8.129
8.146
8.183
8.183
8.183
8.183
8.183
8.183
8.183
8.183
8.183
8.183
8.183
8.183
8.183
8.183
8.183
8.183
8.183
8.183
8.183
8.183
8.183
8.183
8.183
8.183
8.183
8.183
8.183
8.183
8.183
8.183
8.183
8.183
8.183
8.183
8.183
8.183
8.183
8.183
8.183
8.183
8.183
8.183
8.183
8.183
8.183
8.183
8.183
8.183
8.183
8.183
8.183
8.183
8.183
8.183
8.183
8.183
8.183
8.126
8.056
7.19
7.124
7.078
7.024
6.976
6.925
6.877
6.836
6.793
6.756
6.711
6.67
6.637
6.601
6.566
6.533
6.499
6.454
6.423
6.402
6.358
6.334
6.308
6.283
6.26
6.231
6.202
6.173
6.149
6.12
6.089
6.079
6.058
6.034
6.001
5.977
5.964
5.947
5.928
5.898
5.881
5.894
6.034
6.205
6.983
6.975
6.95
2.311
2.312
2.403
2.467
2.602
2.672
2.835
2.928
3.113
3.234
3.455
3.613
3.88
4.044
6.776
6.767
6.759
6.75
6.743
6.734
6.725
6.716
6.717
6.716
6.706
6.708
6.699
6.699
2.332
2.291
2.231
2.182
2.147
2.145
2.183
3.367
6.699
6.691
6.699
6.698
3.75
3.778
3.603
3.603
3.304
3.125
2.756
2.589
2.352
11.0684 10.3415 4.73736
