1 361
1.248
1.258
1.259
1.267
1.258
1.267
1.266
1.274
1.274
1.284
1.284
1.291
1.291
1.3
1.3
1.309
1.309
1.317
1.317
1.326
1.325
1.343
1.343
1.352
1.351
1.36
1.369
1.378
1.377
1.386
1.395
1.404
1.412
1.421
1.421
1.43
1.438
1.447
1.454
1.463
1.471
1.48
1.488
1.505
1.506
1.522
1.53
1.546
1.547
1.564
1.572
1.579
1.595
1.603
1.612
1.638
1.645
1.661
1.669
1.686
1.695
1.713
1.729
1.746
1.754
1.78
1.79
1.812
1.822
1.839
1.863
1.88
1.896
1.921
1.938
1.964
1.982
2.005
2.033
2.058
2.074
2.104
2.13
2.154
2.2
2.235
2.252
2.295
2.312
2.353
2.378
2.419
2.45
2.502
2.525
2.582
2.616
2.668
2.702
2.753
2.794
2.861
2.904
2.974
3.018
3.089
3.14
3.224
3.281
3.362
3.424
3.518
3.585
3.691
3.764
3.881
3.97
4.095
4.181
4.333
4.437
4.592
4.711
4.959
6.333
6.308
6.306
6.282
6.282
6.264
6.255
6.239
6.24
6.222
6.221
6.204
6.203
6.195
6.195
6.177
6.178
5.795
6.144
6.153
5.472
5.123
5.125
5.116
5.124
5.117
5.118
5.116
5.125
5.116
5.116
5.115
5.133
5.123
5.132
5.132
5.138
5.131
5.147
5.138
5.148
5.155
5.155
5.163
5.179
5.179
5.195
5.196
5.204
5.212
5.227
5.229
5.237
5.244
5.261
5.27
5.287
5.296
5.313
5.321
5.384
6.401
6.418
6.435
6.452
6.47
6.495
6.503
6.531
6.549
6.566
6.585
6.612
6.638
6.665
6.682
6.707
6.733
6.767
6.785
6.819
6.842
6.876
6.901
6.942
6.966
7.008
7.032
7.066
7.11
7.147
7.179
7.223
7.257
7.299
7.342
7.387
7.43
7.475
7.519
7.561
7.613
7.655
7.716
7.764
7.806
7.869
7.921
7.979
8.033
8.096
8.156
8.183
8.183
8.183
8.183
8.183
8.183
8.183
8.183
8.183
8.183
8.183
8.183
7.76
7.605
7.527
7.451
7.469
7.562
7.643
7.832
8.056
7.98
7.162
7.115
7.113
7.205
7.269
7.508
7.657
6.999
6.958
6.905
6.867
6.834
6.799
6.021
5.999
5.958
5.933
5.899
5.875
5.84
5.824
5.789
5.772
5.745
5.72
5.694
5.676
5.65
5.633
5.606
5.589
5.571
5.554
5.528
5.519
5.507
5.489
5.464
5.456
5.442
5.422
5.413
5.399
5.385
5.385
5.365
5.353
5.335
5.329
5.315
5.308
5.295
5.292
5.28
5.276
5.271
5.252
5.244
5.236
5.237
5.22
5.22
5.213
5.204
5.203
5.202
5.839
6.336
6.345
6.336
6.336
6.325
6.327
6.327
6.327
6.327
6.328
6.327
6.335
6.335
6.335
6.344
6.344
6.344
6.354
6.352
6.363
6.361
6.37
6.379
6.386
6.395
6.403
6.411
6.421
6.438
6.446
6.456
6.463
6.482
3.645
3.549
3.424
11.2471 8.63574 4.88868
