1 361
1.458
1.457
1.458
1.458
1.449
1.449
1.448
1.448
1.449
1.449
1.449
1.448
1.447
1.45
1.425
1.443
1.447
1.442
1.447
1.439
1.443
1.283
1.298
1.29
1.292
1.297
1.291
1.308
1.308
1.313
1.321
1.321
1.321
1.321
1.32
1.32
1.329
1.329
1.326
1.337
1.338
1.337
1.336
1.346
1.345
1.346
1.345
1.355
1.354
1.363
1.362
1.362
1.371
1.372
1.372
1.38
1.38
1.39
1.388
1.397
1.397
1.406
1.406
1.415
1.423
1.423
1.423
1.432
1.44
1.444
1.451
1.458
1.466
1.474
1.482
1.491
1.491
1.499
1.507
1.506
1.523
1.525
1.539
1.543
1.548
1.556
1.564
1.58
1.589
1.597
1.605
1.619
1.62
1.636
1.646
1.655
1.669
1.677
1.685
1.7
1.708
1.725
1.743
1.752
1.77
1.779
1.795
1.812
1.819
1.845
1.855
1.871
1.887
1.904
1.923
1.947
1.964
1.99
2.006
2.034
2.049
2.077
2.093
2.119
2.137
2.164
2.19
2.217
2.237
2.268
2.294
2.327
2.369
5.668
5.895
5.404
3.969
3.808
3.801
3.765
3.758
3.739
3.773
3.88
3.944
4.011
4.077
4.148
4.213
4.308
4.381
4.475
4.551
4.608
4.592
4.566
4.567
4.542
4.533
4.516
4.507
4.483
4.482
4.465
4.456
4.433
4.521
4.76
4.882
5.05
5.098
5.321
5.47
7.994
7.994
7.97
7.962
7.936
7.932
7.91
7.906
8.164
8.183
8.183
8.183
8.183
8.183
8.183
8.183
8.183
8.191
8.183
8.183
8.183
8.187
8.187
8.191
7.589
7.591
7.576
7.568
7.557
7.556
7.539
7.539
7.53
7.53
7.522
7.523
7.515
7.524
7.515
7.511
7.504
7.513
7.506
7.515
7.503
7.512
7.512
7.521
7.523
7.531
7.521
7.54
7.588
7.369
7.095
6.891
6.64
6.435
6.207
6.036
5.847
5.7
5.524
5.396
5.256
5.137
5
4.894
4.774
4.687
4.565
4.472
4.307
4.298
4.306
4.327
4.367
4.416
4.437
5.799
5.827
5.861
5.878
5.907
5.965
6.015
6.041
6.074
6.099
6.135
6.154
6.079
6.097
6.132
6.053
6.055
6.114
6.155
6.202
6.227
6.269
6.314
2.691
2.671
2.65
2.639
2.604
2.58
2.554
2.536
2.512
2.487
2.462
2.439
2.414
2.397
2.374
2.355
2.331
2.322
2.299
2.281
2.263
2.246
2.23
2.212
2.194
2.186
2.17
2.151
2.134
2.126
2.108
2.099
2.08
2.072
2.055
2.047
2.029
2.02
2.002
2.005
1.987
1.976
1.962
1.953
1.938
1.936
1.929
1.913
1.903
1.906
1.89
1.89
1.871
1.863
1.855
1.85
1.838
1.84
1.831
1.823
1.814
1.813
1.803
1.796
1.796
1.789
1.781
1.775
1.772
1.772
1.764
1.755
1.746
1.746
1.738
1.739
1.739
1.73
1.731
1.723
1.718
1.714
1.714
1.707
1.706
1.707
2.50995 11.9884 2.44175
