1 361
2.088
2.08
2.071
2.071
2.093
2.088
2.095
2.09
2.089
2.086
2.086
2.093
2.098
2.098
2.096
2.097
2.103
2.103
2.111
2.112
2.111
2.12
2.12
2.12
2.129
2.129
2.138
2.106
2.115
2.114
2.123
2.119
8.183
8.183
8.183
8.183
8.183
8.183
8.183
8.183
8.183
8.183
8.183
8.183
8.183
8.183
8.183
8.183
8.183
8.183
8.183
8.183
8.183
8.183
8.183
8.183
8.183
8.183
8.183
8.183
3.636
3.597
3.555
3.52
3.481
3.453
3.417
3.39
3.351
3.327
3.297
3.273
3.246
3.214
3.189
3.163
3.139
3.113
3.095
3.069
3.053
3.027
3.003
3.012
3.026
3.086
2.947
2.914
2.897
2.868
2.867
2.875
2.922
2.935
2.97
2.989
3.033
3.05
3.093
3.109
3.142
3.168
3.212
3.237
3.276
3.3
3.352
3.366
3.422
3.448
3.506
3.538
3.59
3.615
3.685
3.712
3.78
3.814
3.891
3.916
3.996
4.031
4.114
4.147
4.234
4.276
4.375
4.414
4.509
4.562
4.67
4.714
4.841
4.896
5.028
5.077
5.226
5.286
5.447
5.519
5.69
5.755
5.948
6.032
6.232
6.335
6.562
6.666
7.07
7.506
7.844
7.984
8.183
8.183
8.183
8.183
8.183
8.187
8.183
8.183
8.183
8.183
8.183
8.183
8.183
8.191
8.183
8.183
8.187
8.183
8.183
8.183
8.183
8.183
8.089
8.085
8.123
8.118
8.118
8.187
8.129
8.116
8.126
8.083
8.108
8.115
8.187
8.143
8.187
8.187
8.183
8.183
8.183
8.183
8.183
8.183
7.908
7.859
6.872
6.601
6.087
5.877
5.416
5.245
4.961
4.964
4.978
4.976
4.158
3.996
3.84
3.757
3.572
3.496
3.348
3.275
3.142
3.095
2.973
2.928
2.82
2.779
2.682
2.648
2.556
2.529
2.446
2.413
2.343
2.318
2.256
2.222
2.126
2.123
2.138
2.138
2.155
2.154
2.171
2.174
2.177
2.157
2.102
2.084
2.041
2.033
1.99
1.982
1.937
1.922
1.886
1.87
1.835
1.828
1.795
1.785
1.751
1.743
1.708
1.7
1.666
1.666
1.633
1.624
1.599
1.592
1.331
1.331
1.313
1.305
1.302
1.304
1.291
1.282
1.264
1.265
1.248
1.249
1.231
1.231
1.213
1.212
1.198
1.199
1.179
1.179
1.161
1.161
1.144
1.144
1.135
1.136
1.118
1.12
1.111
1.102
1.094
1.095
1.076
1.077
1.068
1.06
1.051
1.051
1.043
1.043
1.034
1.034
1.028
1.019
1.019
1.019
1.009
1.002
1.002
0.993
0.993
0.994
0.984
0.984
0.977
0.978
0.976
0.968
0.96
0.969
0.96
0.96
0.951
0.951
0.943
0.951
0.943
0.943
0.943
0.943
0.934
0.934
0.926
0.935
0.926
0.926
0.926
0.926
0.917
0.918
0.917
0.918
0.917
0.918
0.909
0.918
0.909
0.911
0.911
0.913
0.909
0.912
0.912
0.909
0.908
9.39634 13.7816 6.15933
