1 361
0.413
0.415
0.42
0.402
0.395
0.378
0.379
0.381
0.372
0.379
0.368
0.369
0.37
0.366
0.367
0.366
0.367
0.359
0.357
0.357
0.358
0.357
0.357
0.357
0.353
0.347
0.347
0.353
0.345
0.355
0.343
0.346
0.343
0.343
0.344
0.344
0.345
0.346
0.335
0.35
0.337
0.34
0.337
0.338
0.338
0.337
0.337
0.337
0.339
0.33
0.335
0.349
0.345
0.454
0.398
0.643
0.646
0.879
0.901
0.607
0.611
0.605
0.602
0.604
0.609
0.611
0.609
0.616
0.606
0.609
0.613
0.617
0.618
0.62
0.629
0.623
0.628
0.631
0.632
0.637
0.639
0.634
0.64
0.651
0.654
0.658
0.654
8.191
8.191
8.191
8.191
8.183
8.183
8.183
8.183
8.183
8.183
8.183
8.183
8.183
8.183
8.183
8.183
8.183
8.183
8.183
8.183
8.183
8.063
7.825
7.707
7.504
7.405
7.218
7.121
6.954
6.989
7.002
6.929
6.764
6.694
6.544
6.285
6.053
5.984
5.864
5.812
5.691
5.649
5.541
5.49
5.392
5.341
5.246
5.203
5.107
5.068
4.986
4.953
4.868
4.842
4.762
4.729
4.656
4.623
4.556
4.53
4.434
4.41
4.433
4.448
4.495
4.463
4.41
4.397
4.336
4.31
4.261
4.238
4.188
4.162
4.125
4.108
4.059
4.043
4
3.983
3.746
3.736
3.713
3.696
3.663
3.645
3.614
3.604
3.569
3.56
3.524
3.509
3.482
3.475
3.449
3.434
3.41
3.403
3.367
3.368
3.335
3.336
3.311
3.306
3.279
3.279
3.255
3.245
3.222
3.213
3.197
3.186
3.179
3.171
3.144
3.145
3.13
3.119
3.109
3.102
3.094
3.085
3.074
3.068
3.059
3.047
3.042
3.031
3.023
3.022
3.016
3.005
2.997
2.996
2.986
2.987
2.978
2.969
2.962
2.962
2.954
2.953
2.945
2.954
2.939
2.92
2.911
2.911
3.068
3.071
3.063
3.062
3.055
3.064
3.056
3.064
3.047
3.055
3.043
3.055
3.055
3.053
3.049
3.057
3.053
3.054
3.053
3.062
3.062
3.062
3.071
3.07
3.07
3.079
3.079
3.087
3.085
3.094
3.104
3.103
3.112
3.117
3.067
2.97
2.97
2.98
3.003
3.01
3.01
3.019
3.027
3.038
3.046
3.046
3.053
3.072
3.08
3.08
3.091
3.106
3.099
2.506
2.484
2.483
2.476
2.467
2.459
2.451
2.442
2.442
2.435
2.434
2.425
2.417
2.417
2.409
2.401
2.4
2.401
2.4
2.392
2.393
2.384
2.384
2.375
2.375
2.375
2.375
2.368
2.368
3.576
3.601
3.627
3.643
3.671
3.693
3.72
3.746
3.771
3.799
3.833
3.857
3.89
3.895
3.945
4.167
4.213
4.245
4.285
4.319
4.369
4.391
4.445
4.467
4.52
4.562
4.62
4.655
4.688
4.664
4.62
4.613
4.688
4.738
4.799
4.843
4.914
4.955
5.03
5.081
5.162
5.213
5.296
5.351
3.56446 8.58348 0.271198
