1 361
2.362
2.353
2.341
2.328
2.331
2.306
2.287
2.262
2.223
2.199
2.231
2.216
2.236
2.161
2.167
2.151
2.216
2.192
2.188
2.157
2.148
2.137
2.136
2.118
2.125
2.114
2.129
2.147
2.176
2.16
2.124
2.03
2.018
2.009
2.001
1.993
1.985
1.976
1.969
1.967
1.973
1.978
2.145
2.206
2.257
1.781
1.77
1.761
1.753
1.745
1.745
1.736
1.737
1.728
1.72
1.712
1.712
1.703
1.703
1.694
1.694
1.687
1.688
1.681
1.679
1.671
1.669
1.691
1.784
1.851
1.968
2.048
2.192
2.286
2.457
2.547
2.547
2.491
2.236
2.116
1.924
1.782
1.581
1.597
1.604
1.623
5.827
5.812
5.821
5.815
5.818
5.818
5.819
5.816
5.823
5.82
5.817
5.819
5.829
5.828
5.835
5.834
5.842
5.84
5.734
5.702
5.741
5.74
5.749
5.749
5.774
5.766
5.784
5.785
5.808
5.809
5.834
5.828
5.851
5.852
5.877
5.879
5.902
5.902
5.936
5.928
5.958
5.968
5.995
6
6.028
6.042
6.069
6.075
6.108
6.116
6.148
2.953
2.884
2.843
2.829
2.803
2.699
2.682
2.665
2.647
2.64
2.622
2.605
2.595
2.587
2.57
2.562
2.547
2.537
2.53
2.514
2.505
2.499
2.482
2.473
2.465
2.455
2.449
2.45
2.754
3.196
3.204
3.238
3.246
3.289
3.298
3.329
3.337
3.378
3.388
3.437
3.453
3.496
3.504
3.556
3.564
3.618
3.632
3.673
3.691
3.749
3.766
1.582
1.573
1.557
1.548
1.533
1.524
1.507
1.499
1.491
1.474
1.465
1.457
1.448
1.439
1.431
1.414
1.405
1.407
1.396
1.39
1.372
1.37
1.363
1.354
1.346
1.337
1.337
1.328
1.319
1.319
1.31
1.301
1.292
1.292
1.284
1.275
1.276
1.266
1.267
1.257
1.258
1.249
1.249
1.24
1.241
1.231
1.232
1.223
1.223
1.214
1.214
1.214
1.203
1.205
1.205
1.195
1.195
1.195
1.186
1.187
1.187
1.178
1.178
1.178
1.169
1.169
1.168
1.17
1.169
1.169
1.161
1.162
1.171
1.163
1.164
1.157
1.158
1.159
1.163
1.163
1.156
1.158
1.163
1.154
1.157
1.158
1.158
1.156
1.155
1.162
1.159
1.157
1.163
1.161
1.159
1.157
1.163
1.163
1.158
1.159
1.168
1.168
1.167
1.167
1.176
1.176
1.176
1.176
1.174
1.176
1.183
1.183
1.192
1.192
1.201
1.201
1.201
1.201
1.21
1.21
1.219
1.219
1.228
1.228
1.228
1.237
1.246
1.236
1.254
1.254
1.263
1.263
1.272
1.272
1.281
1.281
1.289
1.289
1.306
1.306
1.315
1.316
1.324
1.324
1.342
1.342
1.35
1.359
1.367
1.367
1.376
1.386
1.402
1.402
1.411
1.419
1.436
1.437
1.454
1.454
1.472
1.48
1.496
1.505
1.513
1.521
1.538
1.538
1.562
1.562
1.588
1.588
1.613
2.75026 1.44565 0.835821
