1 361
1.977
2.011
2.044
2.09
2.124
2.166
2.212
2.26
2.302
2.359
2.406
2.463
2.52
2.572
2.64
2.698
2.782
2.852
2.939
3.011
3.116
3.2
3.317
3.415
3.544
3.666
3.811
3.943
4.12
4.258
4.489
4.653
4.925
5.183
8.189
6.752
6.717
6.719
6.95
6.993
8.187
8.187
8.191
8.187
8.183
8.191
8.187
8.183
8.183
8.183
8.183
8.183
8.183
8.183
8.183
8.183
8.183
8.183
8.183
8.183
8.183
8.183
8.183
8.183
8.183
8.183
8.183
8.183
8.183
8.183
8.187
8.183
8.183
8.183
8.183
8.183
8.183
8.183
5.124
5.189
5.297
5.362
5.491
5.568
5.652
5.65
5.643
5.643
5.641
5.632
5.639
5.629
5.648
5.63
5.641
5.632
5.651
5.56
5.413
5.323
5.209
5.122
5.005
4.937
4.835
4.761
4.673
4.598
4.511
4.456
4.377
4.283
4.234
4.24
4.278
4.289
4.267
4.215
4.145
4.102
4.036
3.99
3.94
3.894
3.846
3.801
3.751
3.468
3.426
3.409
3.378
3.336
3.305
3.272
3.239
3.206
3.173
3.146
3.113
3.086
3.06
3.035
3.007
2.983
2.955
2.929
2.905
2.887
2.862
2.827
2.812
2.795
2.77
2.754
2.728
2.719
2.693
2.676
2.659
2.645
2.625
2.609
2.591
2.577
2.569
2.545
2.536
2.522
2.512
2.495
2.479
2.471
2.455
2.446
2.43
2.415
2.405
2.397
2.388
2.38
2.364
2.354
2.347
2.338
2.329
2.321
2.312
2.305
2.296
2.279
2.323
2.356
2.446
2.475
2.569
2.606
2.719
2.765
2.772
2.762
2.754
2.746
2.746
2.728
2.729
2.72
2.72
2.711
2.71
2.702
2.702
2.684
2.661
2.658
2.656
2.691
2.917
2.919
4.432
4.421
4.421
4.409
6.89
7.445
7.494
7.478
7.496
7.489
7.49
7.486
7.489
7.476
7.485
7.473
7.482
7.485
7.486
7.491
7.406
6.515
5.609
5.352
4.611
4.499
4.475
4.474
4.482
4.481
4.492
4.49
4.499
4.506
2.828
2.763
2.666
2.667
2.674
2.676
2.709
2.708
2.726
2.717
2.734
2.737
2.743
2.748
2.756
2.758
2.775
2.776
2.783
2.792
2.807
2.809
2.824
2.823
2.84
2.839
2.856
2.859
2.882
2.884
2.899
2.908
2.925
2.934
2.952
2.951
2.977
2.978
3.015
3.008
2.947
2.929
2.869
2.841
2.783
2.765
2.709
2.691
2.639
2.622
2.576
2.568
2.595
2.594
2.628
2.629
2.664
2.672
2.703
2.706
2.732
2.74
2.773
2.783
2.819
2.825
2.865
2.874
2.915
2.925
2.956
2.969
3.005
3.022
3.066
3.083
3.127
3.135
3.187
3.203
3.256
3.272
3.321
3.335
3.392
3.425
4.335
4.368
4.439
4.457
4.562
4.839
4.925
4.967
5.057
5.095
5.189
5.233
5.347
5.352
5.302
5.296
5.344
5.405
5.528
5.583
5.651
5.631
5.597
-2.35003 13.1694 0.958081
