1 361
3.858
3.885
3.885
3.912
3.912
3.938
3.938
3.974
3.974
4
4
4.035
4.035
4.07
4.069
4.102
4.102
4.144
4.144
4.187
4.187
4.227
4.227
4.274
4.275
4.322
4.322
4.372
4.372
4.423
4.433
4.483
4.483
4.533
4.54
4.591
4.6
4.659
4.668
4.727
4.736
4.798
4.797
4.868
4.876
4.944
4.953
4.952
4.942
4.86
4.851
4.783
4.765
4.703
4.687
4.626
4.617
4.551
4.543
4.493
4.483
4.434
4.417
4.364
4.356
4.307
4.299
4.251
4.243
4.193
4.196
4.155
4.138
4.105
4.099
4.056
4.061
1.84
1.84
1.824
1.824
1.815
1.806
1.789
1.789
1.781
1.781
1.763
1.764
1.746
1.746
1.737
1.737
1.72
1.72
1.711
1.711
1.694
1.703
1.694
1.695
1.686
1.686
1.679
1.67
1.671
1.661
1.654
1.654
1.654
1.654
1.645
1.645
1.637
1.637
1.629
1.629
1.63
1.63
1.621
1.621
1.613
1.613
1.615
1.615
1.608
1.617
1.613
1.613
1.608
1.609
1.613
1.614
1.612
1.612
1.613
1.613
1.603
1.612
1.61
1.608
1.611
1.61
1.606
1.614
1.611
1.611
1.609
1.617
1.615
1.623
1.623
1.623
1.623
1.621
1.63
1.63
1.63
1.638
1.638
1.646
1.648
1.648
1.657
1.655
1.655
1.663
1.674
1.672
1.68
1.68
1.688
1.688
1.697
1.697
1.706
1.706
1.723
1.723
1.732
1.732
1.739
1.748
1.757
1.757
1.774
1.774
1.783
1.791
1.799
1.799
1.817
1.817
1.835
1.834
2.961
2.97
3.502
3.502
3.417
3.406
3.334
3.327
3.253
3.253
3.196
3.198
3.227
3.227
3.266
3.281
3.522
3.513
3.445
3.428
3.364
3.366
3.3
3.304
3.323
3.338
3.38
3.389
3.421
3.437
3.486
3.495
3.742
3.743
3.698
3.691
3.65
3.65
3.659
5.353
5.274
5.266
5.247
5.22
5.143
5.143
5.127
5.132
5.118
5.12
5.107
5.116
5.104
5.113
5.098
5.108
6.14
6.183
6.312
6.346
6.481
6.517
6.663
6.704
6.861
6.893
7.07
7.113
6.128
6.348
6.126
6.069
4.386
4.386
4.343
4.343
4.302
4.311
4.27
4.271
4.238
4.237
4.204
4.203
4.171
4.171
4.145
4.146
4.121
4.12
4.096
4.096
4.069
4.069
4.054
4.054
4.027
4.027
4.011
4.011
3.994
3.993
3.984
3.976
3.97
3.978
3.96
3.962
3.943
3.952
3.935
3.946
3.93
3.93
3.925
3.933
3.919
3.928
3.913
3.922
3.916
3.916
3.902
3.912
3.904
3.912
3.911
3.91
3.906
3.915
3.921
3.921
3.919
3.928
3.924
3.934
3.931
3.939
3.94
3.947
3.945
3.957
3.955
3.975
3.973
3.983
3.98
3.99
3.998
4.007
4.006
4.015
4.032
4.032
4.058
4.068
4.076
4.087
4.104
4.105
4.119
4.129
4.147
4.156
4.171
4.181
1.87737 -1.52013 0.506922
