1 361
1.322
1.331
1.323
1.324
1.318
1.311
1.295
1.292
1.265
1.202
1.185
1.255
1.299
1.318
1.33
1.325
1.319
1.323
1.325
1.321
1.321
1.321
1.324
1.319
1.326
1.324
1.33
1.331
1.337
1.333
1.337
1.338
1.35
1.353
1.351
1.348
1.349
1.352
1.353
1.353
1.357
1.361
1.37
1.359
1.368
1.368
1.374
1.379
1.387
1.379
1.367
1.274
1.262
1.261
1.271
1.282
1.282
1.288
1.298
1.297
1.307
1.305
1.341
1.4
1.392
1.386
1.396
1.391
1.38
1.395
1.396
1.404
1.403
1.412
1.42
1.437
1.44
6.868
6.878
6.829
6.764
6.66
6.59
6.493
6.428
6.329
6.268
6.187
6.127
6.047
5.994
5.913
5.863
5.789
5.747
5.646
5.632
5.686
5.715
5.666
5.621
5.55
5.516
5.455
5.421
5.364
5.33
5.269
5.242
5.04
4.95
4.925
4.898
4.855
4.828
4.783
4.766
4.714
4.696
4.661
4.636
4.592
4.577
4.533
4.516
4.483
4.466
4.431
4.413
4.379
4.363
4.328
4.321
4.289
4.271
4.237
4.231
4.206
4.19
4.165
4.155
4.132
4.114
4.09
4.082
4.064
4.056
4.021
4.023
3.996
3.996
3.969
3.967
4.077
4.177
4.301
4.412
4.449
4.444
4.427
4.419
4.401
4.401
4.375
4.375
4.345
4.338
4.323
4.533
4.594
6.082
6.095
6.083
6.068
6.069
6.189
7.907
8.183
8.183
8.183
8.183
8.183
8.183
8.183
8.183
8.183
8.183
8.183
8.183
8.183
6.168
4.335
4.204
4.2
4.227
4.216
4.222
4.213
4.224
4.22
4.225
4.223
4.226
4.229
4.233
4.23
4.246
4.237
4.253
4.254
4.26
4.261
4.268
4.277
4.287
4.285
4.301
4.3
4.269
4.084
3.942
3.784
3.802
3.811
3.821
3.817
3.832
3.861
3.875
3.883
3.903
3.888
3.914
3.914
3.933
3.93
3.957
3.953
3.969
3.98
3.998
4.011
4.027
4.046
4.063
4.071
4.105
4.106
4.129
4.148
4.171
4.187
4.205
4.221
4.356
4.876
4.91
4.928
4.962
4.978
5.013
5.037
5.07
5.095
5.135
5.16
5.171
5.212
5.441
5.473
0.934
0.924
0.914
0.906
0.896
0.887
0.879
0.87
0.863
0.862
0.85
0.84
0.855
0.848
0.847
0.838
0.835
0.833
0.845
0.834
0.833
0.822
0.844
0.832
0.804
0.797
0.81
0.802
0.805
0.799
0.787
0.776
0.779
0.779
0.795
0.794
0.803
0.804
0.82
0.819
0.828
0.83
0.835
0.833
0.852
0.848
1.148
1.152
1.249
1.256
1.232
1.259
1.308
1.313
1.358
1.363
1.395
1.391
1.44
1.457
1.493
1.517
1.51
1.573
1.611
1.634
1.648
1.692
1.67
1.675
1.711
1.717
1.699
1.699
1.7
1.689
1.699
1.691
1.493
1.447
1.411
1.404
1.403
1.386
1.46
1.478
1.685
1.685
1.677
1.678
1.671
-3.0044 11.3958 1.35774
