1 361
0.901
0.892
0.901
0.911
0.911
0.91
0.919
0.919
0.927
0.936
0.944
0.935
0.952
0.943
0.959
0.951
0.968
0.968
0.974
0.984
0.982
0.991
1.007
1.007
1.024
1.016
1.032
1.032
1.049
1.049
1.066
1.066
1.083
1.084
1.101
1.1
1.117
1.117
1.135
1.144
1.152
1.161
1.178
1.178
1.205
1.204
1.222
1.232
1.25
1.258
1.275
1.276
1.301
1.31
1.337
1.337
1.362
1.372
1.397
1.398
1.432
1.44
1.465
1.474
1.508
1.517
1.549
1.558
1.6
1.607
1.647
1.655
1.698
1.704
1.756
1.764
1.817
1.833
1.882
1.9
1.95
1.967
2.037
2.043
2.115
2.133
2.204
2.23
2.313
2.33
2.422
2.44
2.544
2.576
2.688
2.722
2.847
2.891
3.04
3.085
3.245
3.295
3.479
3.538
3.759
3.828
4.078
4.176
4.249
4.241
4.241
4.233
4.224
4.215
4.216
4.207
4.207
4.199
4.2
4.192
4.192
4.183
4.183
4.183
4.183
4.182
4.183
4.183
4.183
4.182
4.181
4.182
4.182
4.182
4.192
4.183
3.401
3.402
3.421
3.259
2.554
2.156
1.91
1.914
1.906
1.904
1.737
1.672
1.504
1.5
1.41
1.399
1.286
1.288
1.221
1.24
1.215
4.31
4.332
4.339
4.365
4.365
4.381
4.389
4.405
4.405
4.431
4.433
4.457
4.457
4.484
4.493
4.519
4.519
4.543
4.551
4.577
4.583
4.61
4.618
4.652
4.661
3.876
3.809
4.729
4.747
4.783
4.783
4.745
4.754
4.79
4.798
4.846
4.841
4.881
4.89
4.912
4.919
4.937
4.945
5.002
5.012
5.073
5.092
5.158
5.193
5.271
5.28
5.233
5.211
5.123
5.097
5.02
2.585
2.589
2.59
5.464
5.471
5.562
5.569
5.595
5.568
5.595
5.617
5.703
5.702
5.639
5.825
6.449
6.473
6.579
4.394
4.387
4.382
4.411
4.44
7.034
7.068
7.196
7.235
7.382
7.416
7.574
7.61
6.737
6.44
6.323
6.31
6.25
6.244
6.184
6.168
6.131
6.008
5.684
5.674
5.592
5.597
5.592
5.528
5.904
5.893
5.852
5.113
4.925
4.922
5.133
5.488
5.346
5.236
5.198
5.198
5.157
5.156
5.109
5.083
5.084
5.094
5.186
5.275
5.569
5.671
6.704
6.698
8.183
8.183
8.183
8.183
8.17
8.168
8.153
8.144
8.118
8.119
8.102
8.102
8.086
8.084
8.069
8.068
7.728
7.72
7.7
7.692
7.74
7.633
7.765
7.712
7.694
7.695
7.677
7.798
7.883
7.801
7.769
7.758
7.731
7.724
7.693
6.752
4.272
4.278
4.516
4.54
4.739
4.706
5.611
5.754
5.373
5.35
5.385
4.989
4.961
3.602
2.68
2.478
2.296
2.282
2.237
2.219
2.197
2.185
2.159
2.15
2.138
2.199
2.188
2.154
2.057
2.044
1.96
1.945
1.871
1.855
1.788
1.782
1.722
1.705
1.655
1.646
1.545
3.19586 8.30355 2.43937
