1 361
5.813
5.921
5.995
6.103
8.183
7.605
7.574
7.59
7.731
7.893
7.991
8.171
8.183
8.183
8.183
8.183
8.183
8.183
8.183
8.183
8.183
8.183
8.183
8.183
8.183
8.183
8.183
8.183
8.183
8.183
8.183
8.183
8.183
8.183
8.183
8.183
8.183
8.183
8.183
8.183
8.183
8.183
8.187
8.183
8.183
8.183
8.183
8.183
8.183
8.183
8.183
8.183
8.183
8.183
0.987
0.988
0.995
0.977
0.977
0.968
0.977
0.977
0.986
0.992
0.99
0.985
0.986
0.991
0.995
0.987
0.994
0.992
0.99
0.985
0.983
0.856
0.839
0.75
0.734
0.675
0.653
0.605
0.603
0.552
0.55
0.495
0.485
0.445
0.442
0.445
0.451
0.468
0.467
0.469
0.467
0.484
0.493
0.499
0.49
5.414
5.431
5.452
3.617
3.531
5.501
3.252
3.13
3.098
3.112
3.07
3.017
2.861
2.833
2.753
2.727
2.661
2.623
2.57
2.558
2.491
2.46
2.418
2.43
5.954
5.99
5.103
5.247
6.088
6.073
6.089
6.114
6.158
6.184
6.225
6.269
6.31
6.346
6.378
6.369
6.415
6.467
6.561
6.612
6.603
6.535
6.458
6.411
6.331
3.93
3.956
6.797
6.862
6.93
6.988
7.041
7.011
7.066
7.014
6.978
7.712
7.777
7.867
5.699
5.676
8.104
8.183
8.183
8.183
8.183
8.183
8.183
8.183
8.183
8.183
8.183
7.7
7.587
7.963
7.994
7.955
7.103
6.99
6.959
6.935
7.039
8.183
8.183
6.209
6.183
6.213
6.886
6.824
6.459
6.421
6.398
6.351
6.296
6.259
6.241
6.37
6.482
6.733
6.752
6.905
8.183
8.183
8.183
8.183
8.183
8.183
8.183
8.183
8.183
8.183
8.183
8.183
8.183
8.183
8.183
8.183
8.183
8.183
2.041
1.965
1.937
8.183
8.183
8.183
8.183
8.183
8.183
8.183
8.183
8.183
8.183
8.183
8.183
2.052
1.979
1.937
1.912
1.915
1.92
1.919
1.93
1.934
1.935
1.943
1.953
1.951
1.96
1.96
1.979
1.977
1.988
1.994
2.001
2.003
2.01
2.021
2.028
2.031
2.047
2.045
2.082
2.561
2.433
2.322
2.216
2.229
2.145
2.074
1.787
1.721
1.693
1.664
1.63
1.587
1.537
1.192
1.092
1.078
1.052
1.037
1.014
0.991
0.974
0.96
0.945
0.939
0.914
0.897
0.888
0.873
0.864
0.855
0.838
0.829
0.822
0.806
0.805
0.791
0.773
0.774
0.757
0.751
0.743
0.734
0.725
0.716
0.71
0.71
0.693
0.693
0.676
0.678
0.671
0.661
0.652
0.645
0.644
0.638
0.628
0.628
0.62
0.611
0.611
0.614
0.604
0.596
0.586
0.587
0.587
0.581
0.572
0.572
0.573
0.564
0.562
0.563
0.547
0.547
0.547
0.547
0.546
0.538
0.538
0.528
0.528
0.529
0.53
0.528
0.52
0.52
0.514
0.514
0.505
0.505
0.512
0.503
0.503
4.72881 8.26759 3.11497
