1 361
5.562
5.507
5.459
5.408
5.338
5.296
5.248
5.245
5.042
4.981
4.947
4.915
4.889
4.862
4.833
4.851
5.202
5.175
5.163
5.193
4.933
4.883
4.866
4.823
4.727
4.682
4.664
4.65
4.626
4.702
4.828
5.032
5.165
5.212
4.751
4.127
4.101
4.083
4.065
4.049
4.032
4.023
4.006
3.989
3.98
3.961
3.953
3.935
3.918
3.91
3.903
3.885
3.878
3.87
3.862
3.853
3.845
3.835
3.827
3.811
3.802
3.802
3.792
3.785
3.776
3.767
3.76
3.751
3.755
3.749
3.741
3.736
3.732
3.734
3.725
3.727
3.719
3.711
3.711
3.712
3.712
3.712
3.713
3.71
3.707
3.708
3.701
3.707
3.708
3.707
3.705
3.714
3.713
3.71
3.714
3.712
3.718
3.721
3.723
3.732
3.732
3.731
3.74
3.739
3.746
3.757
3.755
3.764
3.764
3.771
3.778
3.784
3.786
3.825
4.976
4.996
5.003
5.021
5.029
5.036
5.052
5.061
5.077
5.093
5.103
5.12
5.136
5.153
5.169
5.185
5.202
5.226
5.242
5.26
5.277
5.293
5.321
5.344
5.363
5.379
5.405
5.422
5.447
5.472
5.499
5.524
5.557
5.584
5.609
5.636
5.662
5.7
5.724
5.761
5.787
5.82
5.855
5.889
5.923
5.966
5.997
6.039
6.081
6.122
6.164
6.199
6.243
6.183
6.115
6.047
5.982
5.928
5.869
5.81
5.758
3.017
2.992
2.966
2.94
2.923
2.898
2.871
2.847
2.82
2.806
2.79
2.763
2.747
2.73
2.712
2.686
2.678
2.652
2.643
2.626
2.608
2.592
2.584
2.567
2.551
2.534
2.518
2.501
2.501
2.477
2.469
2.452
2.443
2.435
2.427
2.41
2.401
2.393
2.384
2.367
2.359
2.35
2.341
2.334
2.325
2.317
2.308
2.3
2.3
2.292
2.283
2.274
2.265
2.256
2.256
2.248
2.248
2.239
2.23
2.23
2.221
2.212
2.212
2.212
2.203
2.203
2.194
2.194
2.185
2.185
2.176
2.176
2.176
2.178
2.841
2.861
2.894
2.947
3.004
3.087
3.426
3.423
3.437
3.412
3.469
3.554
3.809
3.974
3.984
3.761
3.965
3.975
3.966
3.468
3.22
3.222
3.216
3.217
3.218
3.166
3.227
3.747
3.922
3.902
3.442
3.292
3.26
3.254
3.662
3.507
3.379
3.235
3.224
3.23
3.244
3.25
3.25
3.269
3.859
3.727
3.602
3.487
3.371
3.275
3.182
3.182
3.191
3.2
3.208
3.217
3.225
3.234
3.243
3.251
3.268
3.276
3.62
3.578
3.532
3.482
3.446
3.399
3.357
3.323
3.343
7.902
7.94
7.971
8.008
8.042
8.087
8.117
8.161
8.183
8.183
8.183
8.183
8.183
8.183
4.929
4.864
4.841
4.801
4.709
4.685
4.669
4.653
4.637
4.621
4.6
4.593
4.578
4.56
4.555
4.545
4.53
4.715
5.343
5.375
5.418
5.469
5.511
5.553
5.607
5.652
5.714
12.295 6.08102 0.938053
