1 361
0.878
0.877
0.887
0.886
0.895
0.902
0.911
0.92
0.919
0.918
0.925
0.935
0.943
0.941
0.95
0.963
0.966
0.975
0.984
0.985
0.998
1.007
1.072
1.084
1.085
1.096
1.087
1.086
1.091
1.101
1.1
1.109
1.118
1.126
1.135
1.134
1.144
1.152
1.169
1.167
5.747
5.688
5.628
5.58
5.518
5.462
5.413
5.354
5.3
5.345
5.402
5.372
5.329
5.285
5.235
5.188
5.149
5.119
5.067
5.034
5.003
4.959
4.927
4.859
4.666
4.661
4.636
4.601
4.567
4.543
4.517
4.491
4.458
4.44
4.406
4.39
4.356
4.339
4.313
4.289
4.265
4.249
4.224
4.208
4.182
4.168
4.142
4.134
4.108
4.093
4.074
4.068
4.049
4.031
4.022
4.006
3.991
3.98
3.954
3.954
3.935
3.918
3.91
3.902
3.893
3.874
3.867
3.862
3.849
3.841
3.832
3.821
3.79
3.792
3.859
3.934
3.926
3.916
3.909
3.909
3.9
3.892
3.891
3.882
3.883
3.873
3.864
3.863
3.865
3.865
3.855
3.854
3.85
3.849
3.842
3.844
3.845
3.841
3.844
3.839
3.841
3.845
3.677
3.685
3.702
3.699
3.706
3.713
3.71
3.717
3.716
3.724
3.722
3.723
3.731
3.738
3.737
3.738
3.746
3.753
3.762
3.762
3.771
3.778
3.779
3.796
3.796
3.804
3.816
3.822
3.823
3.841
3.849
3.859
3.868
3.876
3.886
3.894
3.911
3.912
3.929
3.946
3.954
3.973
3.982
3.989
4.016
4.023
4.042
4.057
4.069
4.084
4.101
4.125
4.143
4.153
4.176
4.193
4.209
4.231
4.236
4.286
4.455
4.479
4.503
4.522
4.555
4.582
4.605
4.631
4.662
4.687
0.91
0.924
0.908
0.9
0.891
0.885
0.874
0.867
0.856
0.849
0.84
0.832
0.826
0.818
0.823
0.827
0.824
0.82
0.807
0.805
0.808
0.811
0.81
0.811
0.798
0.777
0.755
0.753
0.712
0.712
0.718
0.718
0.718
0.716
0.716
0.709
0.708
0.709
0.711
0.713
0.712
0.709
0.706
0.709
0.706
0.711
0.711
0.711
0.707
0.707
0.706
0.709
0.699
0.712
0.71
0.715
0.708
0.712
0.711
0.708
0.71
0.716
0.716
0.714
0.716
0.722
0.722
0.722
0.722
0.722
0.721
0.722
0.729
0.729
0.73
0.729
0.728
0.738
0.737
0.738
0.739
0.745
0.745
0.755
0.753
0.753
0.754
0.762
0.762
0.77
0.762
0.769
0.768
0.777
0.777
0.777
0.783
0.785
0.793
0.793
0.802
0.801
0.808
0.809
0.818
0.818
0.827
0.826
0.835
0.834
0.844
0.852
0.905
2.136
2.129
2.103
2.095
2.086
2.084
2.095
2.122
2.135
2.23
2.794
2.81
2.831
2.852
2.804
2.532
2.52
2.524
2.482
2.471
2.393
2.279
2.186
2.083
1.997
1.905
1.847
1.795
1.749
1.757
1.759
1.759
1.768
1.77
1.779
1.779
4.62149 2.53672 0.446839
