1 361
1.43
1.431
1.438
1.444
1.443
1.451
1.449
1.468
1.465
1.472
1.472
1.488
1.487
1.492
1.498
1.507
1.504
1.519
1.526
1.534
1.542
1.559
1.568
1.586
1.587
1.603
1.622
1.641
1.65
1.669
1.682
1.698
1.708
1.715
1.726
1.752
1.763
1.781
1.8
1.818
1.829
1.844
1.854
1.871
1.882
1.899
1.906
1.924
1.933
1.96
1.966
1.99
2
2.019
2.027
2.053
2.062
2.088
2.098
2.132
2.141
2.167
2.176
2.202
2.22
2.247
2.263
2.297
2.312
2.346
2.363
2.398
2.412
2.446
2.47
2.511
2.528
2.569
2.592
2.636
2.662
2.706
2.732
2.773
2.807
2.867
2.893
2.944
2.98
3.033
3.068
3.136
3.171
3.248
3.281
3.353
3.402
3.432
3.484
4.939
4.941
4.921
4.921
4.905
4.908
4.899
4.891
4.926
4.978
4.879
4.875
4.861
4.861
4.988
5.106
5.304
5.428
5.638
5.803
6.037
6.206
6.47
6.671
6.997
7.236
7.62
7.927
8.183
8.183
8.183
8.183
8.183
8.183
8.183
8.183
8.183
8.183
8.183
8.183
8.183
8.183
8.183
8.183
8.183
8.183
8.183
8.183
8.183
8.183
8.183
8.183
8.183
8.183
8.183
8.183
8.183
8.183
8.183
8.183
8.183
8.183
8.183
8.183
8.183
8.183
8.183
8.183
8.183
8.183
7.931
7.69
7.705
7.707
6.718
6.547
6.257
6.091
5.853
5.701
5.489
5.357
5.177
5.066
4.842
4.84
4.852
4.871
4.84
4.748
4.628
4.54
4.394
3.939
3.899
3.833
3.746
3.687
3.601
3.558
3.471
3.429
3.348
3.308
3.234
3.19
3.13
3.095
3.037
2.999
2.946
2.911
2.861
2.834
2.783
2.749
2.708
2.682
2.647
2.613
2.571
2.555
2.516
2.491
2.456
2.441
2.4
2.382
2.349
2.333
2.3
2.292
2.266
2.222
2.188
2.182
2.189
2.216
2.223
2.258
2.267
2.287
2.258
2.241
2.215
2.208
2.19
2.172
2.153
2.144
2.127
2.109
2.092
2.083
2.065
2.056
2.038
2.039
2.013
2.013
1.996
1.987
1.969
1.96
1.944
1.935
1.918
1.918
1.901
1.901
1.884
1.875
1.867
1.858
1.85
1.85
1.833
1.833
1.817
1.817
1.661
1.627
1.627
1.62
1.611
1.619
1.609
1.622
1.605
1.605
1.597
1.597
1.589
1.589
1.58
1.58
1.572
1.574
1.564
1.564
1.555
1.555
1.547
1.547
1.538
1.547
1.538
1.539
1.53
1.531
1.531
1.531
1.517
1.523
1.514
1.523
1.515
1.515
1.515
1.515
1.509
1.51
1.506
1.51
1.507
1.513
1.504
1.513
1.496
1.496
1.496
1.513
1.511
1.514
1.506
1.511
1.505
1.512
1.509
1.516
1.515
1.515
1.515
1.523
1.514
1.524
1.524
1.524
1.532
1.532
1.531
1.54
1.54
1.539
1.54
1.549
1.548
1.555
1.552
1.557
1.557
1.566
6.41542 13.0343 0.255778
