1 361
1.508
1.52
1.516
1.525
1.516
1.533
1.525
1.533
1.533
1.54
1.54
1.549
1.549
1.557
1.556
1.564
1.556
1.573
1.573
1.573
1.58
1.589
1.589
1.597
1.597
1.605
1.614
1.622
1.622
1.634
1.632
1.647
1.647
1.662
1.662
1.679
1.678
1.688
1.696
1.713
1.705
1.719
1.721
1.738
1.739
1.754
1.763
1.781
1.773
1.796
1.789
1.815
1.814
1.841
1.841
1.866
1.866
1.881
1.9
1.917
1.915
1.942
1.941
1.976
1.976
2
2.01
2.034
2.043
2.061
2.069
2.097
2.104
2.139
2.14
2.176
2.183
2.217
2.228
2.261
2.261
2.296
2.308
2.315
2.324
2.408
2.61
2.668
2.687
2.735
2.753
2.803
2.818
2.876
2.892
3.855
3.848
3.822
3.812
3.786
3.787
3.753
3.753
3.725
3.718
3.692
3.692
3.713
3.731
3.699
3.663
3.638
3.632
3.607
3.606
3.732
3.777
3.878
3.864
3.844
3.839
3.839
3.852
3.876
3.881
4.13
8.187
4.976
5.039
5.254
5.349
5.572
5.678
5.953
6.07
6.385
6.52
6.881
7.047
7.478
7.663
7.944
8.183
8.183
8.183
8.183
8.183
8.183
8.183
8.183
8.183
8.183
8.183
8.183
8.183
8.183
8.183
8.183
8.183
8.183
8.183
8.183
8.183
8.183
8.183
8.183
8.183
8.183
8.183
8.183
8.183
8.183
8.183
8.183
8.183
8.183
8.183
8.183
8.183
8.183
8.183
8.183
8.183
8.183
7.966
7.46
7.28
6.851
6.706
6.438
6.442
6.469
6.393
5.517
5.484
5.236
5.148
1.689
1.696
1.738
1.773
1.823
1.855
1.906
1.938
1.996
2.042
2.112
2.156
2.242
2.272
2.259
2.267
2.265
2.274
2.266
2.284
2.275
2.284
2.284
2.292
2.283
2.292
2.292
2.3
2.299
2.316
2.306
2.322
2.316
2.323
2.323
2.34
2.339
2.349
2.35
2.359
2.359
2.376
2.387
2.382
2.335
2.327
2.286
2.279
2.244
2.235
2.201
2.201
2.165
2.156
2.123
2.123
2.088
2.088
2.052
2.053
2.025
2.017
1.992
1.984
1.957
1.957
1.923
1.923
1.907
1.899
1.883
1.876
1.858
1.849
1.833
1.832
1.807
1.806
1.79
1.789
1.774
1.773
1.748
1.747
1.738
1.731
1.711
1.713
1.695
1.696
1.688
1.679
1.671
1.671
1.648
1.654
1.638
1.638
1.63
1.622
1.615
1.614
1.605
1.605
1.597
1.598
1.581
1.584
1.573
1.573
1.563
1.563
1.556
1.556
1.548
1.548
1.539
1.545
1.517
1.519
1.509
1.511
1.503
1.507
1.602
1.658
1.655
1.65
1.651
1.65
1.642
1.642
1.633
1.635
1.635
1.633
1.627
1.635
1.63
1.631
1.633
1.637
1.632
1.635
1.624
1.629
1.596
1.629
1.628
1.636
1.632
1.634
1.633
1.639
1.631
1.638
1.636
1.638
1.638
1.639
1.638
1.648
1.646
1.656
1.21601 13.7996 0.067963
