1 361
1.355
1.355
1.364
1.364
1.364
1.373
1.373
1.381
1.381
1.389
1.389
1.398
1.407
1.407
1.414
1.423
1.414
1.423
1.431
1.439
1.439
1.448
1.456
1.464
1.472
1.481
1.489
1.498
1.498
1.507
1.515
1.524
1.532
1.54
1.549
1.557
1.566
1.574
1.581
1.598
1.598
1.615
1.623
1.639
1.647
1.655
1.664
1.681
1.687
1.705
1.713
1.73
1.739
1.756
1.765
1.783
1.792
1.817
1.824
1.842
1.858
1.875
1.893
1.909
1.925
1.95
1.967
1.99
2.02
2.036
2.063
2.08
2.098
2.133
2.151
2.176
2.201
2.22
2.244
2.28
2.296
2.329
2.363
2.398
2.421
2.462
2.485
2.536
2.559
2.601
2.636
2.688
2.721
2.772
2.805
2.865
2.907
2.959
3.013
3.073
3.125
3.185
3.251
3.318
3.373
3.456
3.525
3.615
3.679
3.772
3.849
3.95
4.026
4.137
4.244
4.369
4.489
4.678
6.083
6.059
6.051
6.036
6.027
6.002
6.002
5.985
5.976
5.961
5.951
5.943
5.942
5.917
5.917
5.901
5.901
5.885
5.884
5.594
5.876
5.851
4.845
4.833
4.834
4.826
4.835
4.816
4.826
4.817
4.826
4.817
4.824
4.816
4.825
4.816
4.824
4.825
4.834
4.824
4.842
4.833
4.851
4.841
4.851
4.851
4.866
4.866
4.875
4.875
4.884
4.893
4.902
4.909
4.918
4.917
4.936
4.935
4.962
4.96
4.976
4.977
5.001
5.009
5.108
6.084
6.111
6.119
6.142
6.152
6.177
6.186
6.212
6.229
6.247
6.264
6.291
6.307
6.341
6.358
6.383
6.399
6.433
6.45
6.485
6.511
6.548
6.566
6.6
6.627
6.663
6.688
6.721
6.748
6.798
6.823
6.864
6.898
6.94
6.973
7.023
7.059
7.108
7.144
7.194
7.23
7.289
7.332
7.385
7.428
7.481
7.526
7.586
7.627
7.701
7.752
7.827
7.876
7.949
7.993
8.079
8.128
8.183
8.183
8.183
8.183
8.183
8.183
8.183
8.183
8.183
7.413
7.314
7.254
7.175
7.222
7.327
7.392
7.821
7.782
7.734
6.921
6.875
6.84
6.946
7.034
7.205
7.413
6.816
6.738
6.696
6.652
6.617
6.579
6.591
5.835
5.779
5.755
5.727
5.692
5.674
5.649
5.622
5.595
5.577
5.551
5.535
5.508
5.492
5.467
5.451
5.435
5.417
5.393
5.386
5.37
5.353
5.337
5.328
5.313
5.304
5.287
5.279
5.262
5.253
5.236
5.23
5.222
5.221
5.207
5.193
5.182
5.175
5.164
5.157
5.15
5.15
5.142
5.136
5.137
5.122
5.123
5.114
5.104
5.106
5.099
5.1
5.091
5.091
5.091
5.468
6.242
6.233
6.232
6.243
6.232
6.241
6.233
6.242
6.251
6.25
6.251
6.258
6.267
6.268
6.275
6.276
6.285
6.294
6.301
6.31
6.319
6.328
6.336
6.345
6.362
6.37
6.378
6.395
6.403
6.421
6.429
6.446
11.3102 8.29356 4.88957
