1 361
1.461
1.477
1.477
1.494
1.485
1.484
1.486
1.491
1.49
1.506
1.506
1.69
1.691
1.707
1.707
1.715
1.722
1.741
1.741
1.756
1.757
1.773
1.774
1.791
1.79
1.807
1.815
1.839
1.838
1.856
1.857
1.882
1.882
1.908
1.916
1.931
1.94
1.967
1.975
2.001
2
2.026
2.045
2.071
2.07
2.096
2.114
2.141
2.149
2.183
2.185
2.169
2.162
2.134
2.126
2.099
2.099
2.114
2.121
2.174
2.193
2.228
2.236
2.274
2.282
2.329
2.336
2.387
2.396
2.44
2.464
2.475
2.464
2.415
2.407
2.364
2.358
2.315
2.308
2.274
2.267
2.232
2.226
2.198
2.19
2.155
2.147
2.119
2.11
2.083
2.084
2.057
2.047
2.043
2.051
2.059
2.068
2.086
2.096
2.105
2.113
2.13
2.15
2.158
2.157
2.175
2.184
2.211
2.22
2.228
2.246
2.255
2.273
2.289
2.298
2.323
2.331
2.357
2.366
8.183
8.183
8.183
8.183
8.183
8.183
8.187
8.183
8.183
8.183
8.183
8.183
8.183
8.187
8.191
8.191
8.183
8.183
8.183
8.183
8.183
8.183
8.183
8.183
8.183
8.183
8.183
8.183
8.183
8.183
8.183
8.183
8.183
8.183
8.183
8.183
8.183
8.183
8.183
8.183
8.183
8.183
8.183
8.183
8.183
6.853
6.658
6.517
6.246
6.114
5.861
5.736
5.532
5.432
5.232
5.142
4.962
4.883
4.717
4.645
4.5
4.441
4.306
4.251
4.129
4.078
3.972
3.928
3.819
3.781
3.693
3.649
3.559
3.524
3.438
3.406
3.332
3.302
3.234
3.202
3.137
3.108
3.046
3.019
2.971
2.95
2.89
2.872
2.813
2.801
2.747
2.713
2.652
2.644
2.648
2.675
2.692
2.717
2.726
2.713
2.671
2.651
2.61
2.602
2.566
2.551
2.519
2.501
2.468
2.462
2.428
2.419
2.389
2.378
2.353
2.345
2.333
8.183
8.183
8.183
8.183
8.183
7.713
8.183
8.183
8.183
8.183
8.183
8.183
8.183
8.183
8.183
8.183
8.183
8.183
8.183
8.183
8.183
8.183
8.183
8.169
8.177
8.183
8.183
8.183
8.183
8.183
8.183
8.183
8.183
8.183
8.183
8.183
1.713
1.722
1.722
1.705
1.712
1.699
1.722
1.703
1.71
1.694
1.693
1.684
1.693
1.677
1.685
1.669
1.669
1.66
1.647
1.485
1.634
1.618
1.624
1.608
1.622
1.607
1.611
1.598
1.605
1.603
1.607
1.6
1.613
1.599
1.601
1.596
1.598
1.593
1.602
1.593
1.601
1.592
1.599
1.591
1.598
1.597
1.602
1.602
1.603
1.598
1.604
1.495
1.522
1.602
1.615
1.613
1.612
1.599
1.606
1.598
1.604
1.592
1.599
1.588
1.596
1.587
1.592
1.585
1.592
1.582
1.591
1.582
1.59
1.581
1.586
1.588
1.595
1.587
1.596
1.595
1.603
1.596
1.605
1.607
1.615
1.615
1.624
1.625
1.626
6.7334 7.58502 2.39575
