1 361
1.962
1.994
2.017
2.053
2.079
2.115
2.148
2.191
2.225
2.26
2.302
2.341
2.381
2.422
2.471
2.521
2.567
2.619
2.682
2.736
2.794
2.858
2.928
2.99
3.077
3.143
3.234
3.314
3.419
3.506
3.635
3.725
3.859
3.979
4.127
4.246
4.427
4.57
4.797
4.962
5.133
6.606
6.632
6.601
6.595
6.587
6.855
7.046
8.111
8.183
8.187
8.187
8.183
8.183
8.183
8.183
8.183
8.183
8.183
8.183
8.183
8.183
8.183
8.183
8.183
8.183
8.183
8.183
8.183
8.183
8.183
8.183
8.183
8.183
8.183
8.183
8.183
8.183
8.183
8.187
8.183
8.183
8.183
8.183
8.183
8.183
4.976
5.042
5.142
5.206
5.318
5.395
5.471
5.471
5.47
5.463
5.461
5.452
5.457
5.449
5.459
5.453
5.459
5.452
5.462
5.431
5.286
5.191
5.067
4.975
4.87
4.785
4.685
4.617
4.518
4.46
4.365
4.296
4.212
4.162
4.049
4.033
4.058
4.065
4.104
4.07
3.999
3.948
3.887
3.844
3.79
3.749
3.688
3.649
3.609
3.563
3.272
3.233
3.222
3.178
3.154
3.12
3.085
3.049
3.023
2.988
2.963
2.935
2.91
2.884
2.85
2.829
2.803
2.785
2.751
2.736
2.709
2.686
2.666
2.649
2.624
2.607
2.589
2.566
2.551
2.534
2.519
2.494
2.479
2.462
2.445
2.43
2.421
2.405
2.387
2.38
2.363
2.347
2.338
2.322
2.312
2.296
2.287
2.278
2.269
2.252
2.243
2.234
2.227
2.217
2.209
2.2
2.191
2.182
2.173
2.164
2.155
2.146
2.138
2.128
2.12
2.111
2.11
2.102
2.098
2.111
2.219
2.25
2.348
2.381
2.492
2.542
2.594
2.582
2.581
2.572
2.565
2.565
2.557
2.551
2.549
2.54
2.54
2.532
2.532
2.525
2.525
2.506
2.491
2.483
2.479
2.615
2.757
2.856
4.254
4.246
7.336
7.322
7.343
7.342
7.334
7.334
7.341
7.333
7.332
7.339
7.339
7.337
7.35
7.348
7.358
7.278
6.257
6.22
5.25
5.218
4.531
4.443
4.345
4.344
4.351
4.352
4.369
4.371
4.385
4.385
4.393
4.394
4.412
4.418
2.659
2.625
2.562
2.554
2.569
2.563
2.603
2.602
2.611
2.621
2.628
2.629
2.646
2.647
2.663
2.663
2.68
2.681
2.697
2.698
2.714
2.723
2.739
2.741
2.763
2.764
2.781
2.783
2.805
2.806
2.84
2.84
2.854
2.863
2.89
2.898
2.924
2.924
2.954
2.957
2.909
2.883
2.833
2.816
2.763
2.748
2.706
2.688
2.644
2.628
2.585
2.569
2.538
2.547
2.576
2.585
2.619
2.628
2.661
2.671
2.705
2.714
2.748
2.763
2.799
2.806
2.848
2.856
2.9
2.916
2.959
2.979
3.022
3.03
3.084
3.093
3.145
3.162
3.221
3.239
3.296
3.321
3.378
3.394
3.539
4.423
4.496
4.496
4.895
4.941
5.042
-2.20566 13.353 0.854827
