1 361
5.56
5.505
5.458
5.4
5.339
5.288
5.241
5.246
5.041
4.985
4.949
4.919
4.891
4.864
4.835
4.848
5.202
5.175
5.155
5.176
4.935
4.891
4.865
4.797
4.71
4.664
4.644
4.639
4.604
4.687
4.823
5.028
5.163
5.221
4.752
4.126
4.102
4.082
4.064
4.049
4.04
4.022
4.006
3.988
3.98
3.963
3.952
3.935
3.926
3.918
3.901
3.895
3.877
3.868
3.859
3.851
3.834
3.827
3.816
3.81
3.8
3.801
3.791
3.785
3.775
3.767
3.759
3.75
3.755
3.748
3.742
3.735
3.732
3.724
3.725
3.725
3.718
3.717
3.709
3.711
3.711
3.712
3.711
3.709
3.706
3.707
3.707
3.71
3.704
3.706
3.704
3.704
3.712
3.711
3.705
3.711
3.718
3.721
3.723
3.73
3.731
3.73
3.736
3.739
3.747
3.747
3.745
3.762
3.762
3.771
3.779
3.785
3.786
3.814
4.977
4.995
5.002
5.019
5.028
5.036
5.052
5.06
5.076
5.093
5.102
5.118
5.135
5.15
5.167
5.184
5.199
5.217
5.232
5.257
5.275
5.301
5.319
5.345
5.363
5.378
5.404
5.43
5.447
5.472
5.497
5.522
5.556
5.583
5.609
5.635
5.661
5.698
5.725
5.761
5.787
5.821
5.856
5.889
5.932
5.965
5.998
6.04
6.082
6.113
6.164
6.208
6.244
6.185
6.123
6.052
5.983
5.93
5.879
5.812
5.76
3.016
2.982
2.965
2.938
2.913
2.887
2.871
2.845
2.821
2.805
2.779
2.762
2.745
2.73
2.712
2.685
2.677
2.659
2.641
2.625
2.607
2.59
2.573
2.557
2.549
2.533
2.525
2.508
2.491
2.475
2.467
2.451
2.441
2.434
2.416
2.409
2.4
2.392
2.383
2.365
2.357
2.349
2.34
2.332
2.332
2.315
2.315
2.298
2.298
2.281
2.282
2.273
2.264
2.255
2.255
2.247
2.237
2.238
2.229
2.22
2.22
2.22
2.21
2.211
2.202
2.202
2.192
2.193
2.183
2.183
2.184
2.175
2.175
2.176
2.838
2.85
2.883
2.953
3.011
3.085
3.417
3.422
3.437
3.412
3.468
3.551
3.833
3.982
3.973
3.759
3.954
3.973
3.964
3.475
3.218
3.22
3.215
3.216
3.223
3.165
3.232
3.755
3.921
3.902
3.44
3.289
3.254
3.251
3.665
3.504
3.371
3.235
3.223
3.229
3.235
3.249
3.255
3.269
3.84
3.725
3.6
3.487
3.37
3.264
3.172
3.181
3.19
3.199
3.207
3.216
3.224
3.233
3.242
3.249
3.258
3.275
3.624
3.574
3.534
3.491
3.449
3.409
3.36
3.322
3.345
7.912
7.937
7.975
8.01
8.043
8.079
8.118
8.161
8.183
8.183
8.183
8.183
8.183
8.183
4.926
4.862
4.841
4.807
4.713
4.69
4.67
4.652
4.639
4.622
4.613
4.592
4.579
4.562
4.557
4.546
4.532
4.697
5.34
5.382
5.417
5.467
5.51
5.563
5.606
5.659
5.704
12.2949 6.08091 0.937608
