1 361
2.115
2.124
2.127
2.128
2.128
2.13
2.125
2.125
2.132
2.132
2.131
2.14
2.14
2.14
2.149
2.152
2.157
2.157
2.165
2.165
2.165
2.165
2.174
2.174
2.192
2.178
2.161
2.167
2.175
2.186
8.189
8.183
8.183
8.183
8.183
8.183
8.183
8.183
8.183
8.183
8.183
8.183
8.183
8.183
8.183
8.183
8.183
8.183
8.183
8.183
8.183
8.183
8.183
8.183
8.183
8.183
8.183
3.696
3.652
3.614
3.583
3.55
3.517
3.482
3.46
3.427
3.395
3.37
3.338
3.314
3.289
3.265
3.241
3.215
3.19
3.165
3.149
3.122
3.105
3.1
3.117
3.182
3.047
3.021
2.992
2.967
2.954
2.971
3.018
3.032
3.076
3.093
3.136
3.156
3.194
3.211
3.261
3.276
3.326
3.351
3.407
3.422
3.482
3.499
3.559
3.587
3.649
3.675
3.743
3.768
3.841
3.868
3.94
3.978
4.056
4.089
4.168
4.213
4.293
4.341
4.438
4.47
4.578
4.629
4.741
4.786
4.909
4.96
5.085
5.152
5.285
5.355
5.513
5.591
5.762
5.844
6.03
6.116
6.32
6.415
6.649
6.754
7.089
7.599
7.929
8.079
8.183
8.183
8.183
8.183
8.183
8.187
8.183
8.183
8.183
8.183
8.183
8.183
8.187
8.187
8.183
8.183
8.187
8.187
8.183
8.183
8.183
8.183
8.183
8.183
8.183
8.183
8.187
8.189
8.183
8.183
8.183
8.183
8.183
8.183
8.187
8.183
8.187
8.183
8.183
8.183
8.183
8.189
8.183
8.183
7.962
7.964
6.659
6.413
5.879
5.675
5.23
5.041
5.059
5.057
5.069
4.275
4.012
3.904
3.7
3.622
3.444
3.373
3.224
3.172
3.036
2.994
2.869
2.827
2.718
2.68
2.59
2.558
2.466
2.444
2.361
2.339
2.212
2.195
2.22
2.21
2.227
2.227
2.245
2.245
2.261
2.234
2.182
2.154
2.111
2.093
2.041
2.031
1.989
1.972
1.929
1.917
1.878
1.86
1.826
1.811
1.785
1.768
1.733
1.723
1.698
1.682
1.398
1.39
1.374
1.365
1.361
1.358
1.341
1.333
1.314
1.315
1.29
1.288
1.264
1.263
1.247
1.248
1.229
1.22
1.205
1.205
1.185
1.178
1.168
1.168
1.153
1.153
1.134
1.126
1.118
1.118
1.109
1.101
1.092
1.083
1.076
1.075
1.058
1.059
1.05
1.043
1.033
1.034
1.027
1.027
1.018
1.018
1.009
1.001
0.993
0.992
0.984
0.984
0.976
0.976
0.968
0.968
0.959
0.959
0.959
0.959
0.95
0.95
0.942
0.943
0.933
0.933
0.934
0.934
0.925
0.924
0.916
0.916
0.907
0.909
0.907
0.907
0.908
0.907
0.898
0.898
0.899
0.899
0.891
0.899
0.89
0.891
0.891
0.891
0.882
0.883
0.883
0.882
0.874
0.883
0.874
0.884
0.875
0.876
0.867
0.87
0.87
0.876
0.867
0.867
0.85
0.85
0.85
0.859
0.859
9.28023 13.7931 6.21185
