1 361
1.09
1.106
1.107
1.115
1.115
1.123
1.123
1.131
1.131
1.147
1.145
1.155
1.144
1.164
1.163
1.173
1.173
1.163
1.154
1.136
1.136
1.116
1.116
1.098
1.106
1.078
1.071
1.058
1.05
1.031
1.03
1.011
1.001
0.983
0.975
0.957
0.947
0.931
0.931
0.916
0.917
1.176
1.167
1.158
1.15
1.132
1.133
1.114
1.115
1.098
1.098
1.081
1.072
1.064
1.064
1.048
1.048
1.032
1.032
1.018
1.018
0.758
0.774
0.665
0.663
0.64
0.64
0.626
0.633
0.626
0.627
0.615
0.617
0.61
0.609
0.608
0.612
0.601
0.602
0.6
0.602
0.592
0.596
0.593
0.596
0.586
0.586
0.587
0.587
0.587
0.588
0.579
0.586
0.578
0.577
0.577
0.576
0.567
0.569
0.567
0.568
0.568
0.568
0.569
0.569
0.561
0.56
0.56
0.56
0.56
0.56
0.552
0.56
0.56
0.561
0.552
0.553
0.553
0.555
0.556
0.558
0.553
0.556
0.555
0.558
0.554
0.55
0.557
0.558
0.555
0.553
0.555
0.562
0.553
0.554
0.552
0.562
0.552
0.554
0.561
0.561
0.563
0.561
0.562
0.562
0.56
0.571
0.569
0.561
0.57
0.571
0.57
0.57
0.571
0.58
0.578
0.579
0.58
0.579
0.587
0.587
0.586
0.589
0.595
0.594
0.587
0.597
0.598
0.597
0.596
0.604
0.605
0.606
0.612
0.612
0.612
0.621
0.62
0.621
0.63
0.63
0.63
0.63
0.639
0.638
0.64
0.646
0.648
0.654
0.655
0.664
0.662
0.671
0.673
0.68
0.679
0.686
0.686
0.696
0.696
0.703
0.713
0.719
0.719
0.727
0.737
0.736
0.744
0.752
0.761
0.768
0.767
0.777
0.783
0.783
0.801
0.808
0.883
0.894
0.901
0.903
0.9
0.901
0.899
0.907
0.915
0.915
0.924
0.94
0.939
0.948
0.956
0.973
0.981
0.988
1.005
4.978
4.913
4.898
4.847
4.842
4.753
4.586
4.554
4.546
4.51
4.494
4.46
4.442
4.407
4.399
4.356
4.347
4.306
4.297
4.264
4.256
4.223
4.215
4.181
4.173
4.149
4.14
4.109
4.109
4.082
4.076
4.048
4.038
4.012
4.013
3.988
3.987
3.961
3.961
3.934
3.935
3.917
3.918
3.891
3.891
3.873
3.873
3.854
3.855
3.838
3.838
3.819
3.824
3.802
3.812
3.796
3.796
3.766
3.767
3.76
3.908
3.899
3.899
3.89
3.891
3.882
3.883
3.873
3.873
3.866
3.866
3.858
3.868
3.855
3.859
3.864
3.867
3.857
3.856
3.862
3.862
3.857
3.866
3.866
3.867
3.875
3.877
3.715
3.72
3.733
3.74
3.747
3.756
3.756
3.755
3.763
3.763
3.781
3.773
3.185
3.176
3.159
3.15
3.133
3.124
3.098
3.089
3.072
3.063
3.045
3.045
3.026
3.019
3.001
2.992
2.983
2.975
2.957
2.957
2.939
0.66
0.655
0.661
0.657
0.664
2.71509 8.61235 5.91172
