1 361
2.056
2.066
2.065
2.066
2.073
2.135
3.639
3.728
3.976
4.036
4.08
4.134
4.168
4.239
4.281
4.347
4.397
4.475
4.526
4.496
4.478
4.447
4.467
4.587
4.648
4.734
4.798
4.897
4.948
5.054
5.121
5.237
5.307
5.434
5.508
5.647
5.729
5.884
5.981
6.15
7.642
7.923
8.047
8.183
8.183
8.183
8.183
8.183
8.183
8.183
8.183
8.183
8.183
8.183
8.183
8.183
8.183
8.183
8.183
8.183
8.183
8.183
8.183
8.183
8.183
8.183
8.183
8.187
8.187
8.183
8.191
8.191
8.183
8.183
8.183
8.183
8.183
8.183
8.183
8.183
8.183
8.183
8.183
8.183
8.183
8.183
8.183
8.183
8.183
8.183
8.183
8.183
8.183
7.779
7.779
7.805
5.911
5.548
5.265
4.863
4.665
4.356
4.176
3.902
3.784
3.571
3.462
3.279
3.201
3.036
2.962
2.824
2.755
2.641
2.589
2.484
2.434
2.34
2.3
2.213
2.179
2.105
2.082
2.007
1.983
1.914
1.887
1.831
1.815
1.755
1.738
1.687
1.671
1.58
1.557
1.53
1.529
1.54
1.547
1.555
1.565
1.572
1.582
1.59
1.598
1.602
1.585
1.549
1.54
1.507
1.492
1.468
1.468
1.435
1.426
1.394
1.392
1.368
1.361
1.334
1.334
1.309
1.3
1.283
1.276
1.258
1.259
1.231
1.232
1.214
1.205
1.189
1.189
1.17
1.173
1.186
4.726
7.889
7.991
7.909
7.863
7.788
8.183
8.183
8.183
8.137
6.517
8.183
8.183
8.183
8.183
8.183
8.183
8.183
8.183
8.183
8.183
8.183
8.183
8.183
8.183
7.932
7.825
7.767
7.787
7.904
8.183
7.222
7.02
7.044
7.729
7.42
7.289
7.233
7.207
7.134
7.102
7.079
7.207
7.399
7.57
7.645
8.183
8.183
8.183
8.183
8.183
8.183
8.183
8.183
8.183
8.183
8.183
8.183
8.183
8.183
8.183
8.183
8.183
8.183
8.183
8.183
8.183
2.794
2.693
2.682
2.681
2.686
2.698
2.689
2.705
2.697
2.704
2.711
2.712
2.711
2.722
2.722
2.739
2.738
2.721
1.859
1.406
1.293
1.182
1.097
1
0.945
0.924
0.926
0.934
0.924
0.924
0.913
0.707
0.683
0.684
0.686
0.685
0.686
0.684
0.685
0.692
0.692
0.7
0.685
0.691
0.69
0.716
0.714
0.724
0.714
0.723
0.723
0.723
0.722
0.731
0.731
0.73
0.73
0.739
0.731
0.747
0.74
0.747
0.748
0.755
0.755
0.756
0.755
0.764
0.764
0.771
0.771
0.78
0.78
0.788
0.781
0.785
0.778
0.755
0.743
0.736
0.724
0.722
0.713
0.701
0.701
0.681
0.689
0.684
0.673
0.669
0.663
0.665
0.665
0.665
0.656
8.187
8.187
8.187
8.187
8.187
8.187
8.187
8.187
8.187
8.187
8.187
8.187
8.187
8.187
8.187
8.187
8.187
8.187
8.187
8.187
8.187
8.187
8.187
5.61809 8.14969 2.90713
