1 361
0.611
0.604
0.595
0.595
0.587
0.586
0.578
0.571
0.569
0.561
0.561
0.552
0.551
0.542
0.541
0.534
0.533
0.534
0.534
0.517
0.515
0.516
0.517
0.509
0.509
0.498
0.508
0.499
0.499
0.499
0.489
0.49
0.489
0.481
0.48
0.481
0.481
0.473
0.471
0.472
0.473
0.473
0.472
0.463
0.464
0.463
0.464
0.456
0.465
0.456
0.448
0.455
0.447
0.446
0.447
0.448
0.447
0.447
0.447
0.439
0.448
0.438
0.437
0.438
0.437
0.438
0.437
0.438
0.437
0.436
0.437
0.437
0.43
0.428
0.43
0.429
0.429
0.429
0.431
0.43
0.429
0.429
0.429
0.43
0.43
0.43
0.431
0.422
0.424
0.424
0.427
0.423
0.432
0.428
0.44
0.425
0.437
0.42
0.43
0.425
0.423
0.422
0.422
0.422
0.431
0.429
0.429
0.428
0.43
0.429
0.436
0.429
0.428
0.429
0.43
0.438
0.429
0.43
0.439
0.429
0.439
0.437
0.438
0.439
0.438
0.438
0.44
0.44
0.44
0.447
0.441
0.442
0.449
0.447
0.449
0.448
0.449
0.451
0.458
0.458
0.459
0.457
0.458
0.458
0.467
0.466
0.467
0.467
0.467
0.476
0.477
0.476
0.485
0.486
0.486
0.486
0.494
0.487
0.494
0.494
0.495
0.577
0.583
0.587
0.587
0.577
0.573
0.579
0.584
0.584
0.593
0.589
0.588
0.583
0.587
0.584
0.584
0.584
0.584
0.582
0.592
0.601
0.601
0.608
0.609
0.617
0.615
0.623
0.625
0.633
0.632
0.643
0.649
0.656
0.657
0.666
0.666
4.961
4.936
4.873
4.856
4.795
4.777
4.726
4.706
4.656
4.64
4.588
4.569
4.529
4.504
4.47
4.277
4.217
4.224
4.189
4.171
4.141
4.124
4.088
4.071
4.038
4.029
3.996
3.988
3.961
3.952
3.917
3.908
3.881
3.872
3.846
3.836
3.811
3.801
3.785
3.775
3.75
3.741
3.714
3.715
3.688
3.688
3.665
3.665
3.639
3.63
3.622
3.614
3.597
3.598
3.58
3.58
3.564
3.554
3.547
3.544
3.528
3.527
3.511
3.512
3.502
3.502
3.484
3.486
3.478
3.478
3.469
3.463
3.448
3.44
3.592
3.592
3.588
3.588
3.58
3.579
3.57
3.57
3.562
3.563
3.564
3.565
3.561
3.565
3.557
3.561
3.556
3.566
3.563
3.572
3.562
3.57
3.569
3.579
3.578
3.587
3.587
3.597
3.589
3.595
3.439
3.448
3.454
3.48
3.479
3.485
3.486
3.496
3.496
3.512
3.514
3.521
3.529
3.531
2.937
2.928
2.91
2.902
2.892
2.884
2.867
2.868
2.851
2.842
2.824
2.825
2.809
2.809
2.791
2.791
2.775
2.774
2.766
2.757
2.749
2.749
2.733
2.735
3.838
3.849
3.874
3.891
3.913
3.927
3.954
3.971
3.99
4.006
4.032
4.051
4.075
4.101
4.128
4.152
4.176
4.202
4.202
4.229
4.461
4.485
3.03805 8.53611 6.17831
