1 361
2.024
2.033
2.034
2.042
2.042
2.05
2.05
2.058
2.049
2.056
2.066
2.063
2.063
3.988
4.024
4.088
4.122
4.192
4.234
4.307
4.35
4.44
4.481
4.516
4.497
4.467
4.452
4.562
4.61
4.711
4.764
4.86
4.926
5.04
5.107
5.232
5.301
5.43
5.514
5.664
5.744
5.909
6
6.27
7.794
8.01
8.157
8.183
8.183
8.183
8.183
8.183
8.183
8.183
8.183
8.183
8.183
8.183
8.183
8.183
8.183
8.183
8.183
8.183
8.183
8.183
8.183
8.183
8.183
8.183
8.187
8.183
8.183
8.183
8.191
8.183
8.183
8.183
8.183
8.183
8.183
8.183
8.183
8.183
8.183
8.183
8.183
8.183
8.183
8.183
8.183
8.183
8.183
8.183
8.183
8.183
8.183
7.837
7.847
5.969
5.953
5.5
5.263
4.888
4.707
4.416
4.26
4.002
3.887
3.686
3.579
3.402
3.317
3.165
3.087
2.962
2.891
2.777
2.717
2.618
2.568
2.479
2.431
2.354
2.313
2.242
2.208
2.14
2.113
2.042
2.025
1.962
1.939
1.88
1.864
1.813
1.792
1.745
1.719
1.646
1.63
1.609
1.616
1.616
1.634
1.64
1.65
1.658
1.666
1.676
1.684
1.651
1.644
1.61
1.604
1.571
1.561
1.531
1.522
1.497
1.49
1.465
1.457
1.433
1.424
1.398
1.391
1.375
1.374
1.349
1.339
1.323
1.324
1.297
1.298
1.281
1.281
1.263
1.255
1.27
8.06
8.035
7.991
7.904
7.878
8.183
8.183
8.183
8.183
6.616
8.183
8.183
8.183
8.183
8.183
8.183
8.183
8.183
8.183
8.183
8.183
8.183
8.183
8.183
7.928
7.872
7.853
7.968
8.183
7.824
7.111
7.124
7.327
7.67
7.376
7.322
7.301
7.246
7.183
7.151
7.26
7.422
7.653
7.7
8.183
8.183
8.183
8.183
8.183
8.183
8.183
8.183
8.183
8.183
8.183
8.183
8.183
8.183
8.183
8.183
8.183
8.183
8.183
8.183
2.885
2.77
2.761
2.759
2.773
2.767
2.776
2.775
2.785
2.783
2.792
2.789
2.799
2.798
2.807
2.808
2.088
1.449
1.27
1.106
1.035
0.998
1.001
0.991
0.835
0.76
0.763
0.758
0.754
0.752
0.759
0.749
0.756
0.755
0.756
0.754
0.764
0.774
0.781
0.781
0.78
0.781
0.789
0.789
0.789
0.789
0.796
0.788
0.796
0.796
0.805
0.795
0.805
0.796
0.805
0.804
0.813
0.804
0.813
0.813
0.822
0.822
0.822
0.822
0.831
0.832
0.831
0.816
0.78
0.783
0.762
0.766
0.754
0.752
0.731
0.725
0.714
0.713
0.707
0.707
0.698
0.694
0.73
0.859
0.89
0.899
0.891
0.914
0.92
8.187
0.914
0.923
8.187
0.935
8.187
8.187
8.187
8.187
8.187
8.187
8.187
8.187
8.187
8.187
8.187
8.187
1.032
8.187
8.187
8.187
8.187
8.187
8.187
1.104
1.097
1.101
1.08
5.71149 8.12638 2.88532
