1 361
1.615
1.597
1.581
1.564
1.557
1.529
1.522
1.508
1.488
1.47
1.462
1.445
1.436
1.412
1.411
1.394
1.385
1.377
1.368
1.35
1.341
1.332
1.323
1.314
1.305
1.288
1.289
1.272
1.272
1.254
1.256
1.237
1.239
1.22
1.221
1.213
1.213
1.193
1.194
1.187
1.178
1.168
1.168
1.16
1.16
1.143
1.142
1.133
1.124
1.097
1.097
1.088
1.089
1.079
1.08
1.066
1.082
1.084
1.118
1.136
1.162
1.175
1.289
1.303
1.333
1.324
1.336
1.325
3.941
3.971
8.187
8.187
6.684
6.668
6.64
6.633
6.817
6.964
7.984
8.046
8.183
8.183
8.183
8.183
2.689
2.687
2.84
2.929
3.122
3.218
3.462
3.599
3.945
4.139
4.727
4.997
5.93
6.37
7.7
8.183
8.183
8.183
8.183
8.183
8.183
8.183
8.183
8.183
8.183
8.183
8.183
8.183
8.183
8.183
8.183
8.183
8.183
8.183
8.183
8.183
8.183
8.183
8.183
8.183
8.183
8.183
8.183
8.183
8.183
8.183
8.183
8.183
8.183
8.183
8.183
8.183
8.183
8.183
8.183
8.183
8.183
8.183
8.183
8.183
8.183
8.183
8.183
2.221
2.19
2.172
2.137
2.112
2.076
2.059
2.024
2.007
1.98
1.963
1.93
1.914
1.887
1.872
1.847
1.838
1.812
1.795
1.779
1.771
1.745
1.729
1.711
1.701
1.685
1.669
1.661
1.643
1.627
1.619
1.603
1.587
1.578
1.57
1.556
1.549
1.586
1.578
1.582
1.609
1.557
1.539
1.489
1.482
1.464
1.457
1.439
1.431
1.414
1.406
1.414
1.414
1.44
1.44
1.486
1.478
1.511
1.51
1.543
1.543
1.576
1.583
1.617
1.618
1.648
1.647
1.689
1.696
1.729
1.738
1.785
1.785
1.823
1.824
1.874
1.873
1.934
1.934
1.994
1.993
2.055
2.063
2.116
2.123
2.191
2.2
2.269
2.285
2.36
2.368
2.442
2.46
2.559
2.565
2.669
2.678
2.788
2.801
2.915
2.929
3.048
3.082
3.226
3.25
3.406
3.431
3.617
3.649
3.856
3.905
4.13
4.187
4.448
4.523
4.815
4.914
5.279
5.368
6.805
6.94
7.091
7.087
7.168
7.177
7.309
7.295
7.293
7.283
7.22
7.205
7.18
7.172
7.154
7.152
7.141
7.136
7.145
7.144
7.137
7.142
7.16
7.168
7.175
7.154
7.184
7.122
7.136
7.124
7.179
8.183
8.183
7.19
8.187
8.187
7.22
8.187
7.233
7.231
7.247
7.256
7.274
7.288
7.3
7.296
7.326
7.339
7.369
7.368
7.376
7.379
7.141
7.15
7.2
7.249
6.431
6.215
6.019
5.949
5.731
5.687
5.484
5.431
5.235
5.201
5.028
4.984
4.826
4.782
4.652
4.616
4.469
4.426
4.414
4.424
4.46
4.462
4.345
4.321
4.202
4.177
4.084
4.059
3.968
3.951
3.589
3.574
3.535
3.524
3.448
3.432
3.366
3.35
3.287
10.6318 12.9455 5.19978
