1 361
1.168
1.257
1.287
1.322
1.313
1.305
1.301
1.302
1.304
1.293
1.266
1.213
1.228
1.281
1.309
1.32
1.322
1.327
1.324
1.332
1.326
1.33
1.321
1.327
1.327
1.324
1.323
1.328
1.326
1.337
1.335
1.343
1.336
1.343
1.35
1.354
1.351
1.354
1.36
1.358
1.356
1.358
1.367
1.359
1.367
1.367
1.366
1.376
1.375
1.382
1.382
1.392
1.39
1.398
1.399
1.409
1.41
1.412
1.418
1.343
1.313
1.295
1.297
1.305
1.305
1.315
1.324
1.335
1.333
1.341
1.348
1.444
1.437
1.437
1.437
1.44
1.433
1.437
1.445
1.453
1.453
1.471
1.471
1.486
1.488
6.62
6.558
6.464
6.409
6.308
6.256
6.161
6.121
6.036
5.985
5.915
5.866
5.779
5.723
5.704
5.746
5.778
5.743
5.667
5.632
5.571
5.535
5.465
5.439
5.379
5.347
5.296
5.244
5.009
5.01
4.958
4.933
4.89
4.863
4.82
4.803
4.759
4.741
4.697
4.68
4.637
4.62
4.577
4.569
4.525
4.518
4.475
4.467
4.432
4.414
4.388
4.372
4.338
4.328
4.297
4.287
4.256
4.249
4.223
4.207
4.183
4.177
4.157
4.148
4.124
4.116
4.091
4.09
4.065
4.066
4.119
4.206
4.343
4.447
4.537
4.532
4.513
4.514
4.491
4.49
4.472
4.463
4.439
4.424
4.4
4.589
4.679
6.168
6.18
6.179
6.152
6.156
7.575
8.033
8.183
8.183
8.183
8.183
8.183
8.183
8.183
8.183
8.183
8.183
8.183
8.183
8.183
6.167
4.33
4.292
4.296
4.308
4.305
4.309
4.307
4.31
4.31
4.324
4.32
4.322
4.314
4.321
4.33
4.336
4.327
4.339
4.344
4.352
4.35
4.367
4.374
4.376
4.385
4.397
4.359
4.202
4.029
3.874
3.881
3.891
3.901
3.906
3.921
3.956
3.951
3.984
3.97
3.998
3.986
4.014
4.009
4.039
4.033
4.045
4.048
4.066
4.076
4.104
4.112
4.138
4.149
4.165
4.18
4.204
4.215
4.247
4.255
4.279
4.296
4.323
4.946
4.962
4.997
5.02
5.046
5.07
5.096
5.128
5.151
5.19
5.214
0.997
0.98
0.971
0.964
0.947
0.939
0.931
0.923
0.91
0.908
0.919
0.913
0.906
0.899
0.901
0.901
0.91
0.894
0.893
0.892
0.87
0.852
0.864
0.864
0.861
0.857
0.838
0.833
0.843
0.843
0.851
0.85
0.856
0.857
0.875
0.875
0.876
0.884
0.888
0.882
0.901
0.912
1.163
1.164
1.198
1.213
1.26
1.26
1.29
1.303
1.352
1.359
1.345
1.35
1.411
1.428
1.475
1.502
1.504
1.494
1.533
1.549
1.581
1.612
1.654
1.662
1.647
1.732
1.76
1.743
1.728
1.735
1.725
1.719
1.724
1.717
1.585
1.472
1.434
1.426
1.418
1.413
1.452
1.482
1.564
1.709
1.7
1.692
1.693
1.693
1.684
1.684
1.684
1.668
1.654
-3.02658 11.2967 1.34395
