1 361
1.344
1.344
1.344
1.343
1.335
1.334
1.334
1.334
1.325
1.325
1.325
1.325
1.325
1.316
1.316
1.318
1.307
1.317
1.309
1.31
1.31
1.305
1.306
1.302
1.304
1.302
1.307
1.303
1.306
1.31
1.302
1.302
1.302
1.153
1.152
1.153
1.144
1.15
1.149
1.151
1.152
1.135
1.139
1.156
1.157
1.158
1.159
1.157
1.156
1.228
1.254
1.33
1.33
1.336
1.335
1.348
1.347
1.347
1.354
1.361
1.364
1.364
1.362
1.369
1.369
1.376
1.37
1.382
1.38
1.392
1.392
1.4
1.4
1.407
1.413
1.415
1.422
1.432
1.43
1.446
1.447
1.453
1.455
1.463
1.471
1.478
1.479
1.495
1.492
1.5
1.508
1.515
1.517
1.532
1.541
1.55
1.558
1.565
1.571
1.477
1.47
1.443
1.451
1.484
1.484
1.501
1.501
1.527
1.527
1.619
1.619
1.626
1.626
1.636
1.645
1.668
1.669
1.698
1.699
6.019
5.989
5.919
5.895
5.824
5.8
5.729
5.704
5.641
5.626
5.562
5.535
5.285
5.268
5.235
5.225
5.168
5.152
5.102
5.085
5.045
5.027
4.986
4.97
4.918
4.911
4.867
4.859
4.823
4.815
4.77
4.763
4.727
4.717
4.683
4.676
4.639
4.631
4.595
4.589
4.554
4.553
4.528
4.52
4.497
4.487
4.46
4.46
4.435
4.429
4.41
4.4
4.386
4.454
4.634
4.714
4.875
4.873
4.854
4.854
4.828
4.829
4.801
4.802
4.76
4.761
4.9
5.007
5.949
6.525
6.505
6.516
6.587
8.183
8.183
8.183
8.183
8.183
8.183
8.183
8.183
8.183
8.183
8.183
8.183
8.183
6.605
6.484
4.649
4.654
4.658
4.666
4.659
4.673
4.663
4.677
4.672
4.675
4.677
4.682
4.68
4.689
4.688
4.695
4.696
4.705
4.704
4.712
4.717
4.73
4.731
4.744
4.628
4.52
4.234
4.232
4.233
4.249
4.256
4.279
4.428
4.451
4.549
4.533
4.534
4.503
4.717
4.723
4.71
4.702
4.603
4.416
4.43
4.442
4.469
4.478
4.495
4.511
4.527
4.545
4.561
4.579
4.601
1.315
1.293
1.285
1.252
1.244
1.216
1.219
1.21
1.207
1.186
1.195
1.189
1.178
1.146
1.143
1.152
1.144
1.117
1.115
1.115
1.124
1.122
1.132
1.131
1.14
1.14
1.149
1.141
1.147
1.161
1.339
1.348
1.364
1.372
1.388
1.396
1.408
1.424
1.44
1.437
1.455
1.465
1.477
1.494
1.511
1.53
1.545
1.563
1.58
1.587
1.616
1.647
1.66
1.675
1.704
1.724
1.732
1.746
1.772
1.787
1.82
1.842
1.876
1.876
1.905
1.915
1.955
1.926
1.916
1.705
1.586
1.573
1.575
1.562
1.585
1.61
1.626
1.674
1.846
1.837
1.838
1.829
1.82
1.811
1.811
1.795
1.795
1.778
1.762
1.744
1.754
1.746
1.751
1.814
1.861
1.865
1.85
1.851
1.85
-3.12945 10.9224 1.24069
