1 361
4.262
4.328
4.371
4.441
4.478
4.538
4.516
4.48
4.463
4.492
4.565
4.649
4.693
4.775
4.821
4.915
4.967
5.052
5.12
5.224
5.277
5.384
5.453
5.584
5.655
5.774
5.853
6
6.086
7.566
7.656
7.866
7.984
8.183
8.183
8.183
8.183
8.183
8.183
8.183
8.183
8.183
8.183
8.183
8.183
8.183
8.183
8.183
8.183
8.183
8.183
8.183
8.183
8.183
8.183
8.183
8.183
8.183
8.183
8.187
8.191
8.183
8.191
8.183
8.183
8.183
8.183
8.183
8.183
8.183
8.183
8.183
8.183
8.183
8.183
8.183
8.183
8.183
8.183
8.183
8.183
8.183
8.183
8.183
7.616
5.751
5.736
5.074
4.749
4.271
4.037
3.667
3.504
3.249
3.107
2.909
2.807
2.634
2.547
2.391
2.315
2.199
2.137
2.037
1.99
1.892
1.847
1.757
1.742
1.669
1.635
1.57
1.548
1.497
1.475
1.353
1.337
1.317
1.324
1.325
1.333
1.333
1.342
1.342
1.352
1.36
1.361
1.369
1.382
1.373
1.358
1.319
1.31
1.277
1.268
1.233
1.226
1.2
1.182
1.165
1.148
1.13
1.122
1.097
1.088
1.073
1.063
1.047
1.039
1.014
1.015
0.999
0.999
0.973
0.974
0.958
0.949
0.932
0.934
0.916
0.917
0.91
0.923
6.969
6.918
7.072
7.251
4.466
4.462
7.487
7.57
7.706
7.656
7.589
7.541
8.183
8.183
8.183
7.868
6.233
6.264
8.183
8.183
8.183
8.183
8.183
8.183
8.183
8.183
8.183
8.183
8.151
8.183
8.183
8.183
7.586
7.554
7.498
7.536
7.66
8.183
6.957
6.76
6.784
7.448
7.221
7.034
6.985
6.966
6.916
6.845
6.812
6.886
7.044
7.246
7.319
7.47
8.183
8.183
8.183
8.183
8.183
8.183
8.183
8.183
8.183
8.183
8.183
8.183
8.183
8.183
8.183
8.183
8.183
8.183
8.183
8.183
8.183
8.183
8.183
8.183
2.558
2.479
2.441
2.447
2.443
2.461
2.45
2.465
2.458
2.472
2.471
2.484
2.481
2.489
2.497
2.505
2.505
2.514
2.523
2.523
2.529
2.623
2.826
1.653
1.566
1.478
1.412
1.343
1.292
1.231
1.178
1.061
1.025
0.99
0.944
0.919
0.881
0.861
0.837
0.814
0.801
0.774
0.761
0.735
0.725
0.731
0.724
0.731
0.733
0.739
0.731
0.73
0.72
0.714
0.685
0.61
0.604
0.592
0.584
0.558
0.559
0.534
0.536
0.517
0.513
0.501
0.501
0.504
0.509
0.512
0.512
0.519
0.513
0.521
0.519
0.529
0.528
0.538
0.527
0.535
0.536
0.562
0.561
0.578
0.569
0.582
0.58
0.588
0.588
0.595
0.596
0.604
0.601
0.611
0.61
0.611
0.611
0.623
0.629
0.63
0.636
0.647
0.646
0.655
0.652
0.662
0.67
0.678
0.68
0.702
0.698
0.682
0.671
0.673
0.669
0.654
0.654
0.641
0.646
0.632
5.3447 8.20604 2.96988
