1 361
1.374
1.374
1.374
1.381
1.381
1.381
1.39
1.39
1.399
1.399
1.407
1.407
1.415
1.415
1.424
1.423
1.432
1.432
1.44
1.44
1.448
1.456
1.456
1.465
1.473
1.473
1.482
1.49
1.499
1.499
1.508
1.516
1.525
1.533
1.541
1.54
1.549
1.557
1.566
1.574
1.591
1.591
1.606
1.606
1.623
1.631
1.648
1.647
1.665
1.672
1.681
1.698
1.706
1.715
1.732
1.74
1.75
1.766
1.785
1.792
1.818
1.836
1.852
1.861
1.879
1.895
1.91
1.92
1.946
1.963
1.978
1.996
2.021
2.03
2.056
2.073
2.1
2.116
2.144
2.161
2.186
2.205
2.239
2.257
2.291
2.306
2.339
2.365
2.398
2.422
2.464
2.488
2.529
2.561
2.604
2.629
2.681
2.706
2.764
2.789
2.847
2.882
2.943
2.987
3.048
3.092
3.169
3.203
3.285
3.339
3.413
3.47
3.547
3.606
3.706
3.769
3.871
3.938
4.054
4.13
4.261
4.4
5.806
5.788
5.78
5.763
5.754
5.735
5.727
5.711
5.701
5.682
5.674
5.666
5.657
5.647
5.637
5.619
5.621
5.603
5.603
5.595
5.23
5.521
5.579
4.665
4.538
4.53
4.53
4.521
4.53
4.515
4.522
4.515
4.513
4.515
4.515
4.514
4.52
4.514
4.519
4.513
4.529
4.519
4.529
4.52
4.529
4.529
4.538
4.538
4.554
4.546
4.561
4.553
4.569
4.57
4.578
4.578
4.604
4.592
4.611
4.619
4.637
4.637
4.653
4.653
4.67
4.679
4.697
4.696
4.77
5.779
5.807
5.807
5.841
5.842
5.876
5.876
5.909
5.918
5.944
5.95
5.985
5.992
6.027
6.042
6.075
6.092
6.124
6.133
6.175
6.184
6.228
6.245
6.289
6.303
6.346
6.364
6.405
6.43
6.482
6.491
6.544
6.562
6.625
6.643
6.696
6.713
6.78
6.806
6.872
6.889
6.954
6.978
7.056
7.082
7.152
7.177
7.254
7.278
7.365
7.39
7.478
7.512
7.597
7.628
7.725
7.762
7.853
7.895
7.99
8.042
8.136
8.183
8.183
8.183
8.177
8.124
8.055
7.261
7.108
7.072
6.985
6.962
7.084
7.135
7.305
7.597
7.544
7.51
6.697
6.666
6.654
6.716
6.824
6.996
7.215
6.815
6.54
6.507
6.46
6.43
6.399
6.376
6.322
5.815
5.604
5.586
5.56
5.543
5.519
5.499
5.476
5.459
5.434
5.416
5.392
5.38
5.364
5.346
5.331
5.315
5.295
5.287
5.263
5.256
5.239
5.23
5.213
5.214
5.194
5.187
5.172
5.172
5.157
5.149
5.141
5.133
5.126
5.127
5.116
5.108
5.104
5.096
5.094
5.091
5.079
5.078
5.074
5.074
5.074
5.064
5.065
5.058
5.059
5.057
5.057
5.057
5.057
5.059
5.058
5.058
6.205
6.205
6.215
6.215
6.215
6.215
6.224
6.233
6.242
6.242
6.25
6.259
6.268
6.268
6.287
6.287
6.302
6.311
6.32
11.3573 7.95448 4.79033
