1 361
2.017
2.017
2.018
2.018
2.009
2.011
2.007
2.008
2.006
2.001
2.002
2.005
2.001
1.993
1.993
1.984
2.006
1.993
2.009
2.005
2.005
2.009
2.01
2.007
2.009
2.008
2.016
2.015
2.008
1.991
1.999
1.999
2.009
2.001
8.183
8.183
8.183
8.183
8.183
8.183
8.183
8.183
8.183
8.183
8.183
8.183
8.183
8.183
8.183
8.183
8.183
8.183
8.183
8.183
8.183
8.183
8.183
8.183
8.183
8.183
8.183
8.183
8.183
8.183
8.183
8.183
8.183
8.183
3.439
3.407
3.361
3.338
3.29
3.265
3.236
3.202
3.166
3.139
3.114
3.088
3.054
3.026
2.999
2.973
2.955
2.928
2.904
2.878
2.861
2.836
2.814
2.824
2.835
2.897
2.752
2.727
2.703
2.677
2.658
2.672
2.704
2.721
2.763
2.771
2.806
2.82
2.864
2.874
2.916
2.922
2.967
2.985
3.019
3.037
3.089
3.107
3.152
3.167
3.227
3.235
3.293
3.307
3.371
3.388
3.453
3.473
3.542
3.559
3.634
3.657
3.744
3.77
3.847
3.875
3.954
3.988
4.081
4.106
4.2
4.234
4.344
4.374
4.498
4.532
4.661
4.696
4.823
4.864
5.015
5.062
5.229
5.287
5.457
5.531
5.725
5.795
5.994
6.075
6.322
6.411
6.653
7.217
7.551
7.691
8.037
8.032
8.009
8.09
8.183
8.191
8.183
8.183
8.183
8.183
8.183
8.183
8.183
8.187
8.183
8.183
8.187
8.187
8.187
8.183
7.995
8.183
8.183
7.886
7.879
7.893
7.913
7.911
7.927
7.923
7.92
7.903
7.907
7.926
7.911
8.187
7.921
7.931
7.998
8.183
8.187
8.183
8.187
8.183
8.03
7.918
7.672
7.671
6.657
6.383
5.937
5.76
5.366
5.226
4.822
4.779
4.795
4.794
4.803
4.744
3.844
3.819
3.662
3.602
3.439
3.387
3.244
3.201
3.07
3.038
2.93
2.896
2.794
2.77
2.675
2.64
2.559
2.542
2.457
2.432
2.361
2.343
2.276
2.256
2.192
2.183
2.127
2.11
2.019
2.011
1.994
1.994
2.012
2.012
2.029
2.028
2.047
2.05
2.038
2.026
1.984
1.976
1.934
1.924
1.891
1.882
1.848
1.84
1.806
1.798
1.764
1.763
1.737
1.72
1.702
1.693
1.659
1.659
1.635
1.626
1.601
1.602
1.577
1.57
1.552
1.545
1.528
1.52
1.504
1.504
1.47
1.479
1.256
1.255
1.238
1.246
1.235
1.225
1.227
1.238
1.217
1.214
1.209
1.205
1.191
1.188
1.182
1.179
1.165
1.169
1.156
1.152
1.145
1.147
1.138
1.138
1.121
1.121
1.113
1.112
1.103
1.103
1.096
1.096
1.087
1.087
1.07
1.078
1.07
1.061
1.062
1.062
1.053
1.053
1.045
1.045
1.045
1.045
1.036
1.037
1.029
1.036
1.029
1.029
1.021
1.02
1.02
1.021
1.012
1.012
1.012
1.012
1.005
1.004
1.004
1.005
0.996
9.61864 13.7413 6.04851
