1 361
0.924
1.013
1.019
1.059
1.05
1.057
1.057
1.055
1.046
1.047
1.045
1.046
1.045
1.045
1.037
1.037
1.036
1.038
1.037
1.039
1.031
1.032
1.029
1.029
1.037
1.037
1.033
1.029
1.037
1.038
1.036
1.039
1.037
1.036
1.035
1.035
1.036
1.043
1.052
1.043
1.043
1.042
1.043
1.051
1.042
1.051
1.051
1.059
1.061
1.059
1.059
1.06
1.059
1.067
1.067
1.077
1.076
1.076
1.086
1.085
1.094
1.093
1.094
1.102
1.101
1.102
1.102
1.11
1.11
1.121
1.119
1.128
1.128
1.136
1.135
1.143
1.143
1.151
1.152
1.161
1.16
1.17
1.179
1.188
1.186
1.195
1.196
1.214
1.214
1.221
1.221
1.231
1.24
1.253
1.253
1.22
1.221
1.194
1.195
1.169
1.168
1.142
1.142
1.13
1.138
1.149
1.149
1.166
1.175
1.215
1.223
1.232
1.232
1.249
1.258
1.267
1.276
1.292
1.3
1.315
1.323
1.337
1.345
1.362
1.372
1.388
1.396
1.415
1.422
1.448
1.456
1.472
1.489
1.512
1.523
1.545
1.554
1.578
1.596
1.622
1.636
1.668
1.685
1.718
1.727
1.771
1.786
1.821
1.837
1.871
1.896
1.938
1.964
2.006
2.031
2.076
2.101
2.15
2.189
2.239
2.276
2.33
2.372
2.438
2.481
2.553
2.598
2.676
2.721
2.825
2.867
2.951
3.483
3.649
3.728
3.841
3.84
3.832
3.823
3.815
3.88
4.134
4.244
4.267
4.259
4.226
4.218
4.184
4.177
4.144
4.144
4.11
4.101
4.076
4.067
4.042
4.033
4.007
4.014
4.058
4.091
4.134
4.167
4.217
4.248
4.308
4.341
4.391
4.426
8.183
8.183
8.183
8.183
8.183
8.183
8.183
8.183
8.183
8.183
8.183
8.183
8.183
8.183
8.183
8.183
8.183
8.183
8.183
8.183
8.183
8.183
8.183
8.183
8.183
8.183
8.183
8.161
7.84
7.658
7.369
7.208
6.947
6.821
6.604
6.473
6.266
6.152
5.969
5.876
5.695
5.613
5.459
5.382
5.239
5.168
5.028
4.963
4.847
4.746
4.695
4.721
4.742
4.753
4.656
4.603
4.517
4.461
4.374
4.334
4.276
4.348
8.183
8.183
8.183
8.183
8.183
8.183
8.183
8.183
8.183
3.439
3.394
3.233
2.928
2.895
2.859
2.859
2.828
2.822
2.815
2.809
2.81
2.808
2.813
2.823
2.824
2.853
2.883
2.895
2.882
2.859
2.826
2.817
2.785
2.768
2.742
2.725
2.7
2.695
2.667
2.659
2.632
2.615
2.599
2.581
2.567
2.558
2.533
2.525
2.501
2.493
2.477
2.461
2.447
2.437
2.418
2.411
2.395
2.384
2.368
2.359
2.346
2.344
2.325
2.314
2.295
2.287
2.278
2.259
2.249
2.233
2.221
2.199
2.191
2.181
2.173
2.15
2.14
2.129
2.112
2.11
2.094
2.084
2.075
2.065
2.057
2.052
2.044
2.041
2.037
2.034
7.69237 5.40009 1.68544
