1 361
1.057
1.057
1.048
1.049
1.049
1.041
1.04
1.041
1.04
1.032
1.031
1.031
1.03
1.031
1.023
1.022
1.023
1.023
1.025
1.024
1.024
1.016
1.017
1.018
1.019
1.014
1.019
1.019
1.016
1.016
1.021
1.005
0.996
0.996
0.996
1.005
1.012
1.019
1.02
1.022
1.014
1.027
1.02
1.018
1.024
1.023
1.023
1.023
1.022
1.022
1.03
1.03
1.03
1.03
1.03
1.029
1.039
1.038
1.039
1.039
1.047
1.047
1.047
1.051
1.051
1.056
1.063
1.062
1.063
1.072
1.072
1.08
1.08
1.08
1.087
1.088
1.096
1.105
1.105
1.105
1.113
1.122
1.122
1.124
1.131
1.14
1.139
1.149
1.148
1.155
1.163
1.164
1.172
1.173
1.181
1.189
1.2
1.206
1.207
1.217
1.222
1.224
1.233
1.251
1.249
1.257
1.267
1.278
1.286
1.294
1.302
1.31
1.32
1.327
1.335
1.345
1.351
1.372
1.378
1.389
1.395
1.412
1.424
4.766
4.795
4.847
4.89
4.944
4.984
5.035
5.076
5.059
5.032
4.984
4.961
4.914
4.896
4.855
4.831
4.788
2.93
2.879
2.854
2.829
2.812
2.795
2.788
2.789
2.823
2.903
2.937
2.984
3.017
3.071
3.114
3.164
3.215
3.273
3.324
3.387
3.437
3.517
3.565
3.627
3.623
3.607
3.598
3.58
3.576
3.556
3.545
3.537
3.529
3.512
3.504
3.486
3.485
3.468
3.46
3.457
3.526
3.627
3.739
3.87
3.976
4.139
4.299
4.492
4.632
7.005
7.004
6.982
6.978
6.961
6.961
6.941
6.929
7.318
7.758
8.183
8.183
8.183
8.183
8.183
8.183
8.187
8.183
8.183
8.183
8.187
8.191
8.191
8.191
8.187
8.187
8.191
6.664
6.647
6.647
6.64
6.64
6.63
6.632
6.631
6.622
6.622
6.622
6.623
6.623
6.623
6.622
6.623
6.631
6.631
6.631
6.63
6.64
6.639
6.647
6.647
6.665
6.665
6.673
6.673
6.689
6.689
6.707
6.755
6.603
6.416
6.27
6.1
5.961
5.801
5.674
5.523
5.411
5.289
5.187
5.064
4.987
4.869
4.791
4.689
4.614
4.526
4.456
4.375
4.314
4.223
4.166
4.092
4.046
3.975
3.928
3.861
3.808
3.747
3.678
3.587
3.598
3.616
3.643
3.69
3.737
3.775
5.345
5.389
5.427
5.462
5.508
5.539
5.573
5.501
5.51
5.564
5.54
5.474
5.508
5.59
5.631
5.684
5.725
5.778
5.823
5.875
5.923
8.183
8.183
8.183
8.183
8.183
8.183
8.183
8.183
8.183
8.183
8.183
8.183
8.183
8.183
8.183
8.183
8.183
8.183
8.144
8.11
8.183
8.183
2.313
2.277
2.269
2.26
2.248
2.257
2.25
2.243
2.225
2.215
2.206
2.197
2.192
2.18
2.173
2.163
2.155
2.147
2.139
2.139
2.129
2.122
2.112
2.112
2.096
2.097
2.086
2.087
2.079
2.07
2.061
2.06
1.74063 12.7325 2.35363
