1 361
1.659
1.666
1.676
1.683
1.692
1.701
1.709
1.716
1.725
1.734
1.751
1.749
1.768
1.767
1.785
1.793
1.8
1.8
1.827
1.834
1.843
1.851
1.868
1.874
1.9
1.899
1.919
1.927
1.95
1.958
1.975
1.983
2.01
2.02
2.043
2.055
2.078
2.086
2.112
2.121
2.147
2.154
2.182
2.201
2.223
2.241
2.266
2.283
2.318
2.325
2.367
2.382
2.416
2.432
2.474
2.49
2.531
2.547
2.596
2.613
2.657
2.682
2.732
2.749
2.809
2.826
2.885
2.918
2.973
3
3.069
3.093
3.162
3.189
3.271
3.304
3.378
3.418
3.51
3.55
3.641
3.675
3.785
3.828
3.949
4.002
4.121
4.194
4.298
4.78
5.707
5.695
5.686
5.672
5.766
5.705
5.657
5.647
5.645
5.748
6.068
6.189
6.521
6.662
7.058
7.238
7.682
7.89
8.183
8.183
8.183
8.183
8.183
8.183
8.183
8.183
8.183
8.183
8.183
8.183
8.183
8.183
8.183
8.183
8.183
8.183
8.183
8.183
8.183
8.183
8.183
8.183
8.183
8.183
8.183
8.183
8.183
8.183
8.183
8.183
8.183
8.183
8.187
8.183
3.805
3.831
3.909
3.935
4.023
4.048
4.149
4.174
4.283
4.315
4.322
4.316
4.308
4.308
4.307
4.298
4.305
4.296
4.296
4.288
4.29
4.281
4.29
4.282
4.291
4.281
4.191
4.134
4.007
3.965
3.847
3.798
3.695
3.654
3.551
3.524
3.426
3.391
3.308
3.276
3.193
3.168
3.091
3.067
3.005
2.978
2.889
2.861
2.885
2.885
2.912
2.921
2.947
2.918
2.867
2.85
2.792
2.776
2.733
2.709
2.674
2.657
2.613
2.596
2.554
2.545
2.503
2.488
2.455
2.439
2.405
2.389
2.148
2.13
2.104
2.094
2.096
2.085
2.057
2.048
2.035
2.016
1.998
1.989
1.962
1.954
1.937
1.928
1.913
1.903
1.886
1.878
1.861
1.852
1.835
1.836
1.817
1.809
1.793
1.792
1.776
1.767
1.758
1.749
1.741
1.733
1.723
1.714
1.706
1.698
1.689
1.681
1.674
1.664
1.657
1.649
1.649
1.649
1.631
1.632
1.624
1.616
1.607
1.607
1.6
1.599
1.59
1.582
1.574
1.574
1.565
1.565
1.557
1.557
1.549
1.549
1.549
1.54
1.536
1.538
1.533
1.532
1.525
1.525
1.525
1.516
1.516
1.516
1.516
1.516
1.516
1.516
1.508
1.508
1.509
1.501
1.501
1.502
1.5
1.503
1.498
1.496
1.496
1.488
1.479
1.479
1.479
1.488
1.504
1.498
1.502
1.498
1.502
1.501
1.5
1.508
1.507
1.507
1.516
1.507
1.516
1.516
1.516
1.516
1.518
1.518
1.525
1.525
1.532
1.532
1.532
1.54
1.54
1.54
1.882
2.024
2.091
2.1
2.109
2.11
2.118
2.118
2.127
2.127
2.139
2.14
2.12
2.13
2.139
2.141
4.195
4.155
4.171
4.179
4.204
4.211
4.237
-1.14816 14.0095 0.231745
