1 361
1.354
1.354
1.363
1.363
1.381
1.381
1.385
1.381
1.387
1.384
1.381
1.38
1.378
1.388
1.387
1.396
1.395
1.395
1.403
1.403
1.403
1.403
1.403
1.405
1.411
1.412
1.42
1.42
1.42
1.42
1.428
1.428
1.437
1.437
1.446
1.446
1.454
1.454
1.463
1.463
1.471
1.47
1.48
1.479
1.487
1.496
1.504
1.504
1.513
1.512
1.521
1.53
1.538
1.54
1.546
1.554
1.562
1.571
1.579
1.587
1.596
1.596
1.604
1.612
1.629
1.629
1.637
1.653
1.661
1.67
1.686
1.694
1.703
1.711
1.728
1.736
1.755
1.755
1.781
1.787
1.795
1.813
1.83
1.84
1.856
1.863
1.882
1.898
1.915
1.931
1.948
1.965
1.981
1.997
2.024
2.033
2.059
2.075
2.101
2.11
2.137
2.155
2.183
2.206
2.232
2.249
2.285
2.302
2.336
2.359
2.392
2.417
2.448
2.473
2.514
2.539
2.579
2.614
2.658
2.682
2.734
2.767
2.825
2.85
2.911
2.945
3.017
3.061
3.12
3.163
3.231
3.277
3.299
3.386
3.836
3.916
4.825
4.801
4.794
4.772
4.774
4.757
4.844
4.789
4.754
4.736
4.728
4.706
4.913
5.028
5.199
5.358
5.572
5.755
6.017
6.178
6.494
6.709
7.071
7.322
7.736
8.05
8.183
8.183
8.183
8.183
8.183
8.183
8.183
8.183
8.183
8.183
8.183
8.183
8.183
8.183
8.183
8.183
8.183
8.183
8.183
8.183
8.183
8.183
8.183
8.183
8.183
8.183
8.183
8.183
8.183
8.183
8.183
8.183
8.183
8.183
8.183
8.183
8.183
8.183
8.183
8.183
8.183
8.183
7.845
7.657
2.925
2.954
3.024
3.055
3.125
3.169
3.243
3.256
3.274
3.282
3.308
3.31
3.343
3.354
3.389
3.403
3.44
3.445
3.449
3.442
3.449
3.449
3.458
3.458
3.466
3.458
3.466
3.467
3.475
3.475
3.451
3.406
3.333
3.301
3.234
3.202
3.142
3.107
3.047
3.022
2.967
2.942
2.889
2.863
2.815
2.789
2.747
2.721
2.687
2.66
2.625
2.599
2.566
2.552
2.518
2.494
2.46
2.442
2.411
2.395
2.372
2.353
2.329
2.304
2.286
2.254
2.224
2.216
2.212
2.222
2.255
2.264
2.307
2.307
2.295
2.278
2.261
2.252
2.226
2.218
2.2
2.192
2.175
2.158
2.14
2.131
2.123
2.113
2.096
2.086
2.07
2.061
2.052
2.034
2.025
2.016
2.008
1.999
1.991
1.983
1.964
1.965
1.958
1.949
1.939
1.932
1.914
1.914
1.898
1.899
1.89
1.89
1.754
1.714
1.699
1.697
1.69
1.682
1.699
1.698
1.69
1.69
1.681
1.681
1.673
1.676
1.664
1.664
1.656
1.657
1.656
1.649
1.649
1.649
1.64
1.64
1.64
1.632
1.633
1.634
1.625
1.625
1.626
1.626
1.619
1.619
1.614
1.617
1.615
1.619
1.619
1.611
1.604
1.604
1.588
-0.169399 13.9886 6.07343
