1 361
0.664
0.673
0.673
0.679
0.672
0.687
0.688
0.687
0.688
0.696
0.696
0.703
0.712
0.72
0.72
0.727
0.726
0.735
0.743
0.743
0.751
0.752
0.759
0.767
0.774
0.782
0.781
0.791
0.799
0.806
0.815
0.822
0.822
0.839
0.841
0.847
0.857
0.866
0.874
0.891
0.891
0.899
0.917
0.916
0.932
0.941
0.95
0.957
0.975
0.982
0.999
1.007
1.024
1.039
1.045
1.064
1.083
1.096
1.133
1.212
1.211
1.198
1.209
1.23
1.237
1.255
1.264
1.281
1.288
1.307
1.314
5.123
5.091
5.068
4.852
4.832
4.825
4.798
4.763
4.736
4.71
4.692
4.66
4.641
4.615
4.59
4.566
4.549
4.524
4.505
4.482
4.464
4.447
4.429
4.411
4.395
4.376
4.359
4.343
4.325
4.318
4.292
4.285
4.268
4.251
4.243
4.227
4.21
4.202
4.185
4.177
4.162
4.162
4.144
4.146
4.128
4.125
4.112
4.111
4.104
4.094
4.064
4.056
4.187
4.208
4.192
4.191
4.183
4.183
4.177
4.179
4.17
4.17
4.161
4.162
4.154
4.161
4.154
4.154
4.147
4.15
4.147
4.144
4.139
4.144
4.149
4.15
4.147
4.057
3.992
4
4.004
4.022
4.022
4.021
4.021
4.027
4.027
4.036
4.045
4.054
4.046
4.06
4.061
4.07
4.069
4.078
4.081
4.095
4.095
4.113
4.112
4.131
4.129
4.154
4.154
4.171
4.171
4.188
4.194
4.212
4.221
4.236
4.239
4.26
4.269
4.294
4.301
4.32
4.326
4.351
4.36
4.386
4.396
4.42
4.43
4.454
4.464
4.49
4.505
4.531
4.551
4.554
4.571
4.773
4.79
4.823
4.836
1.25
1.239
1.213
1.204
1.186
1.168
1.15
1.14
1.131
1.121
1.137
1.123
1.108
1.106
1.116
1.103
1.059
1.035
1.001
1.004
0.999
1.001
1.001
0.991
0.993
0.992
0.99
0.982
0.991
0.983
0.982
0.975
0.975
0.975
0.975
0.976
0.967
0.966
0.967
0.967
0.959
0.961
0.964
0.966
0.965
0.96
0.965
0.964
0.966
0.962
0.965
0.96
0.969
0.968
0.962
0.969
0.96
0.965
0.961
0.959
0.969
0.967
0.961
0.959
0.967
0.966
0.974
0.964
0.975
0.974
0.974
0.973
0.98
0.981
0.982
0.981
0.981
0.989
0.988
0.989
0.997
0.989
0.997
0.997
1.002
3.139
3.273
3.337
3.504
3.573
3.771
3.847
4.061
4.164
4.414
4.541
4.874
2.112
4.873
2.143
4.865
4.865
2.719
2.717
2.599
2.278
2.244
2.196
2.192
2.194
2.201
2.197
2.24
2.243
2.627
2.658
2.887
2.887
2.887
2.895
2.919
2.918
2.582
2.586
2.55
2.549
2.264
2.076
1.876
1.841
1.849
1.826
1.858
1.823
1.833
1.824
1.832
1.822
1.831
1.833
1.839
1.833
1.84
1.843
1.85
1.852
1.859
1.853
1.86
1.863
1.556
1.564
1.53
4.34472 2.42331 0.414795
