1 361
4.154
3.849
3.846
3.829
5.329
5.293
5.248
5.245
5.037
4.991
4.94
4.915
4.887
4.862
4.832
4.849
5.197
5.167
5.156
5.177
4.934
4.881
4.865
4.814
4.708
4.672
4.635
4.638
4.609
4.692
4.82
5.034
5.17
5.209
4.749
4.117
4.098
4.082
4.072
4.055
4.029
4.02
4.004
3.987
3.978
3.959
3.951
3.934
3.916
3.907
3.899
3.885
3.876
3.867
3.859
3.851
3.832
3.825
3.817
3.809
3.809
3.799
3.79
3.782
3.774
3.766
3.756
3.757
3.748
3.747
3.741
3.735
3.728
3.723
3.724
3.715
3.707
3.716
3.708
3.71
3.711
3.711
3.712
3.708
3.705
3.706
3.702
3.707
3.709
3.706
3.704
3.711
3.71
3.708
3.711
3.71
3.717
3.719
3.728
3.729
3.728
3.729
3.737
3.736
3.745
3.754
3.753
3.752
3.762
3.769
3.769
3.783
3.785
3.821
4.975
4.994
5.001
5.011
5.027
5.034
5.052
5.067
5.076
5.092
5.101
5.117
5.133
5.149
5.167
5.183
5.197
5.215
5.232
5.257
5.275
5.292
5.318
5.343
5.36
5.386
5.403
5.428
5.445
5.47
5.496
5.522
5.555
5.581
5.607
5.634
5.662
5.698
5.723
5.76
5.786
5.82
5.854
5.888
5.931
5.964
5.997
6.038
6.079
6.119
6.154
6.207
6.233
6.182
6.121
6.041
5.985
5.92
5.871
5.81
5.759
3.015
2.99
2.966
2.937
2.911
2.897
2.871
2.845
2.819
2.804
2.788
2.762
2.745
2.73
2.711
2.684
2.676
2.659
2.641
2.623
2.606
2.59
2.572
2.557
2.549
2.532
2.516
2.507
2.49
2.482
2.467
2.45
2.441
2.433
2.425
2.408
2.399
2.391
2.374
2.374
2.357
2.348
2.339
2.331
2.322
2.314
2.306
2.306
2.298
2.28
2.281
2.272
2.263
2.263
2.246
2.246
2.237
2.237
2.228
2.219
2.219
2.21
2.21
2.21
2.201
2.201
2.191
2.192
2.182
2.183
2.174
2.174
2.174
2.176
2.847
2.85
2.892
2.953
3.004
3.076
3.417
3.421
3.436
3.414
3.468
3.541
3.875
3.973
3.972
3.759
3.954
3.963
3.964
3.475
3.22
3.211
3.214
3.214
3.22
3.164
3.231
3.745
3.92
3.909
3.44
3.298
3.255
3.249
3.663
3.504
3.37
3.233
3.223
3.227
3.242
3.24
3.246
3.259
3.848
3.725
3.601
3.485
3.37
3.263
3.18
3.18
3.189
3.198
3.206
3.206
3.215
3.232
3.241
3.249
3.266
3.275
3.624
3.572
3.529
3.488
3.437
3.398
3.36
3.319
3.333
7.903
7.939
7.975
8.008
8.039
8.076
8.121
8.161
8.183
8.183
8.183
8.183
8.183
8.183
4.928
4.862
4.84
4.814
4.701
4.688
4.667
4.654
4.636
4.63
4.602
4.594
4.578
4.57
4.553
4.545
4.531
4.705
5.341
5.373
5.417
5.468
5.51
5.562
5.605
5.658
5.702
12.2949 6.08091 0.937608
