1 361
2.913
2.905
2.896
2.896
2.887
2.878
2.878
2.87
2.87
2.861
2.852
2.852
2.843
2.844
2.834
2.834
2.826
2.826
2.817
2.826
2.817
2.818
2.817
2.818
2.81
2.811
2.811
2.812
2.804
2.805
2.805
2.808
2.808
2.813
2.804
2.811
2.811
2.818
2.81
2.817
2.817
2.825
2.817
2.833
2.833
2.841
2.832
2.842
2.842
2.85
2.851
2.858
2.858
3.918
3.909
3.936
3.927
3.945
3.945
3.963
3.963
3.98
3.98
3.999
3.999
4.016
4.016
4.042
4.032
4.066
4.058
4.093
4.085
4.111
4.11
4.142
4.135
4.168
4.169
4.201
4.195
4.235
4.228
4.268
4.259
4.307
4.3
4.341
4.343
4.383
4.383
4.427
4.425
4.47
4.469
4.512
4.512
4.56
4.562
4.62
4.612
4.67
4.671
4.731
4.733
4.793
4.785
4.856
4.857
4.915
4.916
4.993
4.993
5.06
5.06
5.142
5.141
5.225
5.225
5.311
5.31
5.396
5.396
5.489
5.487
5.6
5.6
5.706
5.707
5.812
5.811
5.931
5.93
6.055
6.054
6.198
6.197
6.327
6.335
6.473
6.472
6.596
6.595
6.518
6.518
6.447
6.449
6.372
6.371
5.679
5.658
5.495
5.503
5.421
5.425
5.343
5.353
5.533
5.533
6
6
5.959
5.959
5.908
5.907
5.182
5.182
5.153
5.153
5.255
5.25
5.711
5.702
5.683
5.69
5.159
5.159
5.111
5.119
5.078
5.085
5.056
5.059
5.019
5.02
5.518
5.494
4.887
4.896
4.796
4.779
4.316
4.315
4.292
4.291
4.283
4.283
4.267
4.266
4.259
4.259
4.252
4.259
4.243
4.251
4.235
4.242
4.227
4.235
4.228
4.235
4.227
4.227
4.225
4.234
4.226
4.234
4.225
4.233
4.241
4.24
4.24
4.249
4.25
4.258
4.26
4.262
4.273
4.273
4.28
4.289
4.295
4.304
4.312
4.314
4.334
4.341
4.348
4.355
4.364
4.373
4.381
4.389
4.407
4.407
4.428
4.429
4.453
4.458
4.474
4.483
4.505
4.511
4.528
4.538
4.552
4.561
4.588
4.6
4.624
4.625
5.915
5.924
5.966
5.973
6.015
6.023
6.065
6.081
6.131
6.138
6.191
6.199
6.251
6.26
6.319
6.328
6.388
6.396
6.466
6.473
6.535
6.544
6.614
6.623
6.693
6.712
6.789
6.805
6.88
6.888
6.979
6.987
7.081
7.1
7.184
7.201
7.304
7.322
7.205
7.205
7.073
7.065
6.954
6.956
6.84
6.843
6.728
6.728
6.621
4.156
4.074
4.081
4.022
4.023
3.972
3.971
3.919
3.927
3.873
3.874
3.832
3.831
3.788
3.789
3.737
3.745
3.703
3.703
3.66
3.67
3.629
3.628
3.593
3.603
3.568
3.569
3.533
3.543
3.509
3.508
3.485
3.485
3.46
3.46
3.428
3.436
3.411
3.41
3.386
3.388
3.372
3.371
3.347
3.346
3.331
3.331
3.315
3.323
3.298
3.308
11.5784 5.619 6.17357
