1 361
0.636
0.636
0.637
0.636
0.638
0.642
0.633
1.077
1.224
1.705
2.204
3.708
5.135
6.763
6.781
6.791
6.76
6.757
6.761
6.767
6.772
6.77
6.776
6.779
6.784
6.792
6.797
6.808
6.811
6.818
6.829
6.834
6.84
6.856
6.866
6.948
6.879
6.88
7.043
7.045
6.942
6.958
6.976
6.991
7.006
7.022
7.046
7.063
7.085
7.1
7.124
7.14
7.171
7.198
7.208
7.235
7.262
7.292
7.529
7.315
7.297
7.099
7.116
7.152
7.306
7.168
7.179
7.198
6.313
6.19
6.094
5.984
5.895
5.809
5.725
5.637
5.559
5.479
5.409
5.331
5.261
5.195
5.139
5.061
5.01
4.944
4.886
4.829
4.788
4.727
4.677
4.596
4.597
4.632
4.665
4.645
4.596
4.545
4.505
4.455
4.421
4.38
4.336
4.293
4.26
4.233
4.198
4.16
4.012
3.887
3.881
3.859
3.832
3.807
3.779
3.754
3.719
3.695
3.671
3.645
3.628
3.595
3.577
3.551
3.534
3.507
3.491
3.474
3.457
3.434
3.417
3.399
3.384
3.359
3.35
3.327
3.32
3.303
3.289
3.27
3.263
3.247
3.228
3.22
3.204
3.187
3.189
3.163
3.162
3.144
3.137
3.119
3.119
3.101
3.097
3.085
3.085
3.066
3.069
3.051
3.041
3.033
3.035
3.025
3.015
3.015
3.009
2.98
2.974
2.966
2.989
3.112
3.108
3.099
3.1
3.091
3.091
3.083
3.083
3.075
3.075
3.075
3.076
3.066
3.066
3.066
3.066
3.061
3.061
3.06
3.064
3.056
3.058
3.056
3.058
3.055
3.061
3.059
3.062
3.059
3.066
3.066
3.075
3.064
3.075
3.062
2.921
2.921
2.93
2.943
2.954
2.953
2.962
2.963
2.969
2.972
2.989
2.988
2.995
2.997
3.006
3.006
3.014
3.018
3.031
3.042
3.049
3.05
3.065
3.066
3.086
3.082
3.091
3.1
3.118
3.116
3.135
3.136
3.159
3.159
3.177
3.184
3.201
3.211
3.229
3.233
3.26
3.267
3.286
3.293
3.313
3.318
3.35
3.348
3.382
3.382
3.407
3.422
3.447
3.464
3.48
3.498
3.524
3.541
3.566
3.584
3.609
3.625
3.658
3.676
3.71
3.733
3.743
3.769
3.989
4.013
4.057
4.073
4.115
4.139
4.176
4.21
4.251
4.281
4.332
4.355
4.408
4.444
4.503
4.475
4.433
4.411
4.431
4.508
4.561
4.605
4.663
4.697
4.762
4.796
4.865
4.913
4.982
5.025
5.098
5.153
5.23
5.296
5.373
5.432
5.524
5.587
5.691
5.753
5.861
5.936
6.057
6.103
6.589
6.687
6.778
6.892
7.012
6.984
6.952
7.086
7.245
7.374
7.356
7.308
7.24
7.198
7.142
7.096
7.037
7.011
7.05
7.081
7.126
7.166
7.21
7.243
7.293
7.324
8.183
8.183
8.183
8.183
8.183
8.183
8.183
8.183
8.183
8.183
8.183
8.187
8.183
8.183
8.183
8.191
8.187
5.51908 2.69509 -0.009346
