1 361
2.66
2.661
2.663
2.65
2.643
2.643
2.682
2.644
2.685
2.689
2.695
2.702
2.716
2.715
2.722
2.766
2.881
2.861
2.842
2.723
2.717
2.722
2.72
2.722
2.73
2.738
2.743
3.109
3.115
3.377
3.258
3.062
2.881
2.703
2.632
2.632
2.632
2.641
2.641
2.641
2.65
2.658
2.658
2.668
2.675
2.676
2.682
2.682
2.711
3.088
3.039
2.985
2.941
2.889
2.846
2.809
2.766
2.724
2.715
2.765
7.138
7.155
7.19
7.204
7.238
7.256
7.299
7.325
7.349
7.375
7.411
7.44
7.474
7.501
7.535
7.57
7.619
7.636
7.858
4.298
4.25
4.193
4.182
4.127
4.057
4.041
4.025
3.998
3.992
3.973
3.965
3.949
3.939
3.923
3.914
3.905
3.897
3.879
3.868
4.051
4.668
4.703
4.747
4.774
4.818
4.852
4.895
4.929
4.98
5.014
5.073
5.106
5.164
3.023
3.004
2.979
2.955
2.927
2.909
2.884
2.867
2.843
2.826
2.802
2.785
2.76
2.751
2.726
2.708
2.692
2.674
2.667
2.649
2.631
2.622
2.596
2.588
2.572
2.563
2.54
2.539
2.515
2.507
2.49
2.481
2.473
2.465
2.448
2.44
2.423
2.416
2.407
2.399
2.39
2.39
2.373
2.365
2.355
2.356
2.339
2.331
2.333
2.324
2.315
2.307
2.299
2.3
2.291
2.291
2.284
2.284
2.275
2.275
2.266
2.266
2.258
2.257
2.248
2.249
2.24
2.24
2.241
2.241
2.232
2.233
2.225
2.234
2.226
2.228
2.22
2.222
2.216
2.228
2.22
2.221
2.225
2.226
2.22
2.22
2.219
2.225
2.223
2.228
2.218
2.225
2.223
2.229
2.227
2.234
2.223
2.232
2.232
2.24
2.23
2.24
2.238
2.248
2.248
2.255
2.255
2.255
2.255
2.264
2.264
2.273
2.273
2.288
2.288
2.297
2.297
2.306
2.306
2.322
2.322
2.331
2.331
2.347
2.347
2.364
2.364
2.381
2.381
2.398
2.398
2.414
2.414
2.438
2.439
2.456
2.464
2.48
2.489
2.505
2.506
2.529
2.529
2.555
2.555
2.579
2.578
2.604
2.604
2.629
2.638
2.665
2.671
2.69
2.697
2.721
2.732
2.756
2.763
2.788
2.795
2.83
2.838
2.872
2.88
2.915
2.923
2.95
2.967
2.994
3.01
3.045
3.063
3.097
3.115
3.149
3.167
3.209
3.218
3.269
3.284
3.325
3.349
3.397
3.412
3.463
3.491
3.541
3.564
3.615
3.647
3.7
3.733
3.794
3.821
3.881
3.908
3.978
4.011
4.079
4.12
4.195
4.237
4.31
4.36
4.443
4.485
6.097
6.071
6.029
6.014
5.982
5.957
5.933
5.907
5.883
5.855
5.83
5.814
5.788
5.779
5.753
5.734
5.708
5.699
4.947
4.82
4.79
4.749
4.734
4.7
4.488
4.48
4.463
4.455
4.447
4.437
4.42
4.421
4.404
4.396
4.386
4.378
4.372
4.371
4.353
4.356
4.345
2.22149 -0.008765 1.54391
