1 361
5.554
5.525
5.468
5.414
5.339
5.296
5.25
5.243
5.038
4.992
4.938
4.919
4.89
4.864
4.832
4.854
5.2
5.17
5.156
5.193
4.936
4.892
4.869
4.834
4.727
4.702
4.656
4.669
4.635
4.704
4.831
5.036
5.154
5.212
4.752
4.127
4.102
4.085
4.067
4.052
4.042
4.024
4.007
3.998
3.981
3.964
3.955
3.936
3.927
3.91
3.904
3.896
3.879
3.871
3.863
3.854
3.836
3.829
3.829
3.821
3.811
3.803
3.794
3.786
3.778
3.768
3.761
3.761
3.758
3.75
3.743
3.738
3.733
3.727
3.728
3.728
3.719
3.719
3.712
3.713
3.713
3.715
3.715
3.711
3.708
3.71
3.714
3.712
3.711
3.709
3.705
3.715
3.714
3.711
3.714
3.713
3.72
3.723
3.724
3.733
3.731
3.733
3.74
3.741
3.748
3.75
3.756
3.764
3.763
3.773
3.78
3.786
3.787
3.827
4.979
4.987
5.003
5.021
5.03
5.047
5.055
5.071
5.079
5.094
5.103
5.121
5.134
5.153
5.17
5.185
5.201
5.218
5.243
5.26
5.278
5.294
5.32
5.346
5.364
5.389
5.406
5.431
5.456
5.473
5.507
5.533
5.558
5.584
5.611
5.638
5.665
5.701
5.735
5.763
5.788
5.824
5.857
5.89
5.933
5.966
5.998
6.04
6.073
6.123
6.166
6.2
6.246
6.181
6.115
6.053
5.986
5.93
5.878
5.819
5.759
3.01
2.985
2.967
2.939
2.916
2.891
2.873
2.848
2.824
2.807
2.781
2.764
2.748
2.732
2.714
2.696
2.68
2.662
2.644
2.627
2.609
2.592
2.575
2.568
2.552
2.535
2.527
2.502
2.494
2.485
2.47
2.453
2.444
2.436
2.428
2.411
2.402
2.394
2.384
2.368
2.36
2.351
2.342
2.334
2.325
2.317
2.317
2.301
2.293
2.292
2.284
2.275
2.266
2.257
2.257
2.249
2.24
2.24
2.231
2.231
2.222
2.213
2.212
2.213
2.204
2.195
2.195
2.194
2.186
2.186
2.177
2.177
2.177
2.177
2.849
2.861
2.886
2.964
2.996
3.096
3.421
3.423
3.44
3.421
3.482
3.556
3.878
3.985
3.976
3.762
3.957
3.976
3.966
3.468
3.222
3.215
3.217
3.218
3.221
3.167
3.23
3.749
3.923
3.913
3.447
3.302
3.259
3.261
3.664
3.505
3.372
3.235
3.226
3.231
3.236
3.252
3.258
3.272
3.851
3.727
3.602
3.486
3.372
3.275
3.176
3.183
3.192
3.201
3.209
3.209
3.226
3.235
3.244
3.252
3.268
3.277
3.624
3.581
3.531
3.484
3.44
3.408
3.368
3.324
3.334
7.905
7.938
7.973
8.017
8.041
8.078
8.121
8.163
8.183
8.183
8.183
8.183
8.183
8.183
4.927
4.862
4.842
4.814
4.703
4.686
4.669
4.658
4.637
4.628
4.607
4.588
4.582
4.562
4.558
4.55
4.531
4.733
5.342
5.376
5.419
5.47
5.512
5.563
5.607
5.661
5.714
12.295 6.08113 0.937608
