1 361
5.013
4.952
4.909
4.882
4.846
4.83
4.801
5.075
5.115
5.099
5.065
4.859
4.83
4.685
4.565
4.522
4.489
4.469
4.45
4.425
4.497
4.807
4.743
4.917
4.809
4.056
4.039
4.013
3.995
3.978
3.96
3.934
3.923
3.907
3.888
3.871
3.853
3.835
3.825
3.809
3.796
3.784
3.77
3.751
3.742
3.725
3.718
3.702
3.693
3.687
3.678
3.661
3.652
3.653
3.637
3.629
3.619
3.61
3.612
3.6
3.592
3.583
3.582
3.569
3.57
3.558
3.559
3.55
3.552
3.543
3.544
3.537
3.538
3.532
3.534
3.52
3.521
3.52
3.524
3.514
3.524
3.509
3.515
3.515
3.514
3.512
3.517
3.515
3.513
3.511
3.518
3.518
3.517
3.516
3.524
3.517
3.525
3.523
3.532
3.532
3.542
3.539
3.549
3.539
3.556
3.554
4.731
4.732
4.749
4.749
4.768
4.777
4.785
4.793
4.803
4.809
4.827
4.836
4.855
4.862
4.88
4.88
4.897
4.904
4.931
4.94
4.958
4.974
4.991
4.998
5.032
5.042
5.066
5.083
5.1
5.117
5.148
5.156
5.182
5.207
5.231
5.247
5.282
5.299
5.334
5.352
5.385
5.403
5.436
5.454
5.496
5.523
5.555
5.581
5.615
5.643
5.686
5.713
5.758
5.784
5.827
5.861
5.913
5.942
5.882
5.812
5.755
5.695
5.643
5.58
5.527
5.473
2.707
2.682
2.665
2.638
2.613
2.587
2.571
2.546
2.538
2.515
2.498
2.481
2.456
2.44
2.423
2.406
2.398
2.373
2.364
2.347
2.33
2.314
2.306
2.289
2.279
2.262
2.253
2.236
2.227
2.218
2.21
2.191
2.192
2.174
2.165
2.147
2.147
2.129
2.129
2.12
2.111
2.102
2.093
2.084
2.075
2.066
2.066
2.057
2.049
2.04
2.041
2.022
2.023
2.014
2.014
2.006
2.006
1.988
1.988
1.979
1.979
1.971
1.97
1.962
1.962
1.954
1.954
1.945
1.945
1.945
1.937
1.928
1.928
1.928
1.928
1.928
1.928
1.919
1.92
1.921
1.915
1.907
1.918
1.906
2.502
2.581
2.637
2.661
2.781
3.134
3.147
3.159
3.224
3.229
3.734
3.735
3.551
3.613
3.718
3.718
3.699
3.635
3.012
2.999
2.999
2.991
2.999
3.003
2.946
2.997
3.692
3.678
3.281
3.145
3.064
3.043
3.026
3.027
3.269
3.203
3.09
3.042
3.042
3.042
3.058
3.057
3.073
3.08
3.535
3.465
3.357
3.292
3.192
3.133
3.044
3.01
3.021
3.03
3.047
3.047
3.065
3.073
3.092
3.101
3.11
3.118
3.148
3.452
3.411
3.379
3.332
3.309
3.27
3.245
3.2
3.21
8.015
8.039
8.1
8.132
8.169
8.183
8.183
8.183
8.183
8.183
8.183
4.86
4.789
4.765
4.741
4.663
4.631
4.624
4.594
4.586
4.571
4.561
4.545
4.539
4.532
4.514
4.505
4.497
4.49
4.679
5.365
5.407
5.466
12.5426 6.44008 0.954521
