1 361
0.693
0.71
0.71
0.725
0.726
0.734
0.733
0.75
0.758
0.774
0.773
0.789
0.788
0.806
0.805
0.821
0.821
0.847
0.845
0.863
0.862
0.888
0.887
0.913
0.921
0.943
0.938
0.974
0.98
0.994
1.001
1.034
1.034
1.067
1.075
1.215
1.228
2.392
2.399
2.366
2.257
2.251
2.258
2.264
2.27
2.294
2.321
2.379
2.382
2.411
2.378
2.367
2.364
2.33
2.325
1.98
1.976
1.983
1.98
1.989
2.007
2.003
2.014
2.035
2.051
2.059
2.074
2.107
2.135
2.184
2.226
2.68
2.719
2.743
2.765
2.805
2.842
2.874
2.909
2.953
2.997
3.031
3.078
3.101
3.12
3.156
3.212
3.302
3.372
3.379
3.121
2.958
2.959
2.98
3.007
3.035
3.073
3.099
8.187
4.853
4.839
4.811
1.656
1.648
1.678
1.713
1.747
1.782
1.816
1.857
1.89
1.941
1.985
2.027
2.081
2.125
2.177
2.237
2.296
2.359
2.426
2.502
2.581
2.665
2.756
2.864
2.985
3.117
3.254
3.404
3.578
3.752
3.972
4.188
4.449
4.81
5.124
5.495
5.925
6.454
6.984
7.488
8.183
8.183
8.183
8.183
8.183
8.183
8.183
8.183
8.183
8.183
8.183
8.183
7.912
7.843
7.852
7.849
7.868
7.859
7.871
7.875
7.88
7.885
7.905
7.904
7.923
7.926
7.94
7.948
7.969
7.97
7.992
7.999
8.016
8.027
8.044
8.06
8.077
8.092
8.183
8.183
8.183
8.183
8.183
8.183
8.183
8.183
8.183
8.183
8.183
8.183
8.183
8.183
8.183
8.183
8.183
8.183
8.183
8.183
8.183
8.183
8.183
8.183
8.183
8.183
8.183
8.183
8.183
8.183
8.183
8.183
8.183
8.183
8.183
8.183
1.137
1.108
1.098
1.091
1.082
1.065
1.057
1.048
1.039
1.03
1.023
1.007
1.006
0.999
0.991
0.981
0.981
0.963
0.964
0.957
0.957
0.947
0.949
0.932
0.93
0.922
0.922
0.914
0.915
0.906
0.905
0.896
0.889
0.888
0.879
0.879
0.872
0.87
0.871
0.864
0.864
0.853
0.853
0.846
0.846
0.837
0.836
0.835
0.836
0.828
0.828
0.82
0.827
0.82
0.82
0.81
0.82
0.811
0.81
0.802
0.811
0.801
0.802
0.795
0.794
0.795
0.795
0.794
0.794
0.785
0.785
0.784
0.785
0.785
0.785
0.784
0.786
0.777
0.777
0.777
0.777
0.776
0.776
0.776
0.778
0.772
0.774
0.779
0.781
0.785
0.774
0.75
0.759
0.774
0.777
0.775
0.783
0.779
0.782
0.782
0.786
0.778
0.777
0.778
0.785
0.785
0.827
0.824
0.871
0.871
0.861
0.858
0.85
0.853
0.842
0.833
0.816
0.816
0.818
0.818
0.817
0.812
0.812
0.811
0.811
0.81
0.82
0.819
0.82
0.819
0.818
0.818
0.826
0.827
0.826
0.826
0.827
0.834
0.834
0.836
7.105
7.099
7.112
7.248
8.187
10.9383 11.7343 4.84151
