1 361
1.45
1.457
1.457
1.466
1.466
1.465
1.465
1.473
1.473
1.473
1.473
1.481
1.481
1.489
1.489
1.497
1.488
1.505
1.505
1.514
1.514
1.514
1.514
1.531
1.53
1.538
1.538
1.547
1.547
1.554
1.555
1.563
1.563
1.58
1.572
1.588
1.587
1.605
1.604
1.613
1.613
1.629
1.629
1.639
1.647
1.653
1.662
1.67
1.677
1.694
1.695
1.711
1.711
1.729
1.729
1.746
1.757
1.773
1.772
1.79
1.798
1.814
1.824
1.841
1.841
1.862
1.867
1.89
1.89
1.916
1.923
1.95
1.956
1.981
1.991
2.009
2.026
2.051
2.051
2.086
2.086
2.122
2.13
2.158
2.175
2.201
2.209
2.244
2.254
2.297
2.303
2.344
2.353
2.378
2.372
2.415
2.456
2.742
2.76
2.81
2.834
2.893
2.908
3.016
3.332
3.893
3.884
3.857
3.857
3.831
3.831
3.804
3.806
3.78
3.778
3.795
3.809
3.784
3.759
3.726
3.726
3.701
3.693
3.815
3.87
3.964
3.926
3.922
3.936
3.922
3.964
4.076
4.182
4.053
4.991
5.196
5.299
5.527
5.655
5.918
6.042
6.341
6.492
6.851
7.039
7.452
7.681
8.138
8.183
8.183
8.183
8.183
8.183
8.183
8.183
8.183
8.183
8.183
8.183
8.183
8.183
8.183
8.183
8.183
8.183
8.183
8.183
8.183
8.183
8.183
8.183
8.183
8.183
8.183
8.183
8.183
8.183
8.183
8.183
8.183
8.183
8.183
8.183
8.183
8.183
8.183
8.183
8.183
8.183
8.171
7.933
7.48
7.273
6.898
6.708
6.57
6.589
6.557
6.397
5.609
5.526
5.295
5.201
1.809
1.824
1.866
1.908
1.957
1.99
2.05
2.095
2.148
2.202
2.27
2.329
2.383
2.397
2.384
2.401
2.393
2.404
2.393
2.41
2.402
2.411
2.41
2.418
2.411
2.427
2.427
2.433
2.424
2.439
2.439
2.451
2.449
2.458
2.465
2.473
2.475
2.482
2.484
2.493
2.509
2.486
2.452
2.427
2.397
2.378
2.345
2.336
2.306
2.288
2.262
2.246
2.219
2.202
2.184
2.176
2.141
2.131
2.108
2.097
2.08
2.07
2.044
2.043
2.019
2.01
1.982
1.979
1.959
1.949
1.933
1.926
1.907
1.9
1.883
1.875
1.859
1.857
1.842
1.834
1.825
1.815
1.798
1.789
1.782
1.782
1.756
1.766
1.747
1.748
1.721
1.731
1.722
1.713
1.696
1.696
1.688
1.689
1.68
1.672
1.659
1.664
1.656
1.647
1.638
1.639
1.631
1.631
1.623
1.621
1.591
1.592
1.582
1.584
1.574
1.575
1.65
1.724
1.727
1.726
1.719
1.719
1.711
1.71
1.701
1.711
1.701
1.701
1.693
1.694
1.694
1.692
1.686
1.686
1.686
1.686
1.679
1.679
1.68
1.681
1.686
1.682
1.676
1.671
1.678
1.678
1.663
1.678
1.675
1.683
1.684
1.684
1.682
1.691
1.682
1.691
1.69
1.689
1.07888 13.7944 0.007435
