1 361
1.046
1.047
1.048
1.047
1.048
1.039
1.04
1.044
1.044
1.042
1.041
1.02
1.039
1.047
1.029
1.039
1.041
1.041
1.038
1.044
1.044
1.042
1.043
1.049
1.05
1.05
1.049
1.049
1.049
1.049
1.057
1.058
1.059
1.059
1.067
1.071
1.069
1.079
1.078
1.035
1.026
0.968
0.961
0.925
0.928
0.931
0.929
0.931
0.93
0.939
0.938
0.944
0.942
0.977
0.977
0.977
0.986
0.986
0.986
0.995
0.995
1.003
1.003
1.012
1.011
1.019
1.019
1.028
1.028
1.03
1.038
1.044
1.052
1.052
1.06
1.069
1.068
1.078
1.077
1.093
1.094
1.103
1.111
1.12
1.119
1.128
1.137
1.141
1.15
1.162
1.161
1.169
1.178
1.197
1.197
1.205
1.213
1.223
1.24
1.248
1.255
1.267
1.275
1.288
1.298
1.308
1.316
1.334
1.343
1.36
1.368
1.385
1.402
1.42
1.43
1.445
1.46
1.478
1.496
1.511
1.519
1.545
1.561
1.578
1.6
1.625
1.641
1.666
1.683
1.709
1.735
1.76
1.786
1.818
1.835
1.869
1.894
1.929
1.96
2.004
2.029
2.074
2.105
2.151
2.187
2.229
2.274
2.331
2.371
2.432
2.436
2.518
2.988
3.07
3.138
3.233
3.313
3.409
3.407
3.382
3.382
3.375
3.366
3.534
3.632
3.771
3.847
3.819
3.81
3.783
3.776
3.741
3.733
3.7
3.692
3.667
3.657
3.636
3.633
3.599
3.601
3.573
3.563
3.561
3.595
3.622
3.663
3.689
3.723
3.766
3.799
3.836
3.878
3.915
3.95
3.993
8.183
8.183
8.183
8.183
8.183
8.183
8.183
8.183
8.183
8.183
8.183
8.183
8.183
8.183
8.183
8.183
8.183
8.183
8.183
8.183
8.183
8.183
8.183
8.183
8.183
8.183
8.183
7.965
7.735
7.48
7.284
7.058
6.877
6.674
6.518
6.337
6.193
6.039
5.914
5.763
5.651
5.515
5.398
5.288
5.194
5.075
4.995
4.885
4.809
4.711
4.64
4.547
4.484
4.403
4.299
4.29
4.315
4.333
4.346
4.275
4.216
4.152
4.103
4.036
3.993
3.932
3.891
3.921
8.183
8.183
8.183
8.183
8.183
8.183
8.183
8.183
8.183
7.394
7.392
8.183
3.088
3.07
3.047
3.023
2.918
2.62
2.569
2.547
2.525
2.513
2.498
2.496
2.492
2.479
2.477
2.472
2.493
2.488
2.498
2.503
2.523
2.543
2.581
2.594
2.585
2.562
2.547
2.531
2.514
2.506
2.491
2.475
2.457
2.443
2.433
2.416
2.41
2.394
2.385
2.37
2.361
2.352
2.345
2.329
2.322
2.311
2.305
2.296
2.287
2.279
2.261
2.252
2.253
2.238
2.236
2.227
2.218
2.209
2.209
2.2
2.192
2.182
2.182
2.167
2.165
2.155
2.154
2.146
2.144
2.133
2.125
2.115
2.112
2.102
2.1
2.092
2.079
2.071
2.062
2.049
2.039
2.037
2.026
2.016
2.021
7.59615 5.91614 1.8056
