1 361
0.945
0.945
0.945
0.947
0.94
0.936
0.936
0.936
0.936
0.936
0.927
0.927
0.926
0.927
0.927
0.919
0.927
0.919
0.919
0.919
0.919
0.91
0.91
0.917
0.919
0.895
0.894
0.896
0.899
0.894
0.892
0.889
0.872
0.872
0.88
1.045
1.029
1.048
1.015
1.051
1.035
1.048
1.054
1.052
1.051
1.051
1.051
1.05
1.05
1.05
1.059
1.06
1.06
1.06
1.059
1.067
1.066
1.067
1.067
1.076
1.077
1.085
1.076
1.085
1.085
1.093
1.092
1.093
1.101
1.1
1.1
1.109
1.108
1.119
1.118
1.117
1.128
1.126
1.136
1.134
1.143
1.143
1.153
1.152
1.162
1.169
1.17
1.169
1.179
1.187
1.186
1.196
1.197
1.204
1.213
1.221
1.222
1.231
1.23
1.248
1.248
1.258
1.267
1.284
1.284
1.291
1.301
1.309
1.318
1.327
1.336
1.344
1.353
1.362
1.37
1.389
1.391
1.358
1.359
1.333
1.333
1.317
1.308
1.29
1.291
1.276
1.29
1.306
1.316
1.333
1.354
1.381
1.388
1.405
1.423
1.44
1.449
1.472
1.488
1.498
1.513
1.53
1.548
1.573
1.588
1.613
1.628
1.652
1.668
1.693
1.711
1.745
1.762
1.797
1.816
1.844
1.87
1.911
1.937
1.979
1.997
2.05
2.076
2.121
2.146
2.198
2.232
2.284
2.316
2.374
2.417
2.489
2.527
2.594
2.656
2.72
2.783
2.878
2.934
3.051
3.074
3.3
3.808
3.974
4.051
4.04
4.032
4.023
4.024
4.25
4.388
4.494
4.48
4.444
4.444
4.41
4.392
4.368
4.358
4.324
4.317
4.286
4.276
4.251
4.243
4.215
4.248
4.291
4.324
4.365
4.408
4.451
4.493
4.546
4.587
4.638
4.67
8.183
8.183
8.183
8.183
8.183
8.183
8.183
8.183
8.183
8.183
8.183
8.183
8.183
8.183
8.183
8.183
8.183
8.183
8.183
8.183
8.183
8.183
8.183
8.183
8.183
8.183
8.183
8
7.687
7.513
7.238
7.076
6.837
6.701
6.499
6.367
6.173
6.051
5.87
5.778
5.609
5.519
5.375
5.289
5.166
5.08
4.917
4.885
4.89
4.918
4.925
4.85
4.75
4.687
4.602
4.55
4.465
4.484
8.183
8.183
8.183
8.183
8.183
8.183
8.183
8.183
3.602
3.566
3.103
3.062
3.022
3.014
2.989
2.973
2.966
2.964
2.965
2.972
2.96
2.985
2.984
2.998
3.035
3.038
2.997
2.978
2.946
2.926
2.901
2.875
2.849
2.831
2.801
2.783
2.758
2.742
2.717
2.699
2.685
2.665
2.649
2.632
2.606
2.588
2.572
2.56
2.54
2.524
2.507
2.5
2.482
2.464
2.452
2.439
2.422
2.415
2.388
2.379
2.36
2.351
2.324
2.317
2.288
2.279
2.261
2.25
2.229
2.222
2.201
2.191
2.171
2.166
2.144
2.134
2.118
2.11
2.104
2.092
2.088
2.085
2.076
2.068
2.062
2.054
7.71017 5.16557 1.60889
