1 361
1.117
1.124
1.116
1.125
1.125
1.125
1.123
1.132
1.132
1.139
1.14
1.14
1.138
1.146
1.146
1.155
1.155
1.152
1.152
1.169
1.158
1.168
1.166
1.173
1.173
1.19
1.188
1.197
1.197
1.203
1.201
1.212
1.211
1.22
1.219
1.235
1.234
1.251
1.251
1.267
1.266
1.284
1.284
1.302
1.312
1.322
1.332
1.349
1.36
1.37
1.39
1.4
1.411
1.431
1.439
1.456
1.467
1.485
1.495
1.512
1.513
1.53
1.54
1.557
1.558
1.574
1.585
1.599
1.607
1.633
1.642
1.656
1.666
1.683
1.69
1.709
1.716
1.749
1.748
1.776
1.784
1.81
1.819
1.843
1.852
1.885
1.895
1.918
1.936
1.962
1.978
2.014
2.027
2.056
2.074
2.109
2.117
2.162
2.172
2.223
2.231
2.275
2.291
2.343
2.36
2.416
2.432
2.489
2.514
2.571
2.597
2.658
2.683
2.752
2.786
2.853
2.889
2.966
3
3.09
3.117
3.204
3.257
3.342
3.395
3.506
3.554
3.679
3.739
3.877
3.942
4.009
4.063
5.496
5.51
5.499
5.582
5.516
5.507
5.48
5.481
5.711
5.89
6.232
6.439
6.859
7.107
7.581
7.891
8.183
8.183
8.183
8.183
8.183
8.183
8.183
8.183
8.183
8.183
8.183
8.183
8.183
8.183
8.183
8.183
8.183
8.183
8.183
8.183
8.183
8.183
8.183
8.183
8.183
8.183
8.183
8.187
8.183
8.183
8.183
8.183
8.183
8.183
8.183
8.183
8.183
8.183
8.183
8.183
8.183
8.183
8.183
8.183
7.418
7.202
6.898
6.745
6.471
6.341
6.104
5.989
5.777
5.618
5.613
5.628
5.641
5.529
5.374
5.301
4.757
4.69
4.574
4.516
4.4
4.345
4.225
4.175
4.077
4.03
3.949
3.896
3.82
3.776
3.69
3.648
3.572
3.537
3.467
3.434
3.368
3.334
3.27
3.244
3.185
3.16
3.101
3.082
3.03
3.011
2.937
2.912
2.915
2.941
2.958
2.986
2.991
2.967
2.926
2.909
2.874
2.858
2.816
2.798
2.765
2.749
2.723
2.706
2.671
2.663
2.628
2.611
2.585
2.568
2.544
2.535
2.51
2.494
2.469
2.428
2.234
2.234
2.216
2.217
2.208
2.199
2.172
2.172
2.154
2.146
2.119
2.12
2.102
2.103
2.076
2.066
2.058
2.057
2.041
2.032
2.015
2.014
1.997
1.997
1.98
1.972
1.964
1.955
1.947
1.947
1.93
1.925
1.914
1.913
1.896
1.906
1.887
1.887
1.871
1.871
1.862
1.861
1.855
1.854
1.846
1.846
1.837
1.837
1.828
1.828
1.819
1.82
1.819
1.819
1.811
1.811
1.802
1.803
1.795
1.795
1.795
1.795
1.786
1.787
1.787
1.787
1.778
1.784
1.776
1.782
1.78
1.778
1.78
1.775
1.766
1.758
1.749
1.758
1.758
1.766
1.775
1.774
1.777
1.784
1.777
1.785
1.782
1.79
1.78
1.789
1.789
1.789
5.57116 12.8875 0.086211
