1 361
2.202
2.149
2.113
2.075
2.041
2.004
1.978
1.934
1.909
1.873
1.848
1.821
1.796
1.77
1.743
1.717
1.699
1.674
1.647
1.621
1.605
1.58
1.566
1.548
1.533
1.514
1.498
1.474
1.466
1.449
1.433
1.416
1.399
1.382
1.374
1.357
1.349
1.331
1.336
1.332
1.349
1.357
1.283
1.247
1.238
1.229
1.22
1.212
1.203
1.185
1.185
1.167
1.167
1.158
1.15
1.141
1.133
1.124
1.126
1.109
1.109
1.092
1.092
1.084
1.084
1.066
1.066
1.051
1.058
1.06
1.075
1.091
1.107
1.124
1.149
1.166
1.183
1.202
1.227
1.244
1.272
1.297
1.315
1.341
1.375
1.401
1.434
1.46
1.493
0.908
0.9
0.904
0.926
0.915
0.925
0.929
0.94
0.934
0.977
1.067
1.177
1.304
1.525
1.889
2.029
5.084
5.079
5.065
5.055
5.045
5.045
5.028
5.021
5.013
5.012
4.995
5
4.989
4.988
4.98
4.946
4.945
5.104
5.099
5.093
5.086
5.098
5.091
5.092
5.081
5.097
5.065
5.065
5.065
5.088
5.091
5.094
5.09
5.093
5.091
5.099
5.099
4.997
4.95
4.982
4.979
4.995
4.995
5.009
5.004
5.021
5.021
5.038
5.039
5.055
5.054
5.07
5.072
5.087
5.087
5.111
5.111
5.136
5.136
5.153
5.162
5.177
5.187
5.21
5.219
5.239
5.253
5.279
5.279
5.308
5.313
5.339
5.35
5.375
5.39
5.425
5.424
5.468
2.207
2.185
2.153
2.094
2.084
2.081
2.062
1.99
1.958
1.946
1.937
1.929
1.913
1.912
1.896
1.895
1.887
1.879
1.87
1.862
1.853
1.852
1.845
1.837
1.829
1.829
1.82
1.819
1.81
1.811
1.794
1.793
1.794
1.785
1.786
1.777
1.768
1.767
1.768
1.769
1.758
2.541
2.608
2.643
2.652
2.696
2.704
2.747
2.763
2.806
2.822
2.865
2.882
2.933
2.94
2.993
3.02
3.064
3.081
3.142
3.159
3.217
3.244
3.3
3.325
3.391
3.414
3.489
3.516
3.594
3.618
3.703
3.737
2.984
2.749
3.965
4
4.101
4.144
2.801
2.773
2.733
2.718
2.711
2.706
2.736
2.747
2.974
3.062
3.082
3.08
3.097
3.099
1.107
1.077
1.037
1.029
1.029
1.028
1.029
1.02
1.02
1.02
1.02
1.012
1.012
1.003
1.003
1.003
1.003
1.003
1.003
0.995
0.995
0.995
0.995
0.986
0.995
0.987
0.988
0.989
0.981
0.981
0.983
0.984
0.989
0.981
0.985
0.986
0.984
0.985
0.987
0.988
0.987
0.986
0.985
0.981
0.985
0.983
0.989
0.987
0.984
0.983
0.981
0.989
0.988
0.987
0.987
0.986
0.995
0.986
0.995
0.995
0.995
0.995
1.003
0.995
1.003
1.003
1.012
1.012
1.012
1.012
1.02
1.02
1.02
1.029
1.029
1.029
1.029
1.037
1.037
1.045
1.045
1.045
1.054
1.054
1.062
3.39775 1.92866 0.488675
