1 361
1.467
1.473
1.474
1.475
1.483
1.483
1.482
1.483
1.49
1.49
1.499
1.499
1.498
1.506
1.515
1.515
1.517
1.515
1.524
1.531
1.531
1.539
1.539
1.548
1.556
1.556
1.564
1.564
1.573
1.573
1.583
1.589
1.598
1.598
1.605
1.614
1.622
1.631
1.637
1.637
1.654
1.654
1.671
1.672
1.688
1.687
1.703
1.704
1.72
1.721
1.737
1.738
1.754
1.764
1.774
1.788
1.795
1.806
1.824
1.832
1.847
1.849
1.872
1.883
1.902
1.907
1.933
1.933
1.956
1.967
1.992
2
2.027
2.036
2.06
2.07
2.094
2.105
2.131
2.149
2.175
2.183
2.217
2.226
2.26
2.269
2.302
2.319
2.361
2.37
2.409
2.426
2.468
2.479
2.523
2.548
2.589
2.607
2.661
2.684
2.726
2.751
2.812
2.836
2.895
2.92
2.983
3.009
3.079
3.105
3.185
3.216
3.297
3.329
3.419
3.452
3.551
3.591
3.641
3.706
4.213
4.347
5.146
5.137
5.12
5.111
5.122
5.169
5.116
5.083
5.076
5.052
5.186
5.302
5.549
5.622
5.936
6.062
6.38
6.519
6.899
7.061
7.493
7.698
8.183
8.183
8.183
8.183
8.183
8.183
8.183
8.183
8.183
8.183
8.183
8.183
8.183
8.183
8.183
8.183
8.183
8.183
8.183
8.183
8.183
8.183
8.183
8.183
8.183
8.183
8.183
8.183
8.183
8.183
8.183
8.183
8.183
8.183
8.183
8.183
8.183
8.183
8.183
8.183
3.22
3.236
3.311
3.335
3.416
3.439
3.527
3.54
3.585
3.588
3.645
3.651
3.695
3.697
3.733
3.724
3.742
3.742
3.744
3.734
3.743
3.735
3.744
3.744
3.744
3.744
3.752
3.744
3.759
3.755
3.644
3.602
3.516
3.482
3.39
3.357
3.277
3.253
3.176
3.15
3.085
3.057
2.985
2.968
2.908
2.89
2.83
2.805
2.751
2.739
2.677
2.66
2.618
2.599
2.56
2.534
2.503
2.484
2.417
2.406
2.413
2.413
2.454
2.454
2.491
2.489
2.459
2.453
2.421
2.403
2.37
2.37
2.336
2.32
2.294
2.287
2.263
2.252
2.227
2.217
2.193
2.184
2.156
2.148
2.129
2.121
2.104
2.095
2.078
2.068
2.052
2.043
2.025
2.017
2.007
2
1.826
1.809
1.774
1.775
1.765
1.757
1.766
1.756
1.748
1.74
1.732
1.732
1.713
1.714
1.705
1.697
1.689
1.689
1.681
1.68
1.663
1.664
1.655
1.648
1.639
1.64
1.631
1.631
1.623
1.623
1.615
1.615
1.606
1.606
1.598
1.589
1.589
1.59
1.577
1.58
1.574
1.574
1.565
1.565
1.565
1.565
1.557
1.557
1.557
1.557
1.549
1.549
1.55
1.546
1.542
1.543
1.536
1.539
1.54
1.544
1.543
1.54
1.528
1.528
1.52
1.52
1.511
1.511
1.537
1.537
1.544
1.54
1.539
1.544
1.539
1.538
1.543
1.543
1.542
1.551
1.551
-0.535055 14.0489 6.18425
