1 361
2.134
2.117
2.117
2.108
2.1
2.101
2.089
2.086
2.078
2.068
2.068
2.063
2.061
2.05
2.05
2.05
2.042
2.047
2.044
2.04
2.03
2.031
2.031
2.03
2.021
2.03
2.021
2.024
2.015
2.015
2.007
2.018
2.009
2.007
2.006
2.008
1.999
2.004
2.011
2.005
2.005
2.013
2.004
2.006
2.006
2.016
2.007
2.012
2.011
2.021
2.021
2.024
2.024
2.022
2.021
2.03
2.02
2.03
2.029
2.031
2.03
2.044
2.044
2.049
2.039
2.053
2.053
2.071
2.062
2.089
2.088
2.096
2.088
2.089
2.088
2.1
2.1
2.106
2.108
2.18
2.194
3.358
3.358
3.383
3.375
3.4
3.399
3.424
3.432
3.457
3.457
3.483
3.483
3.509
3.518
3.543
3.552
3.578
3.577
3.614
3.622
3.646
3.655
3.689
3.689
3.73
3.732
3.774
3.783
3.826
3.826
3.869
3.871
3.914
3.913
3.966
3.974
4.018
4.027
4.067
4.077
4.128
4.135
4.194
4.202
4.259
4.266
4.335
4.333
4.41
4.409
4.479
4.486
4.562
4.571
4.647
4.656
4.734
4.744
4.832
4.84
4.928
4.93
4.876
4.863
4.809
4.804
4.742
4.739
4.68
4.671
4.63
4.621
4.569
4.563
4.518
4.519
4.471
4.473
4.425
4.427
4.383
4.385
4.334
4.336
4.305
4.295
4.261
4.262
4.224
4.225
4.193
4.192
4.167
4.162
4.138
4.138
4.129
4.13
4.104
4.104
4.077
4.078
4.051
4.043
4.035
4.026
4.008
4.008
3.992
3.991
3.974
3.973
2.003
2.007
1.991
1.999
1.981
1.991
1.981
1.982
1.974
1.982
1.967
1.976
1.967
1.976
1.959
1.969
1.964
1.964
1.959
1.96
1.957
1.966
1.961
1.962
1.954
1.962
1.954
1.96
1.956
1.964
1.959
1.958
1.962
1.961
1.967
1.967
1.965
1.974
1.973
1.973
1.973
1.98
1.98
1.989
1.989
1.989
1.998
1.997
2.006
2.005
2.014
2.014
2.014
2.023
2.023
2.032
2.041
2.041
2.049
2.048
2.058
2.066
2.067
2.076
2.084
2.084
2.093
2.103
2.111
2.119
2.129
2.138
2.137
2.147
2.155
2.164
2.181
2.192
2.199
2.208
2.218
2.226
2.235
2.243
2.261
2.269
2.287
2.295
2.31
2.319
2.335
2.344
2.361
2.375
2.393
2.397
3.89
3.882
3.803
3.803
3.769
3.781
3.821
3.838
4.103
4.093
4.016
4.008
3.938
3.93
3.883
3.9
3.943
3.961
4.006
4.023
4.074
4.088
4.32
4.32
4.273
4.272
4.226
4.302
5.862
5.862
5.833
5.795
5.738
5.748
5.724
5.731
5.71
5.711
5.711
5.714
5.711
5.71
5.757
6.756
6.887
6.926
7.067
7.115
7.264
7.317
7.474
7.517
6.939
6.941
7.956
8.006
4.98
4.978
4.936
4.928
4.893
4.886
4.853
4.852
4.808
4.8
4.765
4.766
4.729
4.73
4.697
4.696
1.47825 -1.57568 -0.248343
