1 361
3.833
3.833
3.833
3.833
3.824
3.833
3.824
3.824
3.824
3.824
3.823
3.824
3.823
3.833
3.823
3.832
3.823
3.841
3.832
3.841
3.832
3.849
3.841
3.85
3.85
3.858
3.85
3.876
3.867
3.885
3.875
3.893
3.893
3.911
3.902
3.928
3.919
3.945
3.936
3.962
3.953
3.981
3.98
4.005
3.996
4.022
4.014
4.039
4.04
3.231
3.223
4.099
4.083
4.127
4.118
4.151
4.143
4.177
4.177
4.124
4.114
4.157
4.147
4.19
4.181
4.19
4.182
4.243
4.235
4.263
4.264
4.319
4.31
4.359
4.359
4.402
4.402
4.455
4.445
1.883
1.896
1.896
1.878
4.506
4.508
4.384
4.391
4.307
4.306
4.721
4.742
4.695
4.695
4.719
4.71
4.791
4.781
4.845
4.846
4.892
4.892
4.979
4.975
4.918
4.907
5.653
5.652
3.681
3.724
3.648
5.22
3.579
3.56
6.136
6.127
6.267
6.267
6.418
6.41
6.576
6.565
6.73
6.721
6.464
6.493
5.618
5.622
5.546
5.551
5.492
5.486
5.438
5.435
5.382
5.38
4.952
4.954
4.912
4.912
4.829
4.821
4.885
4.911
5.136
5.136
5.096
5.095
4.177
4.184
4.228
4.213
4.891
4.85
4.481
4.483
4.451
4.452
4.409
4.416
4.345
4.359
4.314
4.313
4.394
4.378
4.839
4.826
6.248
6.259
7.506
7.506
7.479
7.478
7.461
7.462
7.443
7.443
7.425
7.424
7.409
7.418
7.4
7.399
7.392
7.391
7.193
7.254
7.076
7.077
7.061
7.051
6.969
6.999
7.282
7.292
7.291
7.301
7.299
7.3
7.308
7.308
7.315
7.307
7.316
7.324
7.326
7.335
7.453
7.452
7.47
7.471
7.487
7.497
7.514
7.523
6.439
6.45
5.816
5.819
5.358
5.359
5.376
5.374
5.327
5.384
4.416
4.419
4.424
4.424
4.44
4.44
3.39
3.438
3.196
3.203
3.063
3.076
3.087
3.087
3.137
3.137
3.203
3.199
3.227
3.226
2.313
3.026
1.946
1.965
1.806
1.813
1.774
1.776
1.751
1.751
1.73
1.728
1.713
1.722
1.739
1.746
1.844
1.804
2.105
2.114
2.053
2.061
2.01
2.017
1.964
1.971
1.925
1.933
1.896
1.908
1.93
1.931
1.956
1.963
1.989
1.997
1.601
1.622
1.597
1.596
1.648
1.658
1.564
1.572
1.538
1.549
1.51
1.519
1.486
1.5
1.452
1.468
1.428
1.437
1.401
1.408
1.217
1.226
1.179
1.191
1.144
1.159
1.116
1.134
1.105
1.114
1.08
1.09
1.074
1.073
1.065
1.066
1.048
1.059
1.053
1.052
1.049
1.047
1.04
1.044
1.041
1.04
1.031
1.046
1.04
1.037
1.04
1.045
1.037
1.041
1.039
1.047
1.04
1.048
1.039
1.051
1.051
1.051
1.068
1.077
1.068
1.077
1.061
1.077
1.062
1.064
1.056
1.066
1.059
1.059
1.054
1.061
1.047
1.047
1.165
1.185
2.43927 9.0293 3.75986
