1 361
2.963
3.007
3.017
3.765
3.774
3.815
3.824
3.877
3.886
3.948
3.966
4.018
4.023
4.067
4.098
4.394
4.411
4.475
4.5
4.576
4.596
4.675
4.703
4.777
4.805
4.877
4.872
4.823
4.815
4.847
4.892
4.995
5.024
5.13
5.143
5.115
5.099
5.058
5.048
5.007
4.999
4.955
4.947
4.902
4.908
5.023
5.058
5.204
5.248
5.401
5.449
5.609
5.652
5.833
5.891
6.093
6.154
6.363
6.436
6.603
6.803
7.447
7.561
7.552
7.54
7.788
7.936
8.183
8.183
4.31
4.305
4.276
4.266
4.251
4.243
4.226
4.21
4.194
4.185
4.17
4.162
4.145
4.146
4.13
4.131
4.105
4.104
4.088
4.088
4.072
4.07
4.062
4.055
4.046
4.046
4.03
4.027
4.02
4.019
4.011
4.011
4.004
4.004
3.995
3.995
3.986
3.994
3.986
3.986
3.976
3.987
3.976
3.976
3.977
3.977
3.977
3.978
3.977
3.976
4.075
4.018
3.78
3.706
3.474
3.411
3.197
3.154
2.973
2.938
2.786
2.744
2.601
2.569
2.449
2.431
2.324
2.298
2.205
2.187
2.102
2.077
2.014
1.996
1.92
1.905
1.837
1.828
1.769
1.76
1.702
1.691
1.642
1.633
1.584
1.577
1.535
1.527
1.489
1.488
1.438
1.438
1.396
1.398
1.359
1.362
1.328
1.329
1.294
1.294
1.259
1.26
1.233
1.234
1.207
1.208
1.182
1.18
1.156
1.154
1.128
1.13
1.103
1.116
1.08
1.088
1.065
1.064
1.043
1.045
1.025
1.025
1.009
1.007
0.985
0.992
0.975
0.975
0.96
0.96
0.942
0.952
0.932
0.904
0.875
0.884
0.867
0.876
0.858
0.866
0.85
0.849
0.866
0.875
0.883
0.899
0.908
0.926
0.932
0.949
1.047
1.051
1.084
1.138
3.322
3.348
3.406
8.183
8.183
8.183
8.183
8.183
8.183
8.183
8.183
8.183
8.183
8.183
8.183
5.881
5.853
5.845
5.935
6.042
6.242
6.357
6.595
6.712
6.988
7.123
7.45
7.599
7.938
8.118
8.183
8.183
8.183
8.183
8.183
8.183
8.183
8.183
8.183
8.183
8.183
8.183
8.183
8.183
8.183
8.183
8.183
8.183
8.183
8.183
8.183
8.183
8.183
8.183
8.183
8.183
8.183
8.183
8.169
8.183
7.078
6.071
5.219
5.228
5.228
5.228
5.226
5.238
5.229
5.242
5.244
5.248
5.249
5.258
5.267
5.277
5.286
5.294
5.294
5.302
5.31
5.319
5.326
5.339
5.347
5.363
5.37
5.387
5.237
5.149
4.954
4.842
4.668
4.591
4.438
4.358
4.203
4.116
3.988
3.92
3.81
3.754
3.652
3.595
3.511
3.449
3.371
3.32
3.249
3.2
3.123
3.089
3.029
2.988
2.923
2.888
2.836
2.796
2.745
2.711
2.669
2.634
2.591
2.566
2.526
2.275
2.174
2.131
2.123
2.105
2.075
2.09
2.104
2.22
2.231
2.209
2.183
2.165
-1.21155 13.4495 3.46494
