1 361
2.26
2.278
2.267
2.285
2.276
2.293
2.285
2.29
2.299
2.306
2.299
2.314
2.314
2.33
2.322
2.338
2.33
2.354
2.344
2.362
2.361
2.378
2.378
2.395
2.386
2.411
2.402
2.427
2.418
2.442
2.433
2.46
2.459
2.483
2.475
2.507
2.499
2.527
2.515
2.532
2.53
2.449
2.447
2.382
2.383
2.316
2.318
2.259
2.249
2.198
2.188
2.145
2.138
2.094
2.094
2.043
2.042
2
2
1.957
1.958
1.911
1.913
1.874
1.874
1.84
1.841
1.808
1.808
1.782
1.782
1.74
1.749
1.714
1.714
1.689
1.688
1.664
1.663
1.64
1.641
1.607
1.617
1.594
1.593
1.568
1.568
1.552
1.551
1.527
1.527
1.513
1.512
1.493
1.494
1.477
1.478
1.461
1.461
1.445
1.444
1.427
1.426
1.419
1.419
1.401
1.402
1.385
1.384
1.376
1.375
1.366
1.367
1.359
1.359
1.35
1.35
1.342
1.333
1.324
1.323
1.315
1.316
1.315
1.307
1.297
1.308
1.297
1.297
1.289
1.289
1.281
1.281
1.281
1.272
1.272
1.272
1.266
1.272
1.265
1.264
1.254
1.254
1.255
1.255
1.246
1.246
1.246
1.246
1.247
1.247
1.239
1.239
1.242
1.241
1.235
1.237
1.24
1.236
1.239
1.239
1.235
1.245
1.245
1.245
1.241
1.241
1.242
1.24
1.245
1.236
1.242
1.242
1.241
1.248
1.245
1.247
1.247
1.247
1.247
1.247
1.256
1.256
1.255
1.256
1.265
1.265
1.265
1.266
1.273
1.273
1.282
1.282
1.285
1.283
1.289
1.29
1.299
1.299
1.309
1.309
1.317
1.317
1.325
1.325
1.325
1.334
1.334
1.343
1.352
1.352
1.361
1.361
1.369
1.368
1.386
1.386
1.395
1.395
1.412
1.411
1.421
1.42
1.437
1.437
1.454
1.454
1.471
1.471
1.488
1.488
1.504
1.504
1.522
1.522
1.537
1.546
1.556
1.555
1.579
1.577
1.603
1.601
1.626
1.626
1.65
1.651
1.675
1.683
1.7
1.707
1.733
1.732
1.759
1.758
1.6
1.6
1.587
1.595
1.621
1.622
1.664
1.661
1.695
1.688
1.976
1.974
2.023
2.027
2.056
2.068
2.111
2.122
2.17
2.174
2.223
2.223
2.276
2.293
2.338
2.344
2.285
2.28
2.248
2.248
2.348
2.351
2.5
2.505
5.829
5.829
5.776
5.786
5.731
5.743
5.69
5.698
5.644
5.653
5.609
5.618
5.575
5.584
5.54
5.549
5.506
5.515
5.481
5.49
5.457
5.457
5.43
5.43
5.644
5.663
5.909
5.924
5.892
5.894
5.868
5.877
5.842
5.833
6.078
6.081
7.581
7.589
8.183
8.183
8.183
8.183
8.183
8.183
8.183
8.183
8.183
8.183
8.183
8.183
7.575
7.587
5.753
5.753
5.769
5.778
5.769
5.773
5.778
5.786
5.784
5.787
5.785
5.794
5.8
5.803
5.811
5.821
5.828
5.838
5.844
5.845
-3.69461 10.3101 0.070188
