1 361
2.695
2.753
2.744
2.803
2.793
2.852
2.841
2.91
2.912
4.673
4.656
4.597
4.588
4.536
4.536
4.487
4.478
4.426
4.416
4.374
4.366
4.323
4.324
4.274
4.266
4.226
4.224
4.185
4.182
4.151
4.141
4.118
4.109
4.075
4.074
4.037
4.038
4.004
4.005
3.977
3.969
3.237
3.253
3.5
3.59
2.819
2.821
2.761
2.761
2.746
2.747
2.738
2.729
2.722
2.712
2.713
2.704
2.695
2.695
2.686
2.678
2.678
2.669
2.661
2.661
2.652
2.643
2.643
2.643
2.635
2.635
2.635
2.627
2.627
2.627
2.618
2.619
2.619
2.62
2.611
2.611
2.612
2.612
2.606
2.606
2.608
2.608
2.606
2.606
2.613
2.604
2.611
2.611
2.62
2.611
2.62
2.619
2.628
2.628
2.627
2.628
2.636
2.635
2.644
2.644
2.653
2.653
2.662
2.662
2.67
2.67
2.679
2.679
2.687
2.687
2.705
2.705
2.715
2.715
2.731
2.731
2.748
2.749
3.837
3.838
3.864
3.864
3.891
3.891
3.909
3.909
3.935
3.936
3.962
3.972
3.997
3.998
4.023
4.023
4.057
4.057
4.092
4.09
4.133
4.134
4.175
4.167
4.206
4.207
4.257
4.257
4.3
4.3
4.348
4.347
4.398
4.396
4.458
4.458
4.511
4.509
4.56
4.558
4.627
4.626
4.685
4.696
4.758
4.766
4.828
4.827
4.907
4.907
4.984
4.983
5.067
5.066
5.15
5.158
5.249
5.256
5.344
5.352
5.444
5.453
5.556
5.557
5.671
5.67
5.794
5.794
5.921
5.93
6.054
6.064
6.205
6.206
6.353
6.361
6.517
6.524
6.679
6.687
6.699
6.707
6.628
6.635
6.564
6.574
6.502
6.502
5.782
5.78
5.662
5.658
5.605
5.593
5.545
5.539
5.757
5.757
6.177
6.186
6.133
6.134
6.083
6.092
5.387
5.391
5.369
5.369
5.609
5.621
5.949
5.953
5.919
5.927
5.369
5.38
5.341
5.346
5.317
5.326
5.304
5.303
5.502
5.561
5.168
5.179
5.147
5.147
4.763
4.763
4.581
4.58
4.572
4.572
4.556
4.564
4.556
4.556
4.539
4.549
4.539
4.548
4.539
4.548
4.538
4.538
4.539
4.548
4.537
4.547
4.547
4.547
4.555
4.554
4.563
4.563
4.561
4.569
4.578
4.578
4.589
4.596
4.603
4.603
4.616
4.625
4.635
4.641
4.661
4.662
4.678
4.678
4.694
4.7
4.718
4.718
4.742
4.749
4.761
4.77
4.801
4.802
4.826
4.826
4.852
4.861
4.877
4.886
4.912
4.919
4.943
4.952
4.981
4.994
6.29
6.297
6.341
6.348
6.399
6.408
6.459
6.467
6.52
6.529
6.592
6.6
6.653
6.663
6.731
6.741
6.798
6.816
6.882
6.892
6.965
6.972
7.058
7.067
7.147
7.153
7.238
7.247
7.339
7.358
7.447
7.463
7.559
7.569
7.674
7.688
7.555
7.549
7.415
7.416
7.293
7.286
7.166
7.165
11.3958 5.68754 5.65241
