1 361
1.689
1.697
1.704
1.713
1.712
1.72
1.728
1.737
1.744
1.752
1.759
1.769
1.774
1.784
1.782
1.797
1.803
1.821
1.819
1.834
1.839
1.86
1.863
1.882
1.887
1.896
1.911
1.928
1.944
1.953
1.97
1.989
2.008
2.023
2.044
2.061
2.09
2.098
2.129
2.145
2.183
2.199
2.23
2.246
2.285
2.3
2.328
2.351
2.379
2.404
2.422
2.455
2.465
2.507
2.514
2.556
2.571
2.606
2.623
2.658
2.682
2.716
2.742
2.784
2.801
2.85
2.876
2.919
2.934
2.991
3.015
3.067
3.094
3.145
3.145
3.263
4.705
4.687
4.679
4.662
4.653
4.639
4.638
4.615
4.604
4.589
4.588
4.569
4.572
4.603
4.643
4.543
4.537
4.517
4.514
4.59
4.668
4.818
4.905
5.053
5.147
5.32
5.439
5.616
5.731
5.945
6.082
6.316
6.475
6.745
6.919
7.24
7.434
7.795
8.046
8.183
8.183
8.183
8.183
8.183
8.183
8.191
8.183
8.187
8.183
8.183
8.187
8.183
8.187
8.187
8.187
8.183
8.187
8.187
8.183
8.183
8.183
8.183
8.183
8.183
8.183
8.187
8.187
8.187
8.187
8.183
8.187
8.187
8.183
8.183
8.187
8.187
8.183
8.183
8.183
8.183
8.183
7.755
7.428
7.218
7.237
6.63
6.24
5.929
5.753
5.507
5.356
5.136
5.009
4.815
4.708
4.534
4.389
4.356
4.369
4.382
4.392
4.281
4.208
4.085
4.017
3.524
3.433
3.382
3.339
3.254
3.208
3.122
3.083
3.01
2.975
2.907
2.871
2.804
2.778
2.714
2.687
2.627
2.602
2.552
2.53
2.477
2.454
2.41
2.387
2.347
2.32
2.28
2.263
2.227
2.211
2.173
2.158
2.131
2.112
2.087
2.068
2.044
2.026
1.999
1.982
1.957
1.939
1.914
1.907
1.881
1.873
1.848
1.84
1.814
1.805
1.782
1.759
1.735
1.726
1.712
1.729
1.747
1.773
1.773
1.806
1.82
1.827
1.813
1.796
1.78
1.771
1.762
1.753
1.735
1.727
1.718
1.712
1.692
1.695
1.676
1.676
1.659
1.662
1.643
1.645
1.626
1.628
1.609
1.612
1.602
1.595
1.586
1.586
1.578
1.57
1.56
1.56
1.544
1.545
1.536
1.537
1.527
1.528
1.518
1.52
1.512
1.511
1.504
1.504
1.495
1.495
1.487
1.488
1.478
1.479
1.469
1.479
1.462
1.47
1.462
1.47
1.462
1.332
1.297
1.297
1.298
1.298
1.29
1.291
1.293
1.307
1.309
1.308
1.299
1.3
1.295
1.298
1.297
1.302
1.304
1.303
1.284
1.277
1.277
1.284
1.302
1.294
1.296
1.307
1.297
1.3
1.295
1.3
1.298
1.307
1.307
1.307
1.307
1.307
1.315
1.315
1.314
1.322
1.319
1.323
1.323
1.323
1.323
1.333
1.324
1.332
1.332
1.341
1.342
1.341
1.351
1.35
1.35
1.359
1.36
1.369
1.368
1.369
1.376
1.386
6.93511 13.1971 0.338559
