1 361
1.048
1.048
1.049
1.041
1.041
1.038
1.031
1.031
1.031
1.032
1.031
1.031
1.031
1.031
1.024
1.024
1.023
1.024
1.024
1.025
1.018
1.02
1.014
1.019
1.017
1.021
1.017
1.021
1.021
1.005
1.005
1.005
1.012
1.017
1.021
1.019
1.021
1.022
1.02
1.026
1.025
1.023
1.023
1.022
1.03
1.03
1.03
1.029
1.03
1.029
1.029
1.039
1.038
1.046
1.046
1.046
1.046
1.046
1.056
1.055
1.056
1.063
1.063
1.072
1.072
1.072
1.08
1.08
1.08
1.088
1.087
1.099
1.097
1.105
1.105
1.113
1.122
1.121
1.122
1.13
1.13
1.139
1.139
1.148
1.156
1.156
1.165
1.173
1.173
1.181
1.183
1.19
1.197
1.208
1.207
1.215
1.225
1.234
1.243
1.242
1.249
1.26
1.266
1.274
1.284
1.298
1.304
1.311
1.318
1.334
1.336
1.353
1.353
1.371
1.378
4.603
4.628
4.681
4.706
4.759
4.787
4.848
4.873
4.933
4.969
5.021
5.053
5.101
5.098
5.049
5.029
4.97
4.948
4.891
4.875
2.818
2.794
2.761
2.761
2.728
2.726
2.721
2.742
2.826
2.85
2.905
2.929
2.981
3.009
3.072
3.104
3.164
3.206
3.266
3.307
3.379
3.422
3.506
3.552
3.546
3.545
3.52
3.511
3.494
3.493
3.468
3.467
3.442
3.45
3.428
3.428
3.403
3.402
3.386
3.387
3.413
3.492
3.635
3.747
3.903
3.972
4.147
4.259
4.46
4.56
6.923
6.919
6.897
6.895
6.877
6.874
6.859
6.855
7.23
7.584
8.183
8.183
8.183
8.183
8.183
8.187
8.183
8.183
8.183
8.183
8.183
8.187
8.191
8.191
8.191
8.187
8.191
6.58
6.568
6.567
6.56
6.56
6.55
6.552
6.542
6.542
6.542
6.542
6.533
6.542
6.542
6.541
6.533
6.541
6.542
6.55
6.552
6.56
6.559
6.568
6.568
6.578
6.576
6.584
6.593
6.611
6.611
6.628
6.627
6.655
6.441
6.312
6.118
6.008
5.824
5.722
5.549
5.449
5.307
5.216
5.086
5.005
4.879
4.811
4.702
4.638
4.532
4.476
4.378
4.321
4.24
4.184
4.096
4.051
3.985
3.937
3.87
3.824
3.756
3.713
3.645
3.561
3.514
3.54
3.554
3.582
3.651
3.669
3.757
5.32
5.35
5.387
5.423
5.468
5.504
5.463
5.444
5.482
5.487
5.437
5.428
5.504
5.561
5.596
5.658
5.691
5.756
5.796
5.848
8.183
8.183
8.183
8.183
8.183
8.183
8.183
8.183
8.183
8.183
8.183
8.183
8.183
8.183
8.183
8.183
8.183
8.183
8.111
8.059
8.141
8.183
8.183
8.183
8.183
2.24
2.234
2.217
2.218
2.216
2.214
2.207
2.197
2.18
2.184
2.172
2.163
2.154
2.147
2.139
2.128
2.121
2.121
2.11
2.111
2.095
2.095
2.085
2.078
2.078
2.069
2.059
2.06
2.053
2.048
2.044
2.044
1.67545 12.7953 2.39457
