1 361
1.144
1.121
1.113
1.1
1.091
1.06
1.05
1.02
1.02
0.983
0.975
0.95
0.953
1.221
1.221
1.24
1.239
1.211
1.211
1.184
1.174
1.166
1.156
1.139
1.131
1.122
1.113
1.081
1.082
0.661
0.669
0.644
0.646
0.639
0.637
0.629
0.628
0.621
0.622
0.612
0.613
0.605
0.604
0.596
0.596
0.596
0.588
0.588
0.581
0.579
0.58
0.574
0.572
0.563
0.564
0.564
0.564
0.556
0.557
0.547
0.548
0.547
0.547
0.539
0.539
0.539
0.539
0.53
0.539
0.532
0.532
0.53
0.532
0.521
0.53
0.521
0.523
0.515
0.522
0.515
0.522
0.515
0.516
0.515
0.515
0.516
0.516
0.516
0.506
0.497
0.506
0.507
0.507
0.497
0.505
0.497
0.497
0.497
0.506
0.498
0.497
0.498
0.499
0.498
0.501
0.5
0.502
0.497
0.503
0.504
0.501
0.501
0.499
0.497
0.504
0.501
0.499
0.5
0.499
0.5
0.498
0.498
0.498
0.498
0.498
0.497
0.498
0.499
0.499
0.507
0.508
0.499
0.506
0.507
0.508
0.507
0.507
0.509
0.516
0.508
0.516
0.517
0.516
0.516
0.517
0.523
0.517
0.517
0.525
0.525
0.524
0.524
0.533
0.532
0.534
0.532
0.534
0.542
0.543
0.542
0.551
0.543
0.544
0.55
0.552
0.551
0.561
0.561
0.569
0.561
0.568
0.577
0.577
0.576
0.584
0.585
0.587
0.586
0.594
0.593
0.601
0.6
0.608
0.609
0.61
0.618
0.618
0.626
0.626
0.633
0.633
0.643
0.65
0.652
0.667
0.668
0.676
0.687
0.743
0.756
0.763
0.763
0.772
0.776
0.78
0.768
0.766
0.778
0.777
0.785
0.794
0.794
0.81
0.808
0.828
0.826
0.835
0.844
0.852
0.861
0.861
0.891
4.894
4.838
4.822
4.778
4.75
4.709
4.7
4.504
4.444
4.425
4.415
4.372
4.364
4.322
4.305
4.271
4.263
4.222
4.214
4.181
4.164
4.14
4.123
4.099
4.09
4.056
4.046
4.024
4.013
3.996
3.987
3.961
3.952
3.926
3.916
3.899
3.888
3.871
3.865
3.844
3.845
3.818
3.819
3.801
3.801
3.775
3.775
3.758
3.758
3.735
3.732
3.716
3.715
3.708
3.707
3.687
3.682
3.675
3.674
3.668
3.666
3.637
3.636
3.722
3.794
3.774
3.776
3.767
3.767
3.767
3.768
3.75
3.759
3.751
3.751
3.745
3.746
3.737
3.749
3.743
3.745
3.746
3.753
3.744
3.761
3.749
3.759
3.758
3.76
3.767
3.768
3.706
3.614
3.613
3.633
3.636
3.644
3.643
3.653
3.652
3.662
3.67
3.678
3.677
3.18
3.08
3.07
3.053
3.044
3.026
3.026
2.999
3
2.973
2.972
2.956
2.946
2.937
2.928
2.912
2.912
2.895
2.894
2.877
2.878
2.86
2.879
3.929
3.949
3.966
3.974
4.001
4.009
4.032
4.042
4.068
4.078
4.104
4.122
2.83735 8.57232 6.02209
