1 361
2.201
2.205
2.188
2.151
2.134
2.098
2.084
2.108
2.108
2.156
2.163
2.191
2.19
2.216
2.224
2.253
2.257
2.281
2.29
2.324
2.324
2.356
2.365
2.4
2.404
2.378
2.358
2.294
2.276
2.225
2.207
2.155
2.138
2.093
2.074
2.029
2.024
1.981
1.971
1.919
1.912
1.877
1.878
1.887
1.895
1.896
1.904
1.912
1.912
1.921
1.921
1.93
1.938
1.946
1.947
1.955
1.964
1.973
1.973
1.981
1.99
1.999
2.007
2.016
2.016
2.034
2.034
2.051
2.051
2.068
2.069
2.087
2.087
2.106
2.108
5.154
5.23
5.417
5.504
5.717
5.812
6.044
6.169
8.183
8.183
8.183
8.183
8.183
8.183
8.183
8.183
8.183
8.183
8.183
8.183
8.183
8.183
8.183
8.183
8.187
8.183
8.183
8.183
8.183
8.183
8.183
8.183
8.191
8.187
8.183
8.183
8.183
8.183
8.183
8.183
8.183
8.183
8.183
8.183
8.183
8.183
8.183
8.183
8.183
8.183
8.183
8.183
8.183
8.183
8.183
8.183
8.183
8.183
8.183
8.183
8.183
8.183
6.294
6.129
5.807
5.685
5.405
5.284
5.051
4.949
4.734
4.641
4.449
4.371
4.203
4.125
3.986
3.922
3.787
3.734
3.622
3.574
3.452
3.412
3.311
3.272
3.185
3.142
3.056
3.03
2.951
2.925
2.846
2.814
2.748
2.722
2.658
2.647
2.579
2.561
2.503
2.483
2.429
2.413
2.364
2.347
2.299
2.29
2.235
2.195
2.162
2.145
2.159
2.169
2.185
2.203
2.213
2.23
2.206
2.197
2.163
2.164
2.119
2.119
2.083
2.075
2.039
2.039
2.004
2.004
1.978
1.97
1.935
1.927
1.903
1.902
1.876
1.878
1.85
1.843
1.834
8.183
8.183
7.211
7.241
8.183
8.183
8.183
8.183
8.183
8.183
8.183
8.183
8.183
8.183
8.183
8.183
8.183
8.183
8.183
8.183
8.183
8.183
7.746
7.713
7.875
8.161
7.967
7.908
7.89
7.785
7.758
7.815
7.931
8.183
8.183
8.183
8.183
8.183
8.183
8.183
8.183
8.183
8.183
8.183
8.183
8.183
8.183
8.183
8.183
8.183
3.338
3.318
1.33
1.291
1.29
1.282
1.282
1.274
1.279
1.286
1.294
1.285
1.293
1.285
1.285
1.277
1.285
1.277
1.278
1.279
1.279
1.275
1.279
1.268
1.279
1.277
1.279
1.267
1.2
1.158
1.129
1.106
1.262
1.251
1.251
1.258
1.256
1.26
1.265
1.26
1.257
1.255
1.26
1.264
1.257
1.263
1.279
1.274
1.28
1.266
1.278
1.278
1.278
1.283
1.287
1.281
1.302
1.296
1.3
1.302
1.313
1.307
1.316
1.322
1.329
1.324
1.343
1.332
1.35
1.352
1.34
1.297
1.381
1.375
1.312
1.308
1.309
1.315
1.319
1.319
1.325
1.325
1.334
1.335
1.343
1.346
1.354
1.362
1.364
1.373
1.382
1.382
1.391
1.399
1.409
6.3085 7.89611 2.62585
