1 361
5.563
5.515
5.467
5.408
5.34
5.289
5.248
5.253
5.037
4.991
4.938
4.917
4.891
4.869
4.834
4.852
5.192
5.168
5.165
5.185
4.936
4.891
4.867
4.807
4.739
4.682
4.673
4.659
4.637
4.702
4.829
5.033
5.156
5.213
4.751
4.118
4.109
4.083
4.076
4.058
4.041
4.015
4.006
3.988
3.981
3.97
3.952
3.944
3.929
3.909
3.902
3.896
3.878
3.869
3.86
3.844
3.836
3.828
3.818
3.811
3.812
3.802
3.794
3.786
3.776
3.767
3.76
3.759
3.757
3.749
3.743
3.737
3.734
3.733
3.726
3.727
3.718
3.72
3.711
3.712
3.712
3.713
3.712
3.71
3.707
3.701
3.703
3.709
3.71
3.708
3.705
3.712
3.714
3.713
3.713
3.721
3.718
3.723
3.732
3.731
3.731
3.731
3.74
3.74
3.747
3.746
3.755
3.754
3.764
3.772
3.779
3.786
3.786
3.825
4.977
4.996
5.003
5.02
5.028
5.037
5.054
5.069
5.079
5.092
5.103
5.119
5.136
5.151
5.168
5.185
5.202
5.217
5.243
5.259
5.278
5.302
5.32
5.336
5.363
5.387
5.406
5.43
5.448
5.472
5.499
5.532
5.558
5.584
5.61
5.637
5.664
5.7
5.726
5.762
5.787
5.822
5.857
5.899
5.925
5.965
5.998
6.039
6.081
6.122
6.165
6.2
6.244
6.174
6.106
6.049
5.982
5.929
5.868
5.82
5.756
3.01
2.982
2.957
2.939
2.914
2.889
2.862
2.847
2.822
2.807
2.781
2.764
2.748
2.731
2.713
2.687
2.679
2.661
2.643
2.627
2.608
2.592
2.584
2.567
2.551
2.534
2.518
2.502
2.493
2.485
2.469
2.452
2.443
2.435
2.427
2.41
2.401
2.393
2.385
2.368
2.36
2.351
2.342
2.334
2.325
2.317
2.308
2.3
2.292
2.283
2.283
2.275
2.265
2.257
2.256
2.248
2.248
2.24
2.239
2.221
2.221
2.213
2.212
2.212
2.203
2.204
2.194
2.194
2.185
2.185
2.176
2.177
2.177
2.177
2.849
2.861
2.893
2.948
2.996
3.096
3.419
3.429
3.438
3.422
3.471
3.553
3.852
3.984
3.984
3.77
3.957
3.975
3.966
3.475
3.221
3.214
3.217
3.218
3.222
3.165
3.224
3.748
3.923
3.913
3.438
3.299
3.257
3.263
3.675
3.504
3.372
3.243
3.225
3.231
3.244
3.243
3.259
3.271
3.85
3.727
3.601
3.478
3.37
3.265
3.184
3.183
3.191
3.201
3.208
3.208
3.225
3.226
3.243
3.251
3.259
3.277
3.624
3.577
3.534
3.487
3.438
3.405
3.355
3.323
3.343
7.904
7.939
7.972
8.016
8.039
8.078
8.118
8.16
8.183
8.183
8.183
8.183
8.183
8.183
4.931
4.862
4.842
4.805
4.707
4.683
4.668
4.653
4.638
4.628
4.612
4.596
4.577
4.562
4.555
4.539
4.54
4.732
5.334
5.376
5.418
5.461
5.511
5.563
5.608
5.659
5.704
12.295 6.08113 0.937608
