1 361
0.844
0.845
0.853
0.861
0.861
0.868
0.878
0.878
0.877
0.885
0.894
0.9
0.902
0.909
0.909
0.917
0.926
0.934
0.937
0.944
0.949
0.957
0.961
0.973
0.988
1.052
1.059
1.059
1.071
1.077
1.057
1.067
1.068
1.077
1.084
1.095
1.101
1.111
1.118
1.118
1.134
1.136
1.152
1.155
5.694
5.643
5.574
5.534
5.469
5.433
5.371
5.302
5.305
5.342
5.386
5.341
5.287
5.244
5.193
5.15
5.108
5.069
5.026
4.996
4.964
4.929
4.896
4.698
4.642
4.634
4.602
4.568
4.543
4.509
4.485
4.458
4.434
4.408
4.382
4.357
4.333
4.307
4.283
4.266
4.242
4.218
4.201
4.185
4.159
4.143
4.126
4.11
4.093
4.076
4.058
4.042
4.025
4.007
3.998
3.981
3.973
3.956
3.947
3.929
3.91
3.901
3.894
3.876
3.867
3.858
3.85
3.835
3.832
3.823
3.814
3.804
3.783
3.775
3.858
3.913
3.909
3.899
3.892
3.883
3.883
3.873
3.874
3.858
3.857
3.856
3.857
3.857
3.848
3.848
3.839
3.839
3.83
3.834
3.826
3.832
3.825
3.823
3.832
3.829
3.823
3.825
3.669
3.669
3.686
3.691
3.697
3.693
3.702
3.7
3.708
3.708
3.714
3.714
3.722
3.722
3.73
3.73
3.737
3.738
3.746
3.753
3.767
3.763
3.773
3.779
3.789
3.789
3.799
3.807
3.825
3.825
3.843
3.841
3.86
3.867
3.878
3.886
3.904
3.902
3.922
3.929
3.947
3.955
3.974
3.983
3.998
4.016
4.032
4.042
4.06
4.067
4.094
4.11
4.135
4.144
4.168
4.184
4.208
4.229
4.229
4.255
4.457
4.473
4.5
4.524
4.547
4.574
4.606
4.623
4.653
4.683
4.716
4.732
4.781
0.921
0.918
0.91
0.903
0.893
0.877
0.867
0.859
0.859
0.849
0.842
0.834
0.825
0.824
0.824
0.833
0.826
0.817
0.809
0.804
0.804
0.814
0.818
0.809
0.811
0.774
0.77
0.752
0.736
0.728
0.72
0.727
0.725
0.721
0.724
0.715
0.719
0.72
0.713
0.721
0.722
0.724
0.72
0.712
0.712
0.72
0.72
0.717
0.718
0.714
0.72
0.724
0.72
0.725
0.723
0.721
0.72
0.718
0.724
0.724
0.731
0.723
0.731
0.73
0.73
0.731
0.729
0.73
0.729
0.739
0.739
0.74
0.739
0.746
0.746
0.754
0.747
0.755
0.755
0.755
0.762
0.762
0.762
0.764
0.771
0.77
0.771
0.778
0.777
0.785
0.786
0.786
0.795
0.793
0.803
0.802
0.802
0.809
0.81
0.818
0.819
0.828
0.828
0.836
0.837
0.845
0.853
0.853
0.861
0.861
0.871
0.892
2.145
2.112
2.112
2.107
2.118
2.128
2.16
2.248
2.805
2.827
2.849
2.878
2.833
2.549
2.546
2.545
2.514
2.465
2.394
2.245
2.176
2.072
2.007
1.916
1.876
1.8
1.772
1.771
1.781
1.782
4.66357 2.55578 0.403223
