1 361
0.818
0.826
0.835
0.835
0.844
0.844
0.852
0.86
0.859
0.868
0.868
0.877
0.875
0.885
0.884
0.894
0.899
0.908
0.915
0.915
0.925
0.933
0.938
0.947
0.947
0.963
0.972
0.978
1.025
1.049
1.059
1.07
1.073
1.059
1.057
1.068
1.077
1.084
1.093
1.092
1.101
1.11
1.127
1.134
1.133
1.142
1.147
5.616
5.565
5.513
5.459
5.408
5.355
5.292
5.323
5.363
5.381
5.323
5.279
5.229
5.184
5.144
5.109
5.061
5.029
4.987
4.955
4.921
4.893
4.667
4.635
4.63
4.604
4.571
4.544
4.51
4.487
4.46
4.434
4.408
4.383
4.359
4.342
4.315
4.291
4.267
4.242
4.219
4.203
4.185
4.161
4.153
4.125
4.11
4.093
4.077
4.068
4.043
4.034
4.017
3.998
3.983
3.974
3.955
3.947
3.93
3.92
3.907
3.905
3.886
3.877
3.876
3.858
3.851
3.841
3.834
3.825
3.807
3.793
3.783
3.902
3.924
3.917
3.911
3.909
3.9
3.9
3.893
3.883
3.884
3.874
3.866
3.866
3.866
3.858
3.857
3.858
3.85
3.848
3.851
3.844
3.85
3.848
3.852
3.845
3.849
3.842
3.77
3.687
3.685
3.708
3.714
3.713
3.711
3.716
3.718
3.724
3.731
3.729
3.73
3.74
3.744
3.747
3.754
3.754
3.763
3.772
3.774
3.781
3.789
3.799
3.798
3.807
3.818
3.825
3.834
3.842
3.85
3.859
3.873
3.877
3.885
3.903
3.912
3.921
3.931
3.947
3.956
3.973
3.983
4
4.018
4.025
4.041
4.059
4.077
4.085
4.11
4.119
4.143
4.16
4.177
4.201
4.218
4.244
4.24
4.262
4.469
4.491
4.508
4.54
4.566
4.59
4.614
4.64
4.666
4.693
4.728
4.753
4.787
0.947
0.934
0.927
0.92
0.913
0.893
0.894
0.886
0.877
0.87
0.859
0.854
0.838
0.837
0.844
0.851
0.847
0.836
0.836
0.823
0.827
0.843
0.83
0.83
0.823
0.789
0.79
0.765
0.744
0.732
0.739
0.741
0.738
0.739
0.738
0.742
0.743
0.737
0.732
0.735
0.739
0.743
0.737
0.728
0.737
0.737
0.741
0.736
0.739
0.735
0.738
0.743
0.739
0.734
0.739
0.737
0.743
0.742
0.743
0.741
0.74
0.741
0.748
0.741
0.748
0.749
0.748
0.746
0.757
0.757
0.764
0.756
0.764
0.765
0.765
0.764
0.771
0.771
0.779
0.78
0.778
0.779
0.787
0.786
0.786
0.786
0.795
0.794
0.803
0.804
0.804
0.804
0.81
0.811
0.819
0.819
0.828
0.827
0.836
0.845
0.844
0.844
0.853
0.853
0.862
0.861
0.87
0.872
0.88
0.985
2.159
2.154
2.112
2.124
2.117
2.12
2.123
2.163
2.199
2.573
2.828
2.843
2.873
2.883
2.796
2.535
2.552
2.512
2.5
2.441
2.322
2.208
2.121
2.029
1.945
1.876
1.818
1.777
1.778
1.78
1.789
4.62453 2.53932 0.434823
