1 361
2.15
2.158
2.149
2.16
2.15
2.159
2.159
2.166
2.158
2.171
2.164
2.171
2.161
2.176
2.167
2.175
2.175
2.183
2.184
2.192
2.19
2.201
2.199
2.207
2.207
2.225
2.216
2.234
2.224
2.243
2.233
2.25
2.25
2.268
2.257
2.283
2.275
2.292
2.283
2.307
2.3
2.323
2.316
2.34
2.332
2.357
2.358
2.374
2.374
2.399
2.391
2.416
2.406
2.441
2.433
2.466
2.457
2.454
2.44
2.375
2.377
2.31
2.31
2.253
2.261
2.201
2.202
2.139
2.149
2.095
2.097
2.044
2.054
2.013
2.004
1.968
1.966
1.926
1.926
1.892
1.884
1.85
1.854
1.817
1.818
1.785
1.784
1.759
1.76
1.734
1.733
1.707
1.699
1.674
1.683
1.649
1.657
1.633
1.634
1.601
1.611
1.584
1.585
1.56
1.561
1.545
1.546
1.528
1.528
1.512
1.513
1.496
1.495
1.479
1.48
1.462
1.462
1.453
1.446
1.437
1.428
1.42
1.42
1.411
1.412
1.394
1.395
1.378
1.386
1.377
1.377
1.368
1.36
1.351
1.36
1.343
1.351
1.333
1.334
1.325
1.325
1.325
1.325
1.311
1.316
1.308
1.308
1.299
1.299
1.29
1.299
1.29
1.29
1.282
1.29
1.282
1.282
1.273
1.283
1.274
1.274
1.267
1.273
1.266
1.274
1.266
1.267
1.269
1.269
1.263
1.262
1.268
1.268
1.268
1.267
1.265
1.264
1.264
1.264
1.262
1.266
1.261
1.268
1.265
1.265
1.261
1.271
1.269
1.268
1.266
1.267
1.274
1.274
1.274
1.274
1.274
1.274
1.283
1.282
1.283
1.29
1.29
1.29
1.299
1.299
1.309
1.299
1.309
1.309
1.317
1.317
1.325
1.325
1.325
1.325
1.335
1.335
1.343
1.352
1.352
1.361
1.361
1.368
1.368
1.377
1.386
1.386
1.395
1.395
1.403
1.412
1.421
1.421
1.428
1.437
1.446
1.446
1.463
1.462
1.47
1.479
1.496
1.503
1.513
1.512
1.521
1.529
1.545
1.545
1.561
1.561
1.577
1.585
1.602
1.602
1.626
1.635
1.651
1.651
1.676
1.676
1.7
1.7
1.725
1.733
1.758
1.758
1.783
1.784
1.816
1.817
1.85
1.85
1.666
1.675
1.684
1.685
1.709
1.714
1.759
1.771
2.042
2.041
2.088
2.088
2.137
2.141
2.181
2.19
2.251
2.251
2.305
2.31
2.365
2.369
2.441
2.445
2.362
2.367
2.342
2.343
2.507
2.518
2.615
2.614
5.898
5.901
5.846
5.855
5.797
5.806
5.771
5.761
5.718
5.726
5.682
5.691
5.646
5.656
5.621
5.62
5.586
5.594
5.56
5.568
5.534
5.541
5.57
5.629
6.012
6.017
5.986
5.994
5.97
5.97
5.953
5.953
5.918
5.951
7.679
7.688
8.183
8.183
8.183
8.183
8.183
8.183
8.183
8.183
8.183
8.183
8.183
8.183
7.801
7.758
5.841
5.846
5.855
5.863
5.863
5.866
-3.73703 10.3099 6.21185
