1 361
0.711
0.744
0.741
0.767
0.773
0.803
0.806
0.833
0.839
0.871
0.879
0.922
0.938
1.029
1.043
1.093
1.103
1.155
1.172
1.224
1.241
1.3
1.326
1.385
1.42
1.495
1.534
1.626
1.67
1.781
1.831
1.961
2.028
2.189
2.293
2.489
2.609
2.852
3.026
3.383
3.64
4.154
4.56
4.995
4.994
4.984
4.994
4.985
4.985
4.984
4.984
4.985
4.986
4.986
4.985
4.986
4.986
4.994
4.995
5.004
5.011
5.011
5.013
5.021
5.028
5.038
5.045
5.042
4.819
4.267
4.299
4.204
3.827
3.636
3.505
3.353
3.259
3.121
2.815
2.797
2.798
2.771
2.672
2.557
2.501
2.408
2.357
2.282
2.246
2.167
2.133
2.112
2.1
5.379
5.39
5.415
5.439
5.456
5.482
5.506
5.524
5.549
5.567
5.592
5.619
4.751
4.963
5.698
5.725
5.719
5.699
5.734
5.762
5.775
5.808
5.826
5.845
5.862
5.874
5.913
5.961
6.014
6.047
6.104
6.181
6.213
6.185
6.103
3.518
3.514
5.934
6.276
6.327
6.396
6.444
6.503
6.55
6.475
6.473
6.547
6.602
6.577
6.638
7.277
7.331
5.28
5.265
5.279
7.609
7.689
7.766
7.855
7.934
8.028
8.103
8.183
8.183
8.183
8.064
7.206
7.166
7.116
7.069
7.025
6.996
6.641
6.534
6.491
6.456
6.517
6.601
6.719
6.694
5.723
5.701
5.761
6.553
6.504
5.99
5.953
5.929
5.897
5.871
5.797
5.786
5.776
5.869
6
6.234
6.288
6.428
7.826
7.773
7.588
7.677
8.183
8.183
8.183
8.183
8.183
8.183
8.183
8.183
8.183
8.183
8.183
8.183
8.183
8.183
8.183
8.183
8.183
8.183
8.183
1.565
1.501
1.469
1.436
1.425
1.451
1.569
1.551
1.297
1.271
1.283
1.286
1.29
1.271
1.307
1.45
1.545
1.45
1.557
1.377
1.444
1.359
1.408
1.358
1.404
1.369
1.386
1.354
1.379
1.362
1.378
1.352
1.369
1.351
1.366
1.35
1.359
1.35
1.368
1.35
1.36
1.35
1.36
1.351
1.368
1.359
1.368
1.359
1.368
1.368
1.378
1.368
1.362
1.343
1.353
1.359
1.377
1.372
1.379
1.381
1.388
1.387
1.396
1.397
1.405
1.405
1.412
1.373
1.361
1.346
1.326
1.317
1.298
1.279
1.258
1.247
1.223
1.204
1.182
1.152
1.133
1.104
1.125
1.358
1.367
1.369
1.381
1.365
1.347
1.33
1.321
1.303
1.285
0.97
0.804
0.788
0.78
0.773
0.764
0.763
0.757
0.75
0.741
0.74
0.733
0.724
0.723
0.709
0.71
0.7
0.7
0.694
0.683
0.685
0.676
0.676
0.669
0.67
0.66
0.66
0.653
0.646
0.645
0.644
0.638
0.637
0.629
0.626
0.629
0.63
0.62
0.62
0.619
0.612
0.611
0.611
0.613
0.604
0.604
0.603
0.604
0.595
0.595
0.596
0.588
0.596
0.587
4.21769 8.24939 3.23647
