1 361
1.749
1.759
1.819
2.316
2.31
2.331
2.327
2.346
2.345
2.349
2.334
2.542
2.685
2.677
2.684
2.688
2.677
2.689
2.697
2.706
2.695
2.726
2.728
2.762
2.749
2.775
2.79
2.796
2.804
2.807
2.807
2.783
2.805
3.006
2.923
2.787
2.795
2.796
2.806
2.814
2.813
3.032
3.11
2.978
2.924
2.833
2.826
2.841
2.841
2.847
2.856
2.88
2.884
3.327
3.279
3.153
3.101
2.989
2.937
2.839
2.805
2.805
2.812
2.821
2.828
2.846
2.855
2.863
2.872
2.889
2.898
2.906
2.914
3.235
3.218
3.163
3.143
3.103
3.079
3.037
3.018
2.977
3
7.77
7.802
7.853
7.893
7.937
7.972
8.183
8.183
8.183
8.183
8.183
8.183
4.609
4.573
4.535
4.517
4.41
4.413
4.394
4.392
4.369
4.357
4.341
4.342
4.318
4.317
4.303
4.299
4.294
4.276
4.281
5.105
5.171
5.213
5.271
5.305
5.375
5.407
5.476
5.527
5.596
5.642
5.72
5.765
5.842
5.892
3.458
3.441
3.409
3.394
3.361
3.352
3.321
3.313
3.282
3.271
3.248
3.24
3.213
3.198
3.181
3.173
3.145
3.139
3.113
3.104
3.087
3.079
3.061
3.052
3.035
3.026
3.009
2.999
2.991
2.982
2.964
2.956
2.946
2.938
2.929
2.92
2.911
2.902
2.894
2.886
2.877
2.877
2.86
2.86
2.843
2.844
2.835
2.835
2.817
2.817
2.81
2.81
2.81
2.802
2.802
2.793
2.785
2.793
2.777
2.785
2.768
2.777
2.769
2.769
2.762
2.764
2.757
2.768
2.762
2.765
2.76
2.762
2.764
2.763
2.76
2.768
2.759
2.765
2.759
2.767
2.762
2.77
2.762
2.778
2.768
2.776
2.776
2.785
2.784
2.792
2.792
2.801
2.801
2.809
2.809
2.817
2.816
2.825
2.824
2.833
2.842
2.842
2.85
2.859
2.859
2.875
2.884
2.893
2.901
2.91
2.909
2.926
2.944
2.954
2.954
2.971
2.979
2.989
2.997
3.014
3.023
3.032
3.041
3.058
3.067
3.084
3.093
3.111
3.12
3.136
3.154
3.169
3.177
3.197
3.212
3.227
3.244
3.26
3.277
3.301
3.318
3.334
3.358
3.375
3.388
3.415
3.438
3.465
3.48
3.507
3.533
3.549
3.574
3.601
3.626
3.659
3.685
3.718
3.744
3.778
3.813
3.838
3.874
3.905
3.941
3.976
4.009
4.044
4.087
4.128
4.168
4.2
4.252
4.291
4.341
4.384
4.436
4.48
4.523
4.582
4.632
4.682
4.747
4.878
6.426
6.395
6.343
6.318
6.276
6.24
6.206
6.179
6.137
6.111
6.07
6.055
6.014
5.989
5.955
5.939
5.907
5.889
5.855
5.228
5.15
5.264
4.63
4.623
4.597
4.59
4.572
4.556
4.538
4.522
4.513
4.497
4.48
4.48
4.453
4.453
4.437
4.428
4.412
4.403
4.395
4.385
4.37
4.361
4.355
4.345
4.337
4.339
2.22604 -0.624207 1.55103
