1 361
5.571
5.522
5.474
5.414
5.336
5.283
5.245
5.251
5.035
4.986
4.945
4.916
4.898
4.864
4.842
4.859
5.189
5.173
5.157
5.182
4.944
4.891
4.881
4.844
4.755
4.7
4.69
4.684
4.659
4.72
4.837
5.032
5.144
5.209
4.748
4.125
4.1
4.083
4.073
4.047
4.039
4.023
4.003
3.987
3.979
3.962
3.952
3.934
3.927
3.909
3.9
3.895
3.877
3.867
3.861
3.853
3.842
3.834
3.818
3.818
3.809
3.8
3.791
3.784
3.776
3.767
3.757
3.757
3.755
3.749
3.742
3.736
3.732
3.724
3.725
3.724
3.716
3.717
3.709
3.711
3.709
3.711
3.711
3.71
3.713
3.709
3.71
3.706
3.702
3.707
3.705
3.713
3.71
3.709
3.713
3.711
3.717
3.72
3.723
3.731
3.729
3.73
3.737
3.738
3.747
3.746
3.754
3.753
3.762
3.769
3.771
3.783
3.783
3.824
4.976
4.993
5.002
5.01
5.027
5.043
5.052
5.069
5.076
5.093
5.099
5.118
5.134
5.148
5.166
5.182
5.199
5.216
5.241
5.257
5.273
5.301
5.319
5.336
5.362
5.388
5.405
5.428
5.454
5.472
5.497
5.532
5.556
5.582
5.608
5.635
5.662
5.697
5.724
5.759
5.785
5.82
5.855
5.889
5.93
5.964
5.996
6.037
6.078
6.12
6.162
6.198
6.241
6.182
6.102
6.052
5.982
5.915
5.865
5.809
5.758
3.009
2.983
2.967
2.939
2.915
2.897
2.87
2.847
2.82
2.805
2.788
2.761
2.746
2.729
2.712
2.694
2.677
2.66
2.642
2.626
2.608
2.591
2.574
2.566
2.55
2.533
2.525
2.509
2.492
2.484
2.467
2.45
2.442
2.433
2.417
2.408
2.4
2.392
2.383
2.366
2.357
2.349
2.34
2.332
2.324
2.315
2.307
2.299
2.29
2.29
2.282
2.273
2.264
2.255
2.255
2.247
2.238
2.238
2.229
2.229
2.22
2.22
2.211
2.211
2.202
2.202
2.193
2.193
2.184
2.184
2.184
2.175
2.176
2.177
2.84
2.862
2.894
2.974
3.012
3.106
3.418
3.43
3.435
3.418
3.488
3.563
3.946
3.983
3.974
3.751
3.964
3.965
3.964
3.44
3.219
3.212
3.215
3.207
3.223
3.165
3.231
3.739
3.921
3.911
3.443
3.3
3.256
3.251
3.66
3.496
3.369
3.236
3.224
3.237
3.234
3.249
3.257
3.268
3.847
3.725
3.591
3.478
3.362
3.264
3.182
3.181
3.182
3.199
3.207
3.207
3.224
3.233
3.241
3.25
3.267
3.275
3.622
3.568
3.531
3.476
3.439
3.395
3.356
3.325
3.339
7.903
7.934
7.972
8.005
8.038
8.084
8.117
8.153
8.183
8.183
8.183
8.183
8.183
8.183
4.928
4.859
4.841
4.803
4.703
4.692
4.667
4.651
4.634
4.618
4.601
4.592
4.581
4.57
4.553
4.544
4.527
4.74
5.339
5.383
5.416
5.46
5.509
5.562
5.606
5.659
5.702
12.2951 6.08124 0.938053
