1 361
5.571
5.523
5.473
5.414
5.339
5.285
5.246
5.241
5.035
4.986
4.934
4.915
4.899
4.87
4.84
4.848
5.188
5.166
5.162
5.192
4.942
4.89
4.873
4.834
4.754
4.697
4.671
4.675
4.641
4.709
4.837
5.032
5.153
5.209
4.748
4.116
4.099
4.083
4.064
4.056
4.037
4.022
4.004
3.987
3.969
3.961
3.951
3.934
3.926
3.909
3.901
3.894
3.877
3.869
3.859
3.853
3.843
3.835
3.825
3.809
3.81
3.799
3.792
3.783
3.776
3.767
3.757
3.758
3.756
3.748
3.733
3.735
3.731
3.732
3.723
3.725
3.718
3.718
3.719
3.711
3.711
3.71
3.71
3.708
3.706
3.708
3.702
3.706
3.704
3.707
3.703
3.703
3.71
3.709
3.713
3.711
3.716
3.719
3.723
3.722
3.721
3.731
3.737
3.739
3.745
3.746
3.754
3.763
3.763
3.77
3.777
3.784
3.794
3.825
4.977
4.993
5.003
5.02
5.027
5.042
5.052
5.06
5.075
5.093
5.1
5.117
5.133
5.15
5.166
5.19
5.199
5.224
5.242
5.258
5.274
5.3
5.317
5.344
5.361
5.387
5.405
5.428
5.454
5.48
5.497
5.522
5.556
5.582
5.61
5.636
5.662
5.697
5.724
5.761
5.786
5.82
5.855
5.89
5.929
5.963
5.997
6.037
6.078
6.12
6.155
6.206
6.242
6.184
6.114
6.041
5.98
5.924
5.868
5.809
5.758
3.007
2.991
2.955
2.941
2.914
2.897
2.87
2.846
2.829
2.804
2.788
2.762
2.747
2.721
2.712
2.686
2.676
2.66
2.633
2.625
2.608
2.591
2.574
2.558
2.55
2.533
2.516
2.508
2.492
2.484
2.467
2.459
2.442
2.433
2.417
2.407
2.4
2.392
2.384
2.366
2.357
2.349
2.34
2.332
2.324
2.314
2.307
2.299
2.29
2.29
2.282
2.273
2.264
2.264
2.255
2.247
2.238
2.238
2.229
2.22
2.22
2.211
2.211
2.202
2.202
2.193
2.193
2.193
2.184
2.184
2.184
2.175
2.175
2.177
2.848
2.851
2.894
2.954
3.003
3.085
3.416
3.419
3.436
3.419
3.48
3.544
3.928
3.974
3.982
3.761
3.964
3.974
3.965
3.458
3.22
3.212
3.215
3.215
3.218
3.166
3.23
3.747
3.929
3.902
3.439
3.299
3.255
3.252
3.661
3.495
3.368
3.237
3.223
3.236
3.233
3.241
3.257
3.27
3.849
3.725
3.591
3.485
3.368
3.263
3.181
3.182
3.189
3.198
3.207
3.215
3.224
3.233
3.241
3.25
3.258
3.274
3.617
3.574
3.529
3.487
3.446
3.404
3.365
3.321
3.341
7.901
7.937
7.97
8.004
8.039
8.075
8.125
8.159
8.183
8.183
8.183
8.183
8.183
8.183
4.926
4.861
4.841
4.801
4.698
4.685
4.669
4.652
4.635
4.62
4.603
4.592
4.578
4.558
4.553
4.539
4.53
4.73
5.34
5.383
5.424
5.469
5.509
5.562
5.606
5.658
5.703
12.295 6.08113 0.937608
