1 361
1.934
1.958
1.984
2
2.025
2.051
2.076
2.094
2.128
2.145
2.18
2.2
2.231
2.255
2.288
2.323
2.358
2.388
2.418
2.46
2.5
2.535
2.58
2.624
2.674
2.714
2.765
2.816
2.868
2.919
2.978
3.029
3.106
3.152
3.236
3.291
3.379
3.448
3.548
3.617
3.722
3.805
3.924
4.014
4.14
4.236
4.4
4.508
4.684
4.81
5.006
6.392
6.399
6.488
6.398
6.391
6.374
6.525
6.996
7.26
7.775
8.095
8.183
8.183
8.183
8.183
8.183
8.183
8.183
8.183
8.183
8.183
8.183
8.183
8.183
8.183
8.183
8.183
8.183
8.183
8.183
8.183
8.183
8.183
8.183
8.183
8.183
8.183
8.183
8.183
8.183
8.183
8.183
8.183
8.183
8.183
8.183
8.183
4.687
4.723
4.837
4.877
4.98
5.039
5.152
5.172
5.179
5.162
5.162
5.16
5.162
5.151
5.158
5.149
5.154
5.145
5.154
5.137
5.143
5.063
4.921
4.834
4.712
4.629
4.515
4.453
4.338
4.27
4.175
4.124
4.031
3.978
3.891
3.847
3.723
3.708
3.742
3.751
3.787
3.776
3.705
3.658
3.599
3.557
3.5
3.465
3.415
3.377
3.33
3.297
3.252
3.202
2.921
2.898
2.88
2.854
2.813
2.796
2.754
2.739
2.703
2.679
2.652
2.627
2.602
2.576
2.561
2.537
2.506
2.486
2.473
2.449
2.433
2.409
2.391
2.368
2.359
2.341
2.315
2.301
2.291
2.274
2.259
2.242
2.224
2.214
2.197
2.178
2.17
2.161
2.143
2.134
2.117
2.108
2.099
2.09
2.082
2.064
2.055
2.037
2.029
2.021
2.021
2.002
1.993
1.985
1.977
1.967
1.96
1.95
1.951
1.934
1.925
1.925
1.917
1.908
1.907
1.9
1.891
1.882
1.881
1.874
1.865
1.858
1.857
1.849
1.849
1.84
1.84
1.831
1.825
1.819
1.97
1.996
2.145
2.179
2.329
2.328
2.329
2.329
2.328
2.32
2.321
2.312
2.312
2.308
2.312
2.305
2.306
2.297
2.298
2.29
2.293
2.287
2.268
2.271
2.274
2.261
2.532
2.537
7.139
7.136
7.134
7.132
7.146
7.144
7.155
7.153
7.16
7.165
7.173
7.084
6.353
6.106
6.065
5.515
5.047
5.049
5.082
5.026
4.246
4.173
4.192
4.192
4.2
4.207
4.217
4.225
4.241
4.24
4.257
4.266
4.289
4.291
4.308
4.315
4.332
4.348
2.579
2.568
2.476
2.461
2.442
2.444
2.46
2.473
2.502
2.501
2.526
2.525
2.553
2.543
2.565
2.574
2.582
2.59
2.606
2.625
2.635
2.644
2.668
2.668
2.692
2.694
2.719
2.73
2.754
2.753
2.779
2.795
2.82
2.828
2.853
2.864
2.897
2.904
2.938
2.938
2.898
2.889
2.846
2.839
2.788
2.781
2.737
2.729
2.697
2.684
2.646
2.638
2.603
2.595
2.561
2.571
2.609
2.618
2.661
2.679
2.724
2.734
2.773
-1.95877 13.5981 0.708848
