1 361
4.305
4.27
4.264
4.23
4.221
4.188
4.188
3.166
3.163
3.136
3.144
3.124
3.126
3.116
3.119
2.901
2.901
2.884
2.875
2.867
2.858
2.841
2.841
2.824
2.824
2.816
2.808
2.798
2.79
2.782
2.782
2.773
2.773
2.765
2.756
2.748
2.748
2.748
2.739
2.739
2.73
2.729
2.73
2.723
2.713
2.714
2.714
2.714
2.705
2.706
2.706
2.707
2.698
2.69
2.69
2.691
2.691
2.692
2.685
2.695
2.695
2.694
2.694
2.691
2.691
2.699
2.69
2.707
2.698
2.707
2.707
2.715
2.706
2.724
2.714
2.724
2.724
2.732
2.732
2.741
2.741
2.75
2.75
2.758
2.757
2.766
2.766
2.815
2.786
3.857
3.848
3.875
3.875
3.892
3.892
3.91
3.91
3.936
3.936
3.963
3.954
3.989
3.99
4.016
4.007
4.042
4.041
4.067
4.067
4.102
4.102
4.134
4.133
4.168
4.168
4.209
4.199
4.242
4.242
4.282
4.283
4.331
4.323
4.372
4.372
4.422
4.422
4.475
4.475
4.525
4.518
4.576
4.576
4.637
4.636
4.704
4.697
4.767
4.757
4.828
4.828
4.907
4.898
4.973
4.966
5.058
5.058
5.141
5.141
5.222
5.223
5.318
5.318
5.412
5.412
5.514
5.513
5.627
5.627
5.743
5.741
5.853
5.861
5.978
5.981
6.121
6.12
6.268
6.269
6.412
6.42
6.57
6.568
6.628
6.628
6.556
6.555
6.484
6.484
6.416
6.414
5.695
5.674
5.557
5.563
5.491
5.498
5.427
5.425
5.631
5.64
6.076
6.075
6.034
6.035
5.929
5.93
5.275
5.274
5.244
5.253
5.394
5.408
5.834
5.842
5.8
5.809
5.235
5.244
5.222
5.222
5.19
5.193
5.173
5.173
5.142
5.14
5.116
5.104
5.009
5.01
4.697
4.69
4.435
4.434
4.426
4.427
4.409
4.419
4.41
4.41
4.401
4.402
4.392
4.392
4.384
4.385
4.384
4.391
4.375
4.383
4.383
4.383
4.383
4.383
4.384
4.39
4.39
4.391
4.39
4.398
4.397
4.407
4.406
4.415
4.419
4.427
4.432
4.44
4.446
4.454
4.464
4.471
4.483
4.482
4.499
4.509
4.517
4.518
4.541
4.545
4.56
4.56
4.582
4.582
4.609
4.618
4.643
4.649
4.669
4.668
4.693
4.7
4.716
4.727
4.752
4.761
4.785
4.784
5.007
6.081
6.131
6.139
6.183
6.192
6.236
6.253
6.296
6.305
6.355
6.363
6.421
6.44
6.492
6.5
6.563
6.572
6.642
6.652
6.714
6.73
6.797
6.815
6.889
6.898
6.98
6.997
7.074
7.092
7.169
7.186
7.279
7.297
7.392
7.409
7.503
7.503
7.382
7.375
7.254
7.243
7.117
7.109
7.001
7.001
6.887
6.89
4.299
4.308
4.245
4.243
4.179
4.187
4.128
4.129
4.078
4.079
4.027
4.027
3.984
3.985
3.932
3.942
3.888
3.899
3.854
3.854
3.813
3.814
3.779
3.787
11.4784 5.64293 5.91455
