1 361
0.653
0.655
0.66
0.663
0.658
0.655
0.653
0.645
0.636
0.636
0.636
0.636
0.653
0.653
0.654
0.656
0.648
6.788
6.795
6.796
6.8
6.808
6.811
6.809
6.816
6.821
6.838
6.834
6.843
6.863
6.866
6.876
6.893
6.9
6.94
6.905
6.922
7.065
6.984
6.977
7.004
7.011
7.035
7.049
7.066
7.081
7.106
7.12
7.156
7.167
7.195
7.215
7.244
7.27
7.288
7.304
7.336
7.559
7.381
7.286
7.15
7.178
7.239
7.259
7.224
7.245
7.259
6.278
6.216
6.121
6.018
5.92
5.835
5.759
5.673
5.603
5.515
5.449
5.373
5.309
5.238
5.172
5.107
5.053
4.988
4.94
4.881
4.831
4.773
4.722
4.637
4.658
4.7
4.732
4.695
4.649
4.599
4.556
4.504
4.465
4.43
4.387
4.345
4.322
4.281
4.249
4.216
3.993
3.951
3.943
3.922
3.886
3.863
3.835
3.808
3.781
3.755
3.731
3.705
3.68
3.662
3.629
3.613
3.587
3.577
3.552
3.527
3.51
3.492
3.476
3.458
3.442
3.425
3.41
3.394
3.368
3.359
3.344
3.328
3.315
3.303
3.288
3.279
3.263
3.255
3.239
3.23
3.213
3.206
3.197
3.189
3.172
3.165
3.156
3.147
3.14
3.13
3.121
3.114
3.106
3.095
3.094
3.089
3.079
3.08
3.046
3.045
3.029
3.129
3.175
3.179
3.169
3.169
3.161
3.162
3.152
3.154
3.145
3.146
3.138
3.145
3.128
3.136
3.127
3.129
3.129
3.128
3.123
3.124
3.127
3.131
3.126
3.121
3.125
3.124
3.123
3.128
3.128
3.127
3.126
3.135
3.137
3.035
2.985
2.994
2.993
3.017
3.017
3.025
3.024
3.034
3.034
3.039
3.04
3.05
3.049
3.067
3.068
3.077
3.077
3.093
3.092
3.103
3.102
3.12
3.119
3.138
3.138
3.154
3.153
3.171
3.172
3.187
3.187
3.211
3.212
3.227
3.245
3.263
3.262
3.284
3.286
3.303
3.311
3.334
3.333
3.359
3.365
3.392
3.398
3.423
3.431
3.457
3.465
3.489
3.499
3.525
3.542
3.57
3.586
3.61
3.619
3.652
3.671
3.702
3.718
3.754
3.767
3.779
3.79
4.025
4.037
4.09
4.106
4.149
4.161
4.211
4.236
4.287
4.299
4.354
4.376
4.436
4.46
4.531
4.532
4.475
4.451
4.448
4.501
4.58
4.614
4.671
4.705
4.765
4.809
4.871
4.912
4.984
5.025
5.102
5.147
5.229
5.273
5.363
5.417
5.507
5.558
5.664
5.726
5.837
5.896
6.018
6.091
6.456
6.616
6.76
6.801
6.969
7.024
6.985
6.97
7.153
7.26
7.41
7.371
7.302
7.249
7.183
7.14
7.072
7.037
7.03
7.058
7.11
7.134
7.177
7.209
7.26
7.296
8.183
8.183
8.183
8.183
8.183
8.183
8.183
8.183
8.183
8.183
8.183
8.183
8.187
8.187
8.183
8.183
8.191
8.183
8.191
8.183
8.183
5.4391 2.69544 0
