1 361
2.06
2.075
2.075
2.101
2.101
2.129
2.127
2.154
2.153
2.179
2.185
2.178
2.16
2.122
2.115
2.079
2.066
2.093
2.092
2.149
2.149
2.186
2.184
2.209
2.217
2.253
2.252
2.285
2.295
2.318
2.328
2.361
2.379
2.411
2.408
2.353
2.335
2.276
2.268
2.208
2.2
2.147
2.139
2.095
2.087
2.041
2.033
1.99
1.984
1.94
1.932
1.899
1.894
1.905
1.904
1.913
1.913
1.922
1.93
1.938
1.939
1.947
1.955
1.964
1.973
1.981
1.981
1.999
1.999
2.016
2.016
2.034
2.033
2.05
2.051
2.068
2.068
2.086
2.095
2.106
2.113
2.122
2.132
2.144
2.161
5.674
5.79
6.038
6.154
6.386
8.183
8.183
8.183
8.183
8.183
8.183
8.183
8.183
8.183
8.183
8.183
8.183
8.183
8.183
8.183
8.183
8.183
8.183
8.191
8.187
8.183
8.183
8.187
8.191
8.183
8.183
8.183
8.183
8.183
8.183
8.183
8.183
8.183
8.183
8.183
8.183
8.183
8.183
8.183
8.183
8.183
8.183
8.183
8.183
8.183
8.183
8.183
8.183
8.183
8.183
8.183
8.183
8.183
6.301
6.142
5.851
5.727
5.442
5.338
5.105
5.006
4.799
4.716
4.527
4.45
4.287
4.219
4.064
4.004
3.869
3.824
3.708
3.659
3.552
3.508
3.411
3.37
3.28
3.244
3.152
3.121
3.041
3.016
2.936
2.917
2.841
2.817
2.751
2.733
2.675
2.646
2.596
2.574
2.522
2.506
2.448
2.431
2.382
2.373
2.317
2.282
2.24
2.233
2.257
2.272
2.282
2.307
2.316
2.329
2.294
2.276
2.243
2.233
2.2
2.19
2.165
2.147
2.121
2.111
2.083
2.077
2.049
2.051
2.015
2.015
1.997
1.979
1.962
1.953
1.936
1.935
8.183
8.183
7.294
8.183
8.183
8.183
8.183
8.183
8.183
8.183
8.183
8.183
8.183
8.183
8.183
8.183
8.183
8.183
8.183
8.183
8.183
7.964
7.774
7.839
8.183
8.075
8.012
7.984
7.917
7.858
7.847
7.991
8.183
8.183
8.183
8.183
8.183
8.183
8.183
8.183
8.183
8.183
8.183
8.183
8.183
8.183
8.183
1.372
1.368
1.37
1.371
1.371
1.36
1.362
1.369
1.374
1.364
1.373
1.364
1.364
1.364
1.364
1.355
1.355
1.355
1.364
1.348
1.356
1.349
1.349
1.345
1.336
1.26
1.216
1.178
1.324
1.32
1.327
1.32
1.326
1.317
1.323
1.322
1.331
1.321
1.335
1.334
1.332
1.323
1.328
1.322
1.327
1.331
1.336
1.339
1.339
1.345
1.346
1.348
1.353
1.353
1.358
1.361
1.372
1.358
1.369
1.374
1.372
1.372
1.382
1.39
1.386
1.35
1.398
1.417
1.423
1.376
1.355
1.356
1.362
1.363
1.364
1.37
1.372
1.371
1.38
1.379
1.382
1.389
1.39
1.399
1.408
1.407
1.417
1.417
1.427
1.435
1.435
1.445
1.452
6.39192 7.8465 2.58268
