1 361
1.747
1.738
1.738
1.73
1.73
1.72
1.721
1.711
1.711
1.711
1.703
1.708
1.703
1.693
1.694
1.693
1.686
1.693
1.686
1.685
1.686
1.677
1.678
1.67
1.678
1.675
1.672
1.676
1.673
1.671
1.675
1.672
1.677
1.669
1.669
1.661
1.661
1.669
1.669
1.679
1.675
1.67
1.674
1.668
1.672
1.677
1.674
1.678
1.678
1.677
1.686
1.686
1.693
1.685
1.693
1.693
1.693
1.702
1.702
1.709
1.71
1.71
1.719
1.719
1.728
1.731
1.732
1.736
1.744
1.745
1.754
1.753
1.762
1.771
1.771
1.781
1.788
1.789
1.79
1.805
1.805
1.814
1.823
1.831
1.84
1.84
1.85
1.838
1.841
1.849
1.868
1.893
2.052
2.07
2.079
2.086
2.095
2.113
2.122
2.14
2.14
2.157
2.165
2.184
2.192
2.209
2.218
2.235
2.243
2.261
2.279
2.295
2.311
2.328
2.345
2.363
2.379
2.395
2.412
2.435
2.452
2.476
2.494
2.518
2.543
2.517
2.499
2.468
2.46
2.43
2.449
2.474
2.514
2.542
2.567
2.599
2.616
2.652
2.678
2.713
2.739
2.77
2.796
2.83
2.862
2.901
2.94
2.976
3.02
3.057
3.09
3.142
3.177
3.228
3.269
3.327
3.366
3.424
3.483
3.534
3.596
3.66
3.727
3.789
3.858
3.929
3.995
4.193
5.481
5.535
5.677
5.799
5.907
6.056
6.175
6.349
6.384
6.345
6.339
6.311
6.302
6.277
6.27
6.252
6.244
6.327
6.838
6.85
6.948
7.249
7.416
8.183
8.183
8.183
8.183
8.183
8.183
8.183
8.183
8.183
8.183
8.183
8.183
8.187
8.183
8.191
8.183
8.183
8.183
8.183
8.183
8.183
8.183
8.183
8.183
8.183
8.183
8.183
8.183
8.183
8.183
8.183
8.183
8.183
8.183
8.183
8.183
8.183
8.183
8.183
8.183
8.183
8.183
8.183
8.183
7.832
7.485
7.122
6.841
6.534
6.303
5.923
5.846
5.855
5.897
5.945
5.95
6.876
7.152
7.211
7.29
7.306
4.105
4.038
3.97
3.869
3.783
3.697
3.613
3.534
3.468
3.399
3.329
3.255
3.197
3.136
3.083
3.025
2.97
2.919
2.866
2.816
2.772
2.73
2.69
2.647
2.61
2.569
2.535
2.489
2.454
2.422
2.389
2.365
2.333
2.298
2.272
2.238
2.213
2.186
2.172
2.134
2.117
2.09
2.074
2.047
2.029
2.014
1.996
1.969
1.953
1.928
1.911
1.895
1.877
1.863
1.844
1.827
1.819
1.802
1.785
1.776
1.76
1.742
1.732
1.72
1.709
1.692
1.683
1.676
1.66
1.65
1.644
1.626
1.619
1.611
1.602
1.585
1.578
1.57
1.563
1.554
1.537
1.538
1.531
1.523
1.513
1.505
1.506
1.489
1.49
1.473
1.473
1.464
1.456
1.457
1.448
1.439
1.439
1.431
1.422
1.415
1.415
1.407
1.406
1.406
1.397
1.389
1.389
1.38
1.38
3.88906 10.5078 2.26684
