1 361
0.472
0.472
0.471
0.462
0.462
0.461
0.455
0.453
0.443
0.443
0.444
0.443
0.434
0.441
0.434
0.43
0.432
0.432
0.422
0.421
0.421
0.422
0.421
0.421
0.414
0.413
0.413
0.412
0.412
0.412
0.401
0.403
0.402
0.403
0.403
0.402
0.394
0.396
0.395
0.394
0.383
0.386
0.396
0.386
0.385
0.385
0.386
0.386
0.385
0.384
0.384
0.384
0.384
0.384
0.384
0.375
0.384
0.374
0.384
0.372
0.375
0.374
0.375
0.375
0.376
0.376
0.378
0.377
0.377
0.375
0.378
0.379
0.37
0.381
0.38
0.373
0.367
0.369
0.37
0.384
0.378
0.382
0.372
0.369
0.375
0.372
0.371
0.378
0.368
0.378
0.369
0.378
0.377
0.375
0.376
0.378
0.379
0.378
0.376
0.376
0.386
0.377
0.375
0.377
0.378
0.377
0.387
0.39
0.385
0.426
0.426
0.471
0.456
0.461
0.461
0.463
0.468
0.449
0.453
0.442
0.442
0.438
0.448
0.439
0.45
0.449
0.449
0.451
0.451
0.446
0.448
0.435
0.434
0.439
0.44
0.439
0.438
0.438
0.447
0.448
0.439
0.448
0.448
0.448
0.449
0.457
0.457
0.457
0.457
0.464
0.465
0.468
0.466
0.474
0.475
0.475
0.475
0.477
0.484
0.484
0.486
0.491
0.493
0.493
0.503
0.498
0.503
5.279
5.238
5.163
5.123
5.058
5.025
4.958
4.923
4.857
4.83
4.763
4.715
4.694
4.72
4.778
4.768
4.703
4.679
4.627
4.61
4.55
4.534
4.494
4.47
4.424
4.408
4.357
4.349
4.308
4.292
4.052
4.036
4.021
4.012
3.968
3.959
3.925
3.915
3.87
3.872
3.836
3.818
3.793
3.784
3.756
3.75
3.715
3.707
3.681
3.672
3.647
3.64
3.616
3.606
3.588
3.58
3.553
3.545
3.526
3.519
3.502
3.501
3.475
3.477
3.461
3.45
3.434
3.435
3.417
3.408
3.393
3.392
3.377
3.377
3.36
3.359
3.346
3.342
3.335
3.327
3.32
3.319
3.311
3.308
3.297
3.305
3.298
3.298
3.281
3.275
3.257
3.257
3.408
3.407
3.407
3.407
3.391
3.4
3.382
3.39
3.383
3.393
3.38
3.382
3.375
3.387
3.381
3.385
3.384
3.391
3.39
3.391
3.389
3.398
3.398
3.407
3.405
3.414
3.414
3.422
3.423
3.43
3.428
3.29
3.274
3.282
3.314
3.311
3.32
3.327
3.327
3.338
3.343
3.352
3.361
3.368
3.377
3.384
3.038
2.789
2.774
2.764
2.748
2.747
2.739
2.731
2.723
2.723
2.705
2.696
2.687
2.68
2.671
2.67
2.661
2.652
2.644
2.644
2.634
2.627
2.627
2.618
2.61
2.609
3.74
3.768
3.785
3.804
3.826
3.845
3.871
3.89
3.907
3.933
3.96
3.986
4.004
4.031
4.056
4.083
4.105
4.123
4.316
4.383
4.415
4.445
4.481
4.511
4.553
4.579
4.622
4.658
4.709
4.736
3.2239 8.52931 0.031311
