1 361
2.243
2.188
2.187
2.173
2.177
2.224
2.23
2.285
2.28
2.266
2.266
2.237
2.23
2.221
2.211
2.194
2.185
2.167
2.157
2.149
2.141
2.13
2.123
2.114
2.104
2.086
2.085
2.069
2.068
2.058
2.051
2.042
2.043
2.033
2.024
2.016
2.016
2.006
2.006
1.997
1.99
1.981
1.982
1.973
1.972
1.964
1.963
1.956
1.955
1.945
1.946
1.774
1.783
1.767
1.767
1.767
1.763
1.781
1.781
1.772
1.773
1.772
1.772
1.763
1.763
1.227
1.23
1.154
1.163
1.137
1.138
1.12
1.119
1.103
1.103
1.085
1.085
1.068
1.068
1.052
1.052
1.043
1.035
1.027
1.027
1.01
1.018
1.003
1.003
0.985
0.986
0.976
0.975
0.968
0.968
0.952
0.961
0.943
0.952
0.934
0.943
0.926
0.926
0.917
0.926
0.908
0.918
0.899
0.9
0.9
0.9
0.893
0.891
0.884
0.883
0.875
0.882
0.877
0.875
0.87
0.868
0.857
0.859
0.861
0.862
0.852
0.852
1.036
0.95
1.943
1.952
1.969
1.969
1.985
1.986
2.003
2.011
2.02
2.03
2.038
2.047
2.065
2.074
2.092
2.092
2.118
2.118
2.136
2.146
2.17
2.17
2.198
2.196
2.223
2.232
2.25
2.257
2.284
2.291
2.315
2.324
2.35
2.364
2.369
2.377
2.496
2.631
2.674
2.682
2.715
2.726
2.767
2.777
2.817
2.835
2.876
2.895
2.938
2.946
2.999
3.007
3.06
3.076
3.137
3.162
3.171
3.161
3.127
3.127
3.099
3.116
3.204
3.228
3.293
3.311
3.392
3.418
3.483
3.509
3.598
3.613
3.713
3.747
3.843
3.871
3.976
4.01
4.119
4.152
4.278
4.323
4.453
4.497
4.646
4.701
4.836
6.367
6.595
6.668
6.916
7.008
7.137
7.124
7.104
7.101
7.063
7.057
7.027
7.028
7.103
7.339
7.634
7.758
8.183
8.183
8.183
8.183
8.183
8.183
8.183
8.183
8.183
8.183
8.183
8.183
8.187
8.183
8.183
8.183
8.183
8.187
8.183
8.183
8.183
8.183
8.183
8.183
8.183
8.183
8.183
8.183
8.183
8.183
8.183
8.183
8.183
8.183
8.183
8.183
8.183
8.183
8.183
8.183
8.183
8.183
8.08
7.862
7.273
7.088
6.594
6.603
6.634
6.74
6.715
7.046
7.8
7.926
4.76
4.712
4.491
4.419
4.242
4.183
4.007
3.958
3.798
3.757
3.615
3.571
3.448
3.409
3.295
3.266
3.16
3.13
3.041
3.007
2.922
2.906
2.818
2.791
2.711
2.694
2.627
2.603
2.549
2.526
2.47
2.448
2.394
2.379
2.328
2.311
2.256
2.245
2.212
2.194
2.15
2.132
2.101
2.088
2.046
2.034
2.001
1.992
1.959
1.954
1.917
1.91
1.876
1.867
1.841
1.835
1.811
1.795
1.777
1.769
1.742
1.734
1.719
1.709
1.684
1.685
1.661
1.654
1.635
1.629
1.613
1.605
1.588
1.58
4.34289 9.80713 1.91257
