1 361
6.56
6.622
6.667
6.726
6.769
5.56
5.525
5.484
5.628
5.517
5.477
5.42
5.348
5.287
5.262
5.226
5.072
5.006
4.943
4.924
4.913
4.884
4.859
4.845
5.027
5.154
5.137
5.195
5.043
4.91
4.904
4.9
4.88
4.828
4.808
4.764
4.753
4.736
4.752
4.982
5.089
5.189
4.841
4.528
4.125
4.098
4.083
4.073
4.066
4.04
4.032
4.014
3.999
3.981
3.982
3.954
3.945
3.936
3.928
3.911
3.905
3.897
3.886
3.879
3.87
3.862
3.852
3.844
3.835
3.835
3.826
3.82
3.81
3.802
3.8
3.793
3.794
3.789
3.784
3.777
3.78
3.77
3.771
3.769
3.76
3.753
3.763
3.754
3.753
3.754
3.755
3.753
3.76
3.748
3.75
3.755
3.752
3.757
3.756
3.758
3.761
3.768
3.766
3.765
3.778
3.773
3.785
3.791
3.789
3.789
3.798
3.799
3.806
3.806
3.814
3.822
3.831
3.83
3.839
3.848
3.854
3.862
4.224
5.069
5.076
5.092
5.1
5.118
5.126
5.142
5.149
5.176
5.184
5.199
5.216
5.24
5.249
5.274
5.292
5.31
5.327
5.352
5.37
5.395
5.412
5.438
5.454
5.48
5.506
5.539
5.556
5.591
5.61
5.643
5.662
5.698
5.725
5.76
5.786
5.82
5.846
5.888
5.913
5.955
5.981
6.03
6.065
6.104
6.137
6.19
6.225
6.267
6.301
6.324
6.261
6.187
6.136
6.066
6.011
5.943
5.902
5.837
3.12
3.097
3.07
3.046
3.028
3.002
2.984
2.949
2.933
2.907
2.899
2.873
2.848
2.822
2.815
2.798
2.782
2.756
2.747
2.722
2.713
2.695
2.686
2.66
2.651
2.633
2.625
2.607
2.6
2.582
2.573
2.558
2.55
2.533
2.525
2.509
2.5
2.484
2.484
2.467
2.459
2.45
2.442
2.433
2.425
2.409
2.408
2.401
2.393
2.384
2.383
2.367
2.366
2.349
2.349
2.34
2.341
2.333
2.332
2.314
2.314
2.306
2.306
2.299
2.299
2.289
2.289
2.281
2.289
2.282
2.281
2.893
2.937
2.898
2.927
3.001
3.014
3.2
3.494
3.496
3.496
3.461
3.482
3.529
4.045
4.053
4.042
3.946
3.996
3.986
3.955
3.317
3.316
3.316
3.317
3.314
3.247
3.324
3.901
3.694
3.478
3.394
3.32
3.319
3.326
3.712
3.578
3.413
3.317
3.316
3.322
3.325
3.331
3.337
3.369
3.907
3.794
3.634
3.52
3.385
3.281
3.258
3.267
3.275
3.284
3.292
3.301
3.31
3.318
3.326
3.334
3.35
3.713
3.654
3.622
3.565
3.521
3.468
3.434
3.38
3.422
7.928
7.956
7.989
8.016
8.049
8.09
8.125
8.159
8.183
8.183
8.183
8.183
8.183
8.183
8.183
4.966
4.886
4.872
4.767
4.756
4.727
4.713
4.694
4.675
4.661
4.645
4.631
4.619
4.605
4.596
4.573
4.587
5.348
5.394
5.434
5.477
5.528
5.564
12.249 6.01923 0.916246
