1 361
2.687
2.656
2.643
2.707
2.692
2.758
2.746
2.816
2.801
2.88
2.864
2.949
2.93
3.009
2.993
3.079
3.07
3.164
3.146
3.248
3.23
3.335
3.321
3.434
3.409
3.537
3.519
3.648
3.622
3.765
3.748
3.883
3.874
4.029
4.007
4.17
4.154
4.331
4.321
4.514
4.489
4.707
4.703
4.675
4.675
4.649
4.645
4.619
4.61
4.581
4.581
4.563
4.554
4.539
4.539
4.513
4.513
4.495
4.494
4.479
4.48
4.464
4.454
4.446
4.437
4.428
4.429
4.42
4.421
4.412
4.402
4.395
4.395
4.385
4.384
4.377
4.371
4.377
4.369
4.369
4.368
4.361
4.363
4.37
4.361
4.361
4.353
4.367
4.358
4.36
4.359
4.37
4.368
4.371
4.369
4.38
4.373
3.918
4.001
3.344
3.427
2.967
3.021
2.654
2.687
2.383
2.419
2.18
2.211
2.005
2.041
1.852
1.883
1.759
1.754
1.759
1.759
1.767
1.768
1.775
1.777
1.784
1.784
1.793
1.793
1.806
1.8
1.814
1.814
1.83
1.823
1.84
1.833
1.857
1.848
1.874
1.866
1.891
1.882
1.9
1.891
1.917
1.909
1.932
1.933
1.951
1.949
1.976
1.966
2.002
1.984
2.019
2.009
2.037
2.027
2.064
2.055
2.089
2.081
2.108
2.107
2.143
2.135
2.17
2.161
2.197
2.196
2.223
2.222
2.256
2.247
2.284
2.282
2.324
2.323
2.296
2.296
2.254
2.262
2.216
2.227
2.185
2.194
2.148
2.158
2.113
2.122
2.089
2.096
2.06
2.07
2.034
2.043
2.009
2.018
1.983
1.991
1.958
1.958
1.932
1.941
1.906
1.915
1.889
1.898
1.872
1.873
1.848
1.856
1.838
1.838
1.82
1.83
1.803
1.812
1.787
1.794
1.778
1.778
1.76
1.768
1.751
1.751
1.743
1.743
1.725
1.734
1.716
1.716
1.699
1.708
1.691
1.7
1.682
1.691
1.674
1.682
1.665
1.674
1.657
1.665
1.657
1.657
1.649
1.649
1.64
1.649
1.64
1.64
1.632
1.632
1.624
1.632
1.625
1.624
1.617
1.625
1.618
1.618
1.618
1.614
1.61
1.62
1.608
1.615
1.605
1.605
1.605
1.614
1.612
1.613
1.617
1.617
1.612
1.617
1.61
1.62
1.618
1.617
1.625
1.624
1.624
1.632
1.632
1.632
1.632
1.631
1.632
1.641
1.649
1.648
1.648
1.657
1.656
1.664
1.664
1.673
1.681
1.681
1.681
1.689
1.69
1.698
1.697
1.706
1.714
1.714
1.723
1.723
1.732
1.741
1.74
1.749
1.75
1.758
1.775
1.775
1.784
1.792
1.8
1.808
1.817
1.817
1.835
1.835
1.851
1.852
1.869
1.875
1.885
1.894
1.91
1.919
1.926
1.934
1.952
1.957
1.978
1.984
2.003
2.012
2.029
2.038
2.057
2.057
2.082
2.092
2.11
2.118
2.145
2.155
2.181
2.182
2.208
2.219
2.252
2.253
2.286
2.299
2.32
2.331
-3.92455 10.4028 5.39383
