1 361
2.35
3.521
3.52
3.538
3.537
3.555
3.546
3.565
3.563
3.581
3.571
3.599
3.589
3.616
3.615
3.633
3.632
3.657
3.649
3.675
3.674
3.699
3.699
3.725
3.716
3.751
3.75
3.785
3.785
3.82
3.81
3.837
3.846
3.872
3.872
3.908
3.907
3.941
3.941
3.986
3.985
4.019
4.027
4.068
4.061
4.104
4.102
4.153
4.152
4.203
4.203
4.252
4.253
4.303
4.311
4.359
4.368
4.42
4.428
4.481
4.49
4.547
4.548
4.616
4.615
4.692
4.692
4.762
4.761
4.843
4.851
4.918
4.924
4.854
4.845
4.776
4.769
4.698
4.689
4.63
4.621
4.556
4.553
4.497
4.49
4.44
4.432
4.389
4.378
4.329
4.331
4.282
4.264
4.225
4.215
4.169
4.169
4.128
4.127
4.088
4.08
4.046
4.033
4.014
4.005
3.997
4
3.963
3.963
1.825
1.824
1.816
1.807
1.798
1.799
1.791
1.79
1.773
1.772
1.765
1.765
1.756
1.756
1.738
1.738
1.73
1.73
1.722
1.722
1.713
1.722
1.714
1.705
1.696
1.705
1.697
1.696
1.696
1.696
1.688
1.688
1.682
1.688
1.682
1.674
1.674
1.665
1.677
1.677
1.671
1.671
1.669
1.668
1.667
1.665
1.67
1.67
1.665
1.672
1.672
1.67
1.667
1.665
1.67
1.669
1.673
1.672
1.68
1.678
1.678
1.676
1.675
1.682
1.682
1.682
1.69
1.689
1.69
1.689
1.698
1.697
1.698
1.706
1.706
1.713
1.714
1.722
1.723
1.731
1.732
1.74
1.739
1.748
1.748
1.748
1.766
1.766
1.775
1.774
1.784
1.792
1.792
1.8
1.808
1.808
1.826
1.826
1.834
1.834
1.852
1.852
1.868
1.876
1.885
1.893
1.902
1.909
1.918
1.927
1.935
1.952
1.961
1.97
3.582
3.58
3.502
3.493
3.418
3.417
3.336
3.34
3.341
3.358
3.394
3.402
3.667
3.667
3.593
3.592
3.512
3.513
3.445
3.44
3.469
3.486
3.517
3.537
3.579
3.597
3.639
3.655
3.875
3.875
3.83
3.831
3.796
3.786
5.456
5.447
5.399
5.397
5.302
5.302
5.287
5.285
5.281
5.281
5.267
5.273
5.268
5.275
5.271
5.27
5.429
6.328
6.471
6.495
6.646
6.681
6.839
6.871
7.041
7.083
7.258
7.301
6.479
7.538
6.226
6.229
4.543
4.541
4.499
4.5
4.456
4.466
4.423
4.421
4.388
4.388
4.353
4.363
4.329
4.328
4.296
4.296
4.271
4.271
4.248
4.247
4.216
4.224
4.199
4.199
4.184
4.185
4.168
4.165
4.143
4.148
4.133
4.133
4.119
4.118
4.102
4.109
4.092
4.103
4.088
4.088
4.081
4.081
4.075
4.075
4.07
4.079
4.064
4.064
4.058
4.058
4.052
4.062
4.063
4.06
4.06
4.059
4.056
4.064
4.072
4.071
4.077
4.076
4.083
4.084
4.082
4.09
4.089
4.098
4.106
4.107
4.115
4.123
1.77635 -1.56427 0.313322
