1 361
1.442
1.3
1.274
1.275
1.274
1.276
1.268
1.272
1.277
1.288
1.293
1.291
1.29
1.289
1.283
1.274
1.265
1.265
1.265
1.283
1.283
1.291
1.29
1.289
1.29
1.285
1.291
1.29
1.287
1.296
1.295
1.295
1.303
1.303
1.303
1.303
1.311
1.304
1.311
1.311
1.319
1.32
1.319
1.32
1.328
1.319
1.328
1.328
1.337
1.337
1.337
1.346
1.345
1.355
1.358
1.354
1.362
1.361
1.371
1.38
1.38
1.389
1.389
1.389
1.397
1.407
1.415
1.415
1.423
1.426
1.432
1.439
1.449
1.448
1.465
1.465
1.474
1.482
1.49
1.497
1.506
1.505
1.514
1.526
1.531
1.537
1.547
1.554
1.57
1.579
1.587
1.596
1.602
1.612
1.627
1.636
1.651
1.661
1.677
1.682
1.701
1.71
1.727
1.742
1.751
1.773
1.786
1.794
1.812
1.826
1.845
1.861
1.878
1.896
1.913
1.928
1.955
1.97
1.996
2.014
2.039
2.061
2.085
2.101
2.136
2.156
6.189
6.257
6.322
6.413
6.509
6.583
3.695
3.643
3.61
3.587
3.577
3.56
3.559
3.652
3.713
3.776
3.835
3.898
3.969
4.027
4.106
4.176
4.256
4.331
4.423
4.404
4.394
4.377
4.362
4.343
4.334
4.319
4.302
4.286
4.277
4.26
4.251
4.23
4.336
4.553
4.878
4.894
4.888
5.044
5.236
5.402
7.803
7.777
7.769
7.756
7.736
7.72
7.713
7.702
8.087
8.183
8.183
8.183
8.183
8.183
8.183
8.183
8.183
8.191
8.183
8.183
8.183
8.187
8.187
8.191
8.191
7.387
7.381
7.365
7.365
7.356
7.348
7.341
7.345
7.329
7.332
7.323
7.321
7.315
7.323
7.311
7.321
7.314
7.321
7.312
7.321
7.312
7.321
7.319
7.328
7.33
7.337
7.337
7.344
7.39
7.162
6.943
6.718
6.523
6.283
6.093
5.91
5.753
5.586
5.46
5.309
5.185
5.056
4.95
4.829
4.726
4.629
4.534
4.433
4.344
4.221
4.108
4.122
4.14
4.169
4.196
4.233
4.273
5.661
5.677
5.714
5.731
5.784
5.844
5.884
5.893
5.934
5.957
6.002
5.952
5.94
5.963
5.946
5.885
5.932
5.98
6.028
6.065
6.112
6.147
6.19
6.223
6.274
8.183
2.569
2.543
2.513
2.513
2.488
2.472
2.439
2.422
2.405
2.38
2.364
2.348
2.321
2.307
2.29
2.275
2.255
2.239
2.222
2.213
2.195
2.18
2.159
2.152
2.142
2.125
2.108
2.098
2.082
2.073
2.058
2.046
2.038
2.029
2.013
2.002
1.995
1.98
1.975
1.965
1.947
1.939
1.929
1.921
1.914
1.913
1.897
1.888
1.881
1.871
1.868
1.856
1.856
1.847
1.84
1.84
1.831
1.824
1.815
1.815
1.806
1.797
1.789
1.79
1.79
1.782
1.773
1.773
1.765
1.765
1.757
1.757
1.748
1.748
1.744
1.748
1.74
1.74
1.732
1.732
1.732
2.34806 12.1243 2.43685
