1 361
2.926
3.23
3.441
3.881
4.207
5.018
5.103
6.596
6.692
6.739
6.748
6.714
6.709
6.718
6.717
6.722
6.711
6.715
6.719
6.725
6.723
6.726
6.733
6.739
6.743
6.741
6.759
6.764
6.764
6.771
6.785
6.884
6.789
6.792
6.944
6.881
6.839
6.856
6.87
6.89
6.894
6.911
6.925
6.945
6.958
6.976
6.992
7.01
7.026
7.046
7.067
7.096
7.108
7.135
7.148
7.234
7.182
6.991
6.967
6.987
7.028
7.028
7.02
7.03
6.186
6.01
5.917
5.788
5.721
5.606
5.532
5.425
5.366
5.264
5.195
5.097
5.051
4.958
4.908
4.828
4.774
4.709
4.664
4.588
4.545
4.477
4.404
4.38
4.408
4.44
4.47
4.399
4.355
4.295
4.262
4.205
4.169
4.119
4.097
4.044
4.019
3.982
3.956
3.869
3.668
3.635
3.637
3.6
3.573
3.54
3.523
3.487
3.47
3.437
3.414
3.388
3.373
3.331
3.324
3.292
3.276
3.249
3.242
3.209
3.199
3.166
3.168
3.133
3.124
3.098
3.088
3.064
3.063
3.035
3.029
3.01
3.003
2.984
2.977
2.951
2.949
2.933
2.924
2.905
2.899
2.882
2.874
2.858
2.855
2.84
2.831
2.816
2.816
2.8
2.8
2.784
2.784
2.766
2.765
2.748
2.75
2.74
2.741
2.723
2.732
2.715
2.714
2.683
2.683
2.669
2.735
2.818
2.819
2.812
2.803
2.802
2.804
2.796
2.796
2.787
2.787
2.78
2.788
2.779
2.782
2.771
2.781
2.772
2.773
2.766
2.775
2.761
2.769
2.766
2.766
2.771
2.768
2.77
2.768
2.76
2.781
2.772
2.778
2.779
2.787
2.778
2.785
2.787
2.79
2.638
2.647
2.647
2.647
2.671
2.678
2.679
2.688
2.688
2.705
2.696
2.708
2.714
2.721
2.722
2.73
2.731
2.747
2.746
2.759
2.764
2.773
2.78
2.788
2.797
2.804
2.813
2.823
2.829
2.844
2.845
2.87
2.869
2.889
2.895
2.911
2.92
2.929
2.939
2.956
2.963
2.984
2.991
3.007
3.017
3.036
3.053
3.071
3.083
3.105
3.122
3.131
3.147
3.173
3.182
3.207
3.222
3.246
3.273
3.289
3.307
3.33
3.354
3.379
3.395
3.429
3.451
3.476
3.502
3.536
3.529
3.563
3.802
3.835
3.863
3.903
3.929
3.971
4.006
4.038
4.073
4.122
4.153
4.203
4.25
4.295
4.345
4.311
4.284
4.253
4.281
4.37
4.421
4.469
4.52
4.581
4.631
4.698
4.749
4.812
4.879
4.944
5.018
5.091
5.164
5.242
5.327
5.4
5.494
5.588
5.678
5.775
5.884
5.976
6.333
6.594
6.684
6.813
6.923
6.9
6.869
7.042
7.187
7.325
7.288
7.225
7.177
7.134
7.083
7.04
6.989
6.957
7.002
7.045
7.086
7.123
7.165
7.208
7.258
7.296
8.183
8.183
8.183
8.183
8.183
8.183
8.183
8.183
8.187
8.183
8.183
8.183
5.85031 2.69404 0.026704
