1 361
1.429
1.42
1.42
1.411
1.402
1.394
1.395
1.385
1.385
1.376
1.367
1.359
1.359
1.359
1.35
1.341
1.34
1.332
1.332
1.322
1.322
1.322
1.313
1.313
1.313
1.306
1.295
1.295
1.287
1.296
1.286
1.287
1.287
1.279
1.279
1.27
1.271
1.271
1.27
1.263
1.263
1.263
1.263
1.263
1.253
1.253
1.253
1.253
1.245
1.245
1.246
1.247
1.249
1.245
1.237
1.246
1.242
1.248
1.242
1.246
1.244
1.247
1.246
1.251
1.239
1.249
1.248
1.25
1.248
1.25
1.242
1.247
1.246
1.255
1.254
1.255
1.255
1.258
1.25
1.263
1.263
1.263
1.263
1.271
1.271
1.271
1.271
1.28
1.28
1.288
1.288
1.288
1.288
1.296
1.297
1.308
1.298
1.315
1.314
1.151
1.168
1.156
1.156
1.164
1.165
1.175
1.175
1.166
1.165
1.198
1.199
1.199
1.2
1.208
1.208
1.399
1.401
1.416
1.413
1.432
1.43
1.441
1.438
1.458
1.456
1.475
1.473
1.488
1.49
1.498
1.508
1.521
1.52
1.546
1.547
1.562
1.563
1.578
1.585
1.607
1.607
1.631
1.631
1.648
1.656
1.674
1.682
1.699
1.708
1.733
1.734
1.697
1.699
1.646
1.64
1.641
1.648
1.692
1.691
1.753
1.762
1.828
1.827
1.859
1.857
1.899
1.909
5.528
5.52
5.477
5.477
5.418
5.409
5.36
5.35
5.297
5.289
5.237
5.23
5.189
5.18
5.131
5.132
5.089
5.081
5.041
5.041
4.996
4.997
4.955
4.948
4.913
4.911
4.878
4.878
4.844
4.843
4.817
4.809
4.783
4.782
4.747
4.755
4.72
4.719
4.701
4.703
4.867
4.932
5.181
5.187
5.176
5.166
5.151
5.14
5.115
5.126
5.08
5.076
5.326
5.347
6.842
6.846
6.831
6.843
8.183
8.183
8.183
8.183
8.183
8.183
8.183
8.183
8.183
8.183
8.183
8.183
6.926
6.824
5.01
4.993
5.008
5.008
5.013
5.019
5.013
5.019
5.02
5.025
5.028
5.035
5.035
5.044
5.047
5.044
5.059
5.059
5.068
5.077
5.085
5.091
5.081
4.997
4.675
4.587
4.589
4.606
4.613
4.626
4.793
4.829
4.918
4.907
4.863
4.896
5.034
5.044
4.972
4.936
4.756
4.763
4.798
4.807
4.826
4.842
4.858
1.649
1.612
1.606
1.553
1.553
1.543
1.542
1.528
1.53
1.483
1.477
1.47
1.449
1.44
1.448
1.449
1.448
1.456
1.464
1.458
1.459
1.461
1.489
1.64
1.657
1.674
1.68
1.691
1.698
1.71
1.725
1.733
1.742
1.757
1.767
1.783
1.793
1.815
1.816
1.834
1.851
1.865
1.874
1.9
1.908
1.936
1.946
1.955
1.993
2.011
2.024
2.05
2.062
2.095
2.097
2.129
2.145
2.172
2.188
1.832
1.82
1.804
1.808
1.833
1.849
1.868
1.884
2.089
2.08
2.062
2.062
2.045
2.036
2.019
2.019
-3.27802 10.6025 0.992796
