1 361
1.444
1.495
1.508
1.558
1.574
1.631
1.646
1.705
1.729
1.798
1.824
1.89
1.925
2
2.042
2.13
2.176
2.271
2.328
2.435
2.509
2.628
2.714
2.858
2.953
3.119
3.254
3.456
3.608
3.869
4.068
4.376
4.661
4.939
4.935
4.926
4.933
4.924
4.924
4.915
4.907
4.917
4.906
4.905
4.905
4.897
4.908
4.906
4.907
4.906
4.906
4.917
4.917
4.916
4.925
4.926
4.934
4.933
4.158
4.152
4.137
3.926
3.498
3.254
3.079
2.666
2.675
2.658
2.606
2.435
2.329
2.225
2.168
2.087
2.035
1.96
1.966
5.109
5.126
5.144
5.15
5.16
5.176
5.194
5.209
5.235
5.243
5.266
5.276
5.293
5.319
5.337
5.354
5.371
5.395
5.411
4.667
4.618
5.488
5.513
5.539
5.563
5.502
5.529
5.557
5.584
5.576
5.631
5.652
5.658
5.673
5.691
5.736
5.77
5.804
5.848
5.894
5.962
6.006
3.292
3.304
5.836
5.784
5.714
6.095
6.123
6.143
6.172
6.224
6.276
6.307
6.235
6.272
6.334
6.396
6.334
6.498
7.033
5.131
8.189
4.987
5.088
7.367
7.436
7.512
7.582
7.666
7.742
7.824
7.916
8.004
8.096
8.183
7.121
6.946
6.9
6.867
6.804
6.767
6.729
6.316
6.284
6.247
6.183
6.262
6.33
6.473
6.407
5.476
5.45
5.518
6.311
6.294
5.747
5.718
5.688
5.664
5.625
5.563
5.537
5.517
5.576
5.677
5.804
6.019
6.081
7.66
7.4
7.44
7.282
7.466
8.183
8.183
8.183
8.183
8.183
8.183
8.183
8.183
8.183
8.183
8.183
8.183
8.183
8.183
8.183
8.146
8.065
8.049
8.024
8.032
7.906
8.183
1.352
1.305
1.256
1.237
1.202
1.174
1.168
1.173
1.02
1.03
1.023
1.029
1.023
1.031
1.024
1.054
1.06
1.049
1.041
1.047
1.043
1.056
1.05
1.041
1.031
1.036
1.036
1.044
1.044
1.047
1.048
1.055
1.042
1.049
1.049
1.054
1.046
1.052
1.054
1.06
1.053
1.062
1.061
1.06
1.068
1.069
1.068
1.077
1.07
1.086
1.078
1.086
1.086
1.094
1.096
1.102
1.094
1.111
1.112
1.111
1.111
1.128
1.128
1.139
1.139
1.147
1.145
1.154
1.155
1.161
1.163
1.171
1.17
1.188
1.189
1.198
1.198
1.205
1.206
1.224
1.215
1.202
1.184
1.174
1.175
1.165
1.148
1.138
1.129
1.119
1.109
1.101
1.082
1.069
1.059
1.043
1.033
1.013
1.005
0.989
0.98
0.963
0.956
1.009
1.214
1.206
1.197
1.189
1.179
1.171
1.154
1.154
1.145
1.128
1.127
1.118
1.111
1.102
1.093
1.085
1.076
1.073
1.062
1.055
1.046
0.726
0.718
0.695
0.685
0.678
0.681
0.672
0.67
0.672
0.663
0.661
0.663
0.654
0.653
0.647
0.647
0.647
0.646
0.639
0.647
0.638
0.637
0.631
3.91614 8.21408 3.2694
