1 361
1.214
1.231
1.231
1.24
1.241
1.257
1.257
1.265
1.265
1.282
1.282
1.299
1.297
1.313
1.313
1.331
1.331
1.349
1.349
1.366
1.366
1.384
1.383
1.409
1.41
1.435
1.426
1.46
1.46
1.478
1.485
1.502
1.511
1.536
1.536
1.569
1.569
1.594
1.594
1.627
1.635
1.659
1.668
1.693
1.702
1.736
1.736
1.779
1.779
1.823
1.823
1.865
1.864
1.916
1.916
1.967
1.975
2.027
2.037
2.089
2.089
2.148
2.15
2.219
2.229
2.288
2.296
2.369
2.379
2.453
2.461
2.55
2.559
2.652
2.66
2.754
2.771
2.881
2.897
3.012
3.03
3.159
3.185
3.319
3.352
3.485
3.487
3.468
3.468
3.451
3.451
3.434
3.435
3.418
3.41
3.41
3.402
3.394
3.393
3.385
3.376
3.377
3.368
3.36
3.36
3.352
3.352
3.343
3.343
3.343
3.336
3.336
3.336
3.327
3.328
1.043
1.043
1.043
1.043
1.122
1.131
2.474
2.204
1.217
1.142
3.334
3.334
3.335
3.336
3.343
3.343
3.344
3.352
3.352
3.352
3.368
3.36
3.368
3.377
3.385
3.385
3.394
3.394
3.402
3.409
3.418
3.418
3.435
3.435
3.443
3.451
3.46
3.468
3.476
3.485
3.502
3.502
3.52
3.528
3.546
3.555
3.571
3.571
3.589
3.598
3.616
3.625
3.641
3.65
3.667
3.683
3.701
3.71
3.735
3.743
3.769
3.777
3.803
3.812
3.127
2.975
2.99
3.221
3.919
3.936
3.884
3.888
3.915
3.924
3.959
3.969
3.969
3.971
4.036
4.046
4.079
4.079
4.101
4.113
4.181
4.193
4.234
4.253
4.307
4.318
4.421
4.438
4.479
4.469
4.405
4.381
4.327
4.314
4.245
4.237
4.663
4.653
4.611
4.609
4.671
4.695
4.759
4.832
4.8
4.831
4.918
4.944
4.934
1.837
1.819
1.813
1.837
5.9
5.246
5.396
6.184
6.227
3.688
3.691
6.526
3.702
3.615
3.623
6.946
6.994
6.503
6.512
5.925
5.821
5.805
5.793
5.716
5.704
5.671
5.655
5.531
5.544
5.585
5.576
5.117
5.114
5.077
5.029
5.109
5.006
4.978
4.98
5.371
5.362
5.287
5.28
4.542
4.487
4.426
4.414
4.653
5.254
4.774
4.748
4.722
4.722
4.695
4.706
4.684
4.683
4.676
4.686
4.799
5.002
7.82
7.82
7.802
7.804
7.794
7.794
7.787
7.787
7.779
7.779
7.779
7.778
7.779
7.78
7.475
7.467
7.446
7.447
7.432
7.501
7.556
7.717
7.499
7.499
7.49
7.497
7.747
7.755
7.713
7.688
7.639
7.614
7.595
7.599
7.939
7.948
7.974
7.982
6.037
5.986
8.035
7.74
5.424
5.393
6.95
6.667
4.215
4.212
4.702
4.834
5.33
5.313
5.466
5.219
4.948
4.923
4.979
4.996
4.968
4.918
4.584
4.444
4.376
3.981
3.583
3.555
3.443
3.408
3.294
3.274
3.188
3.177
2.52767 9.03876 2.68237
