1 361
2.5
2.442
2.417
2.359
2.342
2.286
2.267
2.213
2.205
2.154
2.15
2.166
2.173
2.191
2.199
2.217
2.224
2.24
2.249
2.264
2.273
2.297
2.306
2.329
2.336
2.361
2.362
2.387
2.402
2.427
2.437
2.468
2.468
2.509
2.518
2.547
2.556
2.581
2.597
2.632
2.65
2.683
2.691
2.734
2.742
2.786
2.803
2.843
2.861
2.903
2.921
2.987
3.823
3.895
3.921
3.984
4.01
4.055
4.366
4.455
4.495
4.571
4.623
4.703
4.731
4.829
4.875
4.889
4.875
4.842
4.827
4.958
5.009
5.119
5.182
5.192
5.185
5.152
5.134
5.101
5.092
5.063
5.061
5.028
5.019
5.071
5.129
5.293
5.362
5.541
5.626
5.828
5.928
6.137
6.252
6.493
6.627
6.858
7.614
7.729
7.722
7.868
8.087
8.183
8.183
8.183
8.183
8.183
8.183
8.183
8.183
4.507
4.508
4.493
4.483
4.468
4.467
4.451
4.441
4.432
4.433
4.415
4.415
4.399
4.397
4.388
4.39
4.373
4.382
4.364
4.363
4.356
4.356
4.348
4.347
4.349
4.348
4.339
4.338
4.339
4.338
4.331
4.34
4.332
4.331
4.331
4.34
4.331
4.339
4.331
4.339
4.34
4.348
4.347
4.356
4.348
4.356
4.364
4.407
4.284
4.208
4.033
3.967
3.811
3.749
3.609
3.552
3.428
3.372
3.265
3.222
3.121
3.082
2.983
2.957
2.869
2.835
2.759
2.726
2.657
2.631
2.554
2.54
2.473
2.449
2.391
2.366
2.316
2.301
2.25
2.232
2.189
2.173
2.128
2.109
2.075
2.057
2.022
2.011
1.971
1.954
1.92
1.912
1.879
1.869
1.837
1.827
1.802
1.793
1.769
1.76
1.732
1.716
1.695
1.689
1.665
1.657
1.631
1.631
1.608
1.598
1.577
1.575
1.555
1.551
1.529
1.53
1.506
1.505
1.48
1.48
1.456
1.456
1.412
1.397
1.391
1.39
1.373
1.368
1.382
1.397
1.413
1.439
1.455
1.515
1.559
1.595
1.676
3.698
3.767
3.809
3.872
3.924
8.183
8.183
8.183
8.183
8.183
8.183
8.183
8.183
8.183
8.183
8.183
8.183
6.361
6.354
6.332
6.462
6.644
6.777
6.977
7.116
7.336
7.498
7.772
7.978
8.183
8.183
8.183
8.183
8.183
8.183
8.183
8.183
8.183
8.183
8.183
8.183
8.183
8.183
8.183
8.183
8.183
8.183
8.183
8.183
8.183
8.183
8.183
8.183
8.183
8.183
8.183
8.183
8.183
8.183
5.627
5.63
5.624
5.635
5.621
5.628
5.623
5.631
5.627
5.635
5.638
5.646
5.645
5.644
5.65
5.657
5.659
5.668
5.669
5.674
5.675
5.696
5.694
5.709
5.711
5.6
5.344
5.174
4.96
4.812
4.633
4.492
4.268
4.14
3.996
3.887
3.762
3.672
3.553
3.469
3.368
3.29
3.208
3.134
3.056
2.994
2.926
2.518
2.338
2.35
2.286
2.285
2.29
2.364
-0.675858 13.545 3.17209
