1 361
5.425
6.032
6.035
6.076
6.061
3.982
3.968
4.195
5.879
5.782
5.774
5.697
5.682
5.64
5.633
5.22
5.2
5.057
5.049
5.058
5.058
5.039
5.039
5.146
5.209
5.379
5.365
4.997
4.994
4.909
4.907
4.885
4.876
4.873
4.876
5.268
5.316
5.717
5.706
4.513
4.496
4.545
4.551
4.545
4.539
4.504
4.518
4.752
4.744
4.725
4.718
4.732
4.721
4.762
4.751
4.639
4.674
4.631
4.677
5.202
5.206
6.215
6.206
7.758
7.75
7.726
7.717
7.693
7.693
7.66
7.657
7.634
7.625
7.598
7.6
7.582
7.575
7.557
7.549
7.54
7.532
7.207
7.199
7.172
7.165
7.151
7.153
7.398
7.398
7.395
7.387
7.388
7.378
7.376
7.377
7.378
7.378
7.377
7.369
7.378
7.369
7.128
7.223
7.488
7.487
7.507
7.496
7.515
7.513
6.438
6.433
5.343
5.342
5.355
5.356
1.714
1.723
1.646
1.649
1.612
1.615
1.577
1.585
1.559
1.561
1.597
1.583
2.554
2.682
2.218
2.273
2.072
2.086
2.027
2.038
1.967
2.002
1.856
1.864
1.777
1.786
1.709
1.719
1.399
1.452
1.344
1.357
1.342
1.34
1.327
1.336
0.89
1.149
0.752
0.778
0.727
0.726
0.701
0.703
0.684
0.686
0.667
0.677
0.664
0.667
0.651
0.65
0.633
0.636
0.626
0.635
0.615
0.623
0.617
0.618
0.608
0.61
0.6
0.6
0.595
0.596
0.595
0.594
0.586
0.587
0.583
0.584
0.583
0.58
0.578
0.578
0.577
0.57
0.566
0.569
0.558
0.568
0.563
0.562
0.656
0.603
0.631
0.64
0.613
0.622
0.603
0.612
0.6
0.603
0.587
0.595
0.593
0.592
0.564
0.581
0.553
0.555
0.543
0.543
0.534
0.535
0.53
0.536
0.521
0.53
0.515
0.524
0.524
0.519
0.55
0.541
0.58
0.57
0.618
0.607
0.654
0.644
0.703
0.682
0.753
0.74
0.822
0.818
0.941
0.888
1.282
1.27
1.278
1.284
1.28
1.28
1.272
1.28
1.273
1.272
1.263
1.273
1.204
1.217
1.197
1.206
1.206
1.206
1.205
1.215
1.206
1.215
1.205
1.214
1.214
1.214
1.205
1.214
1.206
1.215
1.206
1.206
1.205
1.214
1.205
1.206
1.196
1.205
1.197
1.205
1.197
1.206
1.197
1.206
1.387
1.396
1.392
1.391
1.388
1.396
1.395
1.394
1.392
1.409
1.402
1.401
1.409
1.409
1.417
1.417
1.418
1.418
1.419
1.427
1.436
1.444
1.438
1.447
1.22
1.217
1.201
1.201
1.176
1.179
1.182
1.19
1.177
1.186
1.195
1.194
1.203
1.203
1.212
1.22
1.228
1.229
1.239
1.246
1.255
1.264
1.273
1.272
1.289
1.29
1.307
1.307
1.316
1.323
1.333
1.342
1.351
1.367
1.376
1.385
1.392
1.41
1.419
1.428
1.445
1.453
1.469
1.478
1.493
1.503
1.519
1.528
2.39314 8.94792 4.64018
