1 361
1.527
1.527
1.518
1.518
1.518
1.51
1.51
1.51
1.501
1.501
1.492
1.492
1.492
1.492
1.492
1.483
1.483
1.483
1.474
1.475
1.475
1.466
1.475
1.466
1.466
1.467
1.46
1.462
1.458
1.464
1.462
1.462
1.467
1.465
1.458
1.449
1.458
1.458
1.462
1.465
1.464
1.467
1.469
1.466
1.462
1.468
1.467
1.447
1.453
1.458
1.464
1.462
1.461
1.622
1.62
1.621
1.63
1.63
1.638
1.637
1.638
1.638
1.647
1.647
1.655
1.655
1.665
1.663
1.671
1.673
1.68
1.68
1.688
1.688
1.697
1.706
1.706
1.713
1.723
1.723
1.732
1.741
1.749
1.749
1.759
1.765
1.766
1.784
1.785
1.792
1.8
1.809
1.817
1.826
1.834
1.842
1.851
1.867
1.875
1.885
1.892
1.901
1.917
1.934
1.944
1.95
1.933
1.897
1.89
1.858
1.848
1.83
1.839
1.848
1.873
1.905
1.921
1.929
1.947
1.963
1.979
1.998
2.014
2.032
2.049
2.067
2.085
2.105
2.119
2.136
2.153
2.18
2.197
2.223
2.239
2.266
2.281
2.307
2.333
2.357
2.382
2.407
2.441
2.466
2.498
2.532
2.563
2.587
2.622
2.656
2.691
2.725
2.766
2.808
2.85
2.894
2.937
2.98
3.025
3.08
3.128
3.179
3.237
3.295
3.356
4.813
4.803
4.78
4.872
4.985
5.087
5.196
5.307
5.425
5.547
5.679
5.671
5.651
5.645
5.626
5.607
5.588
5.582
5.562
5.554
5.539
5.638
6.211
6.211
6.219
6.482
6.711
8.183
8.183
8.183
8.183
8.183
8.183
8.183
8.183
8.183
8.183
8.183
8.183
8.183
8.183
8.191
8.183
8.183
8.187
8.187
8.191
8.183
8.183
8.183
8.183
8.183
8.183
8.183
8.183
8.183
8.183
8.183
8.183
8.183
8.183
8.183
8.183
8.183
8.183
8.183
8.183
8.183
8.183
8.183
8.183
8.183
8.183
8.107
7.757
7.373
7.063
6.818
6.553
6.338
6.12
5.925
5.733
5.573
5.335
5.255
5.274
5.301
5.403
5.373
5.412
6.635
6.727
6.748
6.761
6.791
6.808
6.843
6.908
6.939
6.954
3.538
3.492
3.45
3.391
3.332
3.284
3.228
3.176
3.134
3.082
3.038
2.992
2.947
2.914
2.869
2.827
2.785
2.752
2.711
2.685
2.651
2.615
2.58
2.551
2.516
2.492
2.466
2.443
2.41
2.387
2.361
2.336
2.311
2.296
2.27
2.246
2.227
2.21
2.184
2.166
2.149
2.132
2.107
2.096
2.079
2.062
2.044
2.027
2.009
2.001
1.984
1.969
1.95
1.944
1.926
1.909
1.901
1.884
1.876
1.868
1.854
1.842
1.834
1.818
1.81
1.801
1.792
1.785
1.777
1.767
1.75
1.751
1.741
1.732
1.725
1.717
1.708
1.7
1.691
1.683
1.674
1.675
1.667
1.658
1.65
1.641
1.641
1.634
1.626
1.618
1.618
1.609
1.601
1.601
1.601
3.38923 11.1113 2.27085
