1 361
2.135
2.326
2.482
2.748
2.925
3.292
3.632
4.249
4.999
6.598
6.649
6.732
6.74
6.734
6.711
6.709
6.716
6.72
6.716
6.72
6.726
6.731
6.728
6.735
6.741
6.746
6.751
6.76
6.757
6.77
6.773
6.784
6.803
6.813
6.834
6.808
6.844
6.986
6.856
6.873
6.88
6.894
6.911
6.928
6.943
6.958
6.98
6.993
7.009
7.035
7.053
7.074
7.092
7.106
7.131
7.16
7.185
7.349
7.219
7.085
6.988
7.014
7.049
7.085
7.055
7.064
6.303
6.09
5.991
5.885
5.795
5.679
5.611
5.51
5.428
5.341
5.269
5.19
5.123
5.037
4.984
4.914
4.856
4.788
4.737
4.68
4.62
4.56
4.509
4.427
4.442
4.473
4.508
4.477
4.435
4.382
4.341
4.289
4.249
4.201
4.17
4.121
4.099
4.048
4.025
3.983
3.835
3.714
3.692
3.675
3.651
3.618
3.593
3.566
3.54
3.506
3.489
3.455
3.439
3.415
3.398
3.365
3.348
3.324
3.317
3.285
3.276
3.252
3.234
3.21
3.202
3.175
3.168
3.142
3.133
3.109
3.098
3.08
3.074
3.055
3.04
3.02
3.021
3.004
2.994
2.979
2.968
2.954
2.952
2.936
2.926
2.908
2.901
2.893
2.893
2.875
2.868
2.858
2.849
2.842
2.842
2.824
2.818
2.809
2.808
2.801
2.8
2.784
2.774
2.751
2.75
2.741
2.863
2.893
2.897
2.879
2.888
2.879
2.879
2.873
2.872
2.864
2.863
2.856
2.856
2.856
2.857
2.848
2.856
2.841
2.849
2.841
2.852
2.841
2.847
2.847
2.841
2.843
2.84
2.844
2.847
2.848
2.855
2.846
2.853
2.853
2.863
2.862
2.865
2.853
2.718
2.717
2.725
2.741
2.748
2.748
2.758
2.757
2.773
2.773
2.777
2.781
2.791
2.791
2.799
2.807
2.816
2.816
2.826
2.83
2.839
2.846
2.864
2.863
2.88
2.88
2.901
2.895
2.915
2.921
2.94
2.939
2.949
2.96
2.983
2.982
3.001
3.009
3.028
3.035
3.051
3.062
3.078
3.088
3.104
3.123
3.132
3.149
3.174
3.181
3.206
3.216
3.241
3.258
3.282
3.297
3.315
3.33
3.363
3.379
3.404
3.429
3.452
3.468
3.496
3.52
3.546
3.573
3.592
3.606
3.71
3.873
3.908
3.936
3.973
3.999
4.041
4.069
4.12
4.149
4.188
4.23
4.278
4.319
4.384
4.391
4.352
4.307
4.306
4.362
4.44
4.481
4.541
4.577
4.651
4.699
4.758
4.815
4.877
4.936
5.013
5.068
5.153
5.223
5.312
5.384
5.468
5.545
5.646
5.734
5.834
5.927
6.016
6.506
6.636
6.711
6.856
6.953
6.934
6.908
7.076
7.222
7.358
7.311
7.251
7.199
7.152
7.101
7.056
7.016
6.989
7.019
7.062
7.098
7.143
7.182
7.234
7.276
7.311
8.183
8.183
8.183
8.183
8.187
8.183
8.183
8.183
8.183
8.187
8.183
8.183
5.7626 2.69278 0.002225
