1 361
2.174
2.186
2.186
2.213
2.213
2.238
2.238
2.264
2.264
2.286
2.289
2.313
2.312
2.337
2.335
2.369
2.367
2.396
2.399
2.423
2.43
2.454
2.463
2.496
2.494
2.529
2.535
2.567
2.575
2.61
2.617
2.655
2.666
2.703
2.712
2.745
2.753
2.798
2.805
2.853
2.862
2.913
2.922
3.78
3.797
3.858
3.886
3.955
3.973
4.012
4.028
4.391
4.418
4.51
4.537
4.618
4.645
4.727
4.771
4.881
4.883
4.842
4.832
4.834
4.88
5.004
5.048
5.167
5.174
5.15
5.134
5.1
5.092
5.059
5.051
5.017
5.01
4.976
4.963
5.105
5.155
5.323
5.393
5.572
5.646
5.845
5.928
6.154
6.245
6.491
6.6
6.95
7.515
7.691
7.678
7.747
7.95
8.183
8.183
8.183
8.183
8.183
8.183
8.183
4.461
4.449
4.439
4.422
4.422
4.405
4.406
4.389
4.388
4.371
4.363
4.346
4.347
4.33
4.33
4.313
4.322
4.306
4.305
4.296
4.296
4.281
4.289
4.281
4.281
4.265
4.272
4.265
4.264
4.255
4.255
4.256
4.256
4.248
4.256
4.256
4.256
4.255
4.256
4.255
4.256
4.256
4.265
4.265
4.271
4.265
4.272
4.28
4.308
4.192
4.13
3.946
3.888
3.718
3.66
3.505
3.461
3.322
3.282
3.173
3.124
3.024
2.992
2.883
2.857
2.766
2.731
2.656
2.63
2.553
2.537
2.463
2.44
2.373
2.356
2.29
2.282
2.222
2.204
2.151
2.143
2.089
2.083
2.036
2.029
1.985
1.967
1.926
1.915
1.875
1.868
1.835
1.826
1.792
1.784
1.75
1.758
1.715
1.715
1.68
1.673
1.648
1.639
1.615
1.615
1.583
1.582
1.549
1.55
1.525
1.528
1.502
1.5
1.478
1.477
1.456
1.456
1.427
1.427
1.411
1.403
1.387
1.387
1.37
1.37
1.336
1.312
1.295
1.294
1.278
1.286
1.269
1.293
1.31
1.327
1.344
1.36
1.441
1.469
1.503
1.518
3.663
3.706
3.784
3.818
8.183
8.183
8.183
8.183
8.183
8.183
8.183
8.183
8.183
8.183
8.183
8.183
6.277
6.268
6.249
6.366
6.555
6.672
6.891
7.025
7.275
7.42
7.697
7.898
8.183
8.183
8.183
8.183
8.183
8.183
8.183
8.183
8.183
8.183
8.183
8.183
8.183
8.183
8.183
8.183
8.183
8.183
8.183
8.183
8.183
8.183
8.183
8.183
8.183
8.183
8.183
8.183
8.183
8.183
8.183
5.589
5.561
5.564
5.562
5.56
5.565
5.565
5.571
5.566
5.574
5.571
5.572
5.581
5.586
5.596
5.598
5.606
5.606
5.613
5.621
5.621
5.631
5.641
5.648
5.667
5.503
5.341
5.097
4.964
4.762
4.661
4.468
4.351
4.15
4.065
3.93
3.827
3.706
3.63
3.515
3.444
3.351
3.288
3.204
3.142
3.064
3.007
2.936
2.886
2.818
2.402
2.311
2.311
2.246
2.251
2.26
2.346
-0.779019 13.5391 3.22372
