1 361
1.437
1.421
1.421
1.404
1.404
1.386
1.386
1.369
1.368
1.36
1.351
1.342
1.333
1.324
1.325
1.306
1.306
1.296
1.297
1.28
1.279
1.27
1.271
1.262
1.261
1.243
1.252
1.234
1.235
1.227
1.227
1.218
1.218
1.209
1.209
1.2
1.2
1.191
1.191
1.182
1.182
1.173
1.173
1.165
1.164
1.164
1.164
1.158
1.158
1.148
1.148
1.148
1.148
1.139
1.148
1.14
1.14
1.131
1.131
1.131
1.131
1.122
1.131
1.122
1.123
1.123
1.123
1.117
1.117
1.116
1.118
1.113
1.116
1.115
1.112
1.111
1.118
1.102
1.102
1.094
1.094
1.094
1.102
1.111
1.116
1.107
1.12
1.107
1.118
1.115
1.114
1.123
1.114
1.123
1.122
1.123
1.122
1.122
1.131
1.131
1.131
1.131
1.139
1.14
1.14
1.14
1.14
1.149
1.149
1.15
1.156
1.156
1.157
1.165
1.165
1.165
1.175
1.175
1.175
1.184
1.184
1.193
1.193
1.192
1.202
1.202
1.211
1.213
1.221
1.22
1.227
1.238
1.237
1.246
1.246
1.255
1.264
1.264
1.273
1.274
1.291
1.291
1.3
1.309
1.311
1.318
1.326
1.335
1.344
1.352
1.361
1.37
1.378
1.388
1.395
1.398
1.398
1.391
1.409
1.416
1.425
1.577
1.651
1.659
1.677
1.695
1.701
1.719
1.736
1.744
1.762
1.781
1.798
1.814
1.822
1.846
1.863
1.88
1.906
1.921
1.939
1.964
1.982
2.007
2.023
2.05
2.077
2.102
2.129
2.156
2.18
2.218
2.211
2.194
2.185
2.176
2.167
2.15
2.148
2.159
2.194
2.263
2.298
2.331
2.369
2.404
2.446
2.485
2.528
2.583
2.627
2.678
2.724
2.785
2.844
2.906
2.957
3.036
3.1
3.167
3.242
3.327
3.397
3.501
3.583
3.703
3.808
3.944
4.018
4.431
4.877
4.998
4.99
4.974
4.967
5.221
5.394
5.428
5.409
5.374
5.358
5.323
5.305
5.272
5.264
5.228
5.212
5.178
5.17
5.196
5.238
5.29
5.342
5.383
5.435
5.487
5.537
5.585
8.191
8.191
8.183
8.183
8.183
8.183
8.183
8.183
8.183
8.183
8.183
8.183
8.183
8.183
8.183
8.183
8.183
8.187
8.187
8.183
8.183
8.183
8.183
8.183
8.183
8.183
8.183
8.183
8.176
7.841
7.617
7.325
7.136
6.868
6.704
6.468
6.328
6.125
5.996
5.796
5.657
5.675
5.706
5.686
5.543
5.407
5.301
5.199
5.253
8.183
8.183
8.183
3.772
3.706
3.679
3.65
3.643
3.621
3.619
3.624
3.619
3.634
3.652
3.657
3.61
3.552
3.515
3.464
3.414
3.365
3.324
3.283
3.243
3.2
3.166
3.124
3.089
3.056
3.019
2.985
2.959
2.921
2.897
2.853
2.826
2.783
2.759
2.723
2.688
2.65
2.624
2.587
2.554
2.527
2.499
2.465
2.433
2.396
2.381
2.356
2.34
2.317
2.294
7.54018 4.15954 1.16116
