1 361
1.817
1.806
1.798
1.796
1.788
1.779
1.77
1.753
1.752
1.752
1.743
1.734
1.732
1.725
1.715
1.716
1.706
1.699
1.698
1.69
1.689
1.681
1.681
1.672
1.672
1.661
1.665
1.655
1.655
1.647
1.648
1.647
1.64
1.64
1.632
1.632
1.632
1.624
1.625
1.614
1.596
1.587
1.587
1.588
1.59
1.587
1.823
1.853
8.183
8.183
3.366
3.647
4.37
5.377
8.183
8.183
8.183
8.183
8.183
8.183
8.183
8.183
8.183
8.183
8.183
8.183
8.183
8.183
8.183
8.183
8.183
8.183
8.183
8.183
8.183
8.183
8.183
8.183
8.183
8.183
8.183
8.183
8.183
8.183
8.183
8.183
8.183
8.183
8.183
8.183
8.183
8.183
8.183
8.183
8.183
8.183
8.183
8.183
8.183
8.183
2.879
2.87
2.82
2.788
2.745
2.717
2.681
2.657
2.623
2.597
2.557
2.54
2.505
2.482
2.451
2.433
2.399
2.384
2.359
2.333
2.307
2.292
2.275
2.259
2.24
2.215
2.231
2.236
2.259
2.303
2.157
2.13
2.103
2.086
2.058
2.041
2.066
2.066
2.112
2.107
2.142
2.142
2.187
2.178
2.213
2.214
2.248
2.257
2.301
2.3
2.332
2.341
2.376
2.385
2.415
2.431
2.472
2.48
2.53
2.529
2.577
2.585
2.637
2.636
2.703
2.703
2.77
2.778
2.836
2.848
2.908
2.926
2.987
3.004
3.08
3.09
3.166
3.175
3.268
3.284
3.359
3.381
3.481
3.498
3.598
3.625
3.74
3.761
3.873
3.903
4.026
4.049
4.188
4.219
4.372
4.397
4.576
4.613
4.804
4.84
5.048
5.114
5.343
5.394
5.651
5.721
5.979
6.067
6.994
7.097
7.484
7.473
7.46
7.521
8.183
8.183
8.183
8.183
8.183
8.183
7.534
7.52
7.508
8.187
8.183
8.183
7.465
7.455
7.436
7.457
7.457
8.187
7.468
7.437
7.424
7.396
7.418
7.426
7.43
7.426
7.447
7.449
7.46
7.442
8.187
8.187
7.479
8.183
8.183
7.549
7.572
8.187
7.627
7.63
7.603
7.621
7.657
7.651
7.516
7.314
7.284
7.284
6.296
6.268
5.885
5.793
5.476
5.41
5.14
5.069
4.83
4.772
4.564
4.468
4.437
4.446
4.472
4.473
4.329
4.294
4.11
4.075
3.547
3.519
3.445
3.417
3.319
3.287
3.189
3.168
3.087
3.069
2.982
2.973
2.884
2.876
2.792
2.783
2.708
2.699
2.638
2.621
2.561
2.554
2.491
2.481
2.433
2.422
2.374
2.366
2.317
2.308
2.258
2.259
2.205
2.207
2.162
2.163
2.118
2.118
2.083
2.083
2.038
2.038
2.007
2.007
1.972
1.964
1.931
1.932
1.885
1.876
1.874
1.874
1.898
1.899
1.934
1.943
1.973
1.971
1.941
1.941
1.916
1.916
1.89
1.892
1.865
1.866
1.848
1.84
1.825
1.825
1.808
1.808
1.792
1.784
1.765
1.767
1.749
1.75
1.732
10.1955 13.4744 5.6346
