1 361
2.063
2.071
2.079
2.086
2.094
2.102
2.107
2.117
2.123
2.138
2.135
2.153
2.159
2.175
2.184
2.2
2.208
2.3
2.354
2.372
2.373
2.395
2.403
2.419
2.426
2.442
2.459
2.476
2.49
2.505
2.524
2.539
2.556
2.58
2.587
2.615
2.629
2.646
2.662
2.689
2.706
2.73
2.729
2.742
2.759
8.183
8.183
8.183
4.424
4.393
4.368
4.343
4.316
4.295
4.278
4.246
4.233
4.2
4.19
4.166
4.159
4.133
4.124
4.094
4.086
4.068
4.052
4.035
4.025
4.007
4.048
4.047
3.981
3.958
3.939
3.917
3.944
4.028
4.088
4.157
4.219
4.286
4.362
4.427
4.509
4.586
4.672
4.752
4.839
4.931
5.03
5.139
5.243
5.352
5.473
5.58
5.717
5.849
5.996
6.139
6.306
6.464
6.647
6.825
7.036
7.235
7.472
7.698
7.956
8.183
8.183
8.183
8.183
8.183
8.183
8.183
8.187
8.183
8.183
8.183
8.183
8.183
8.187
8.183
8.187
8.187
8.191
8.183
8.187
8.187
8.183
8.183
8.183
8.183
8.183
8.183
8.183
8.183
8.183
8.183
8.187
8.187
8.187
8.187
8.187
8.187
8.187
8.187
8.183
8.183
8.183
8.104
7.555
7.054
6.553
6.336
6.354
5.461
5.353
5.068
4.829
4.631
4.446
4.284
4.132
3.992
3.844
3.722
3.605
3.446
3.465
3.473
3.49
3.491
3.484
3.383
3.304
3.221
3.155
3.077
2.586
2.532
2.523
2.468
2.416
2.371
2.324
2.285
2.243
2.199
2.165
2.129
2.093
2.049
2.023
1.99
1.955
1.923
1.897
1.865
1.84
1.812
1.789
1.762
1.744
1.72
1.693
1.678
1.653
1.63
1.612
1.596
1.579
1.564
1.538
1.523
1.516
1.499
1.483
1.464
1.447
1.43
1.415
1.407
1.398
1.381
1.373
1.356
1.348
1.331
1.322
1.313
1.305
1.295
1.286
1.269
1.27
1.253
1.242
1.235
1.225
1.219
1.218
1.199
1.199
1.182
1.183
1.173
1.173
1.165
1.155
1.147
1.147
1.129
1.129
1.121
1.122
1.113
1.104
1.096
1.096
1.087
1.078
1.078
1.071
1.061
1.062
1.053
1.052
1.044
1.045
1.035
1.036
1.027
1.007
1.006
0.998
0.999
0.989
0.989
0.989
0.98
1.013
1.02
1.072
1.08
1.14
1.136
1.138
1.128
1.127
1.127
1.119
1.118
1.118
1.11
1.109
1.11
1.11
1.101
1.102
1.102
1.102
1.093
1.102
1.093
1.103
1.094
1.094
1.094
1.095
1.096
1.09
1.096
1.089
1.092
1.075
1.056
1.075
1.084
1.096
1.088
1.103
1.1
1.096
1.096
1.094
1.094
1.102
1.092
1.101
1.1
1.101
1.101
1.101
1.11
1.11
1.11
1.11
1.109
1.109
1.11
1.119
1.119
1.127
1.118
1.127
1.127
1.127
1.127
1.136
1.137
1.144
1.145
1.151
1.145
1.152
1.153
1.163
1.163
1.173
7.88362 13.5449 0.328323
