1 361
5.605
5.703
5.769
5.881
5.937
6.061
6.132
7.608
7.57
7.551
7.702
7.866
7.967
8.142
8.183
8.183
8.183
8.183
8.183
8.183
8.183
8.183
8.183
8.183
8.183
8.183
8.183
8.183
8.183
8.183
8.183
8.183
8.183
8.183
8.183
8.183
8.183
8.183
8.183
8.183
8.183
8.183
8.183
8.187
8.187
8.183
8.183
8.183
8.183
8.183
8.183
8.183
8.183
8.183
8.183
8.183
8.183
8.183
8.183
8.183
8.183
8.189
1.022
1.007
1.011
1.008
1.013
1.011
1.012
1.01
1.015
1.017
1.014
1.01
1.012
1.011
1.019
1.012
1.012
1.02
1.031
1.014
0.982
0.895
0.877
0.809
0.798
0.732
0.723
0.673
0.668
0.625
0.625
0.582
0.579
0.537
0.536
0.509
0.505
0.478
0.477
0.477
0.477
0.492
0.5
0.506
0.514
0.518
0.528
0.541
0.533
3.159
3.115
2.964
2.914
2.85
2.821
2.75
2.729
2.667
2.633
2.578
2.548
2.501
2.475
2.49
6.043
5.162
5.248
6.14
6.115
6.141
6.174
6.209
6.233
6.282
6.325
6.365
6.398
6.409
6.414
6.476
6.525
6.629
6.665
6.632
6.579
6.502
6.451
6.518
3.979
3.984
6.866
6.939
6.998
7.03
6.979
7.054
7.098
7.046
7.253
7.801
7.875
7.953
5.749
5.742
8.183
8.183
8.183
8.183
8.183
8.183
8.183
8.183
8.183
8.183
8.183
7.726
7.715
8.059
8.037
7.472
7.073
7.03
6.979
7.065
7.145
8.183
6.906
6.242
6.263
6.621
6.979
6.526
6.499
6.459
6.439
6.389
6.326
6.3
6.395
6.518
6.718
6.802
6.964
8.183
8.183
8.183
8.183
8.183
8.183
8.183
8.183
8.183
8.183
8.183
8.183
8.183
8.183
8.183
8.183
8.183
8.183
2.057
2.011
1.996
8.183
8.183
8.183
8.183
8.183
8.183
8.183
8.183
8.183
8.183
8.183
2.113
2.047
1.997
1.975
1.968
1.973
1.98
1.988
1.989
2.006
2.004
2.005
2.014
2.022
2.022
2.032
2.04
2.049
2.047
2.057
2.057
2.073
2.07
2.081
2.091
2.102
2.14
2.432
2.641
2.404
2.292
2.297
2.223
2.147
1.809
1.763
1.734
1.701
1.655
1.245
1.157
1.114
1.099
1.077
1.049
1.026
1.012
0.989
0.973
0.957
0.941
0.925
0.909
0.891
0.885
0.867
0.851
0.846
0.837
0.821
0.811
0.794
0.787
0.779
0.764
0.756
0.749
0.741
0.732
0.717
0.717
0.699
0.7
0.692
0.685
0.677
0.669
0.66
0.653
0.643
0.643
0.627
0.636
0.619
0.62
0.61
0.604
0.602
0.603
0.595
0.584
0.586
0.587
0.577
0.578
0.569
0.561
0.562
0.553
0.553
0.553
0.547
0.537
0.535
0.534
0.528
0.528
0.528
0.518
0.519
0.512
0.511
0.512
0.503
0.501
0.502
0.493
0.493
0.494
0.495
0.495
0.486
0.486
0.485
4.79766 8.26516 3.09627
