1 361
1.73
1.73
1.73
1.738
1.747
1.752
1.755
1.804
1.805
1.801
1.8
1.808
1.807
1.807
1.815
1.815
1.814
1.814
1.822
1.822
1.821
1.829
1.828
1.837
1.828
1.836
1.845
1.846
1.846
1.855
1.857
1.86
1.853
1.763
1.768
1.777
1.777
1.785
1.785
1.795
1.794
1.802
1.777
1.711
1.687
1.687
1.696
1.696
1.704
1.735
1.746
1.754
1.763
1.772
1.781
1.789
1.788
1.806
1.815
1.824
1.834
1.842
1.85
1.857
1.867
1.884
1.883
1.9
1.91
1.919
1.926
1.952
1.952
1.968
1.985
1.994
2.012
2.021
2.03
5.586
5.631
5.667
5.71
5.753
5.796
5.848
5.899
5.947
5.993
6.055
6.065
6.116
6.207
6.278
6.318
6.389
6.448
6.519
6.58
6.651
6.712
6.79
6.853
6.942
7.005
7.105
7.176
7.269
7.333
7.437
7.517
7.626
7.71
7.821
7.925
8.036
8.148
8.183
8.183
8.183
8.183
4.279
4.263
4.238
4.221
4.286
4.353
4.437
4.503
4.597
4.672
4.758
4.843
4.955
5.045
5.17
5.262
5.39
5.503
5.655
5.768
5.92
6.061
6.233
6.374
6.57
6.705
6.683
6.675
6.656
6.642
6.625
6.609
6.597
6.589
6.571
6.564
6.544
6.546
6.517
6.511
6.503
6.496
6.485
6.482
6.469
6.47
6.453
6.453
6.442
6.442
6.434
6.436
6.432
6.432
6.426
6.428
6.427
6.426
6.424
6.42
6.422
6.429
6.418
5.938
4.789
4.132
3.501
3.472
3.464
3.473
3.466
3.474
3.473
3.481
3.483
3.496
3.489
3.498
3.507
3.515
3.515
3.524
3.524
3.532
3.54
3.54
3.548
3.557
3.567
3.577
3.583
3.591
3.599
3.609
3.617
3.624
3.624
3.643
3.65
3.668
3.676
3.684
3.702
3.71
3.711
3.647
3.566
3.505
3.425
3.371
3.298
3.249
3.183
3.131
3.071
3.029
2.974
2.938
2.885
2.855
2.801
2.768
2.717
2.691
2.647
2.613
2.57
2.539
2.508
2.473
2.44
2.417
2.382
2.357
2.324
2.299
2.274
2.257
2.223
2.206
2.18
2.162
2.135
2.117
2.091
2.082
2.056
2.041
2.022
2.003
1.986
1.969
1.952
1.934
1.919
1.903
1.885
1.877
1.86
1.852
1.836
1.818
1.81
1.793
1.784
1.777
1.758
1.749
1.734
1.726
1.716
1.707
1.7
1.691
1.673
1.666
1.659
1.65
1.642
1.633
1.626
1.617
1.61
1.6
1.593
1.584
1.576
1.568
1.559
1.552
1.552
1.544
1.535
1.535
1.527
1.519
1.52
1.51
1.511
1.502
1.493
1.494
1.494
1.487
1.478
1.477
1.468
1.468
1.461
1.461
1.461
1.452
1.451
1.453
1.444
1.445
1.436
1.436
1.429
1.427
1.419
1.428
1.421
1.422
1.422
1.422
1.414
1.415
1.407
1.409
1.411
1.412
1.414
1.401
1.257
1.22
1.22
1.238
1.254
1.25
-2.36409 12.0947 4.35372
