1 361
4.971
4.928
4.892
4.851
4.831
4.804
4.88
4.856
4.859
4.813
4.778
4.744
4.71
4.539
4.497
4.457
4.431
4.407
4.388
4.38
4.579
4.544
4.507
4.49
4.028
4.005
3.987
3.969
3.941
3.915
3.907
3.888
3.871
3.853
3.834
3.817
3.8
3.782
3.772
3.753
3.741
3.725
3.709
3.7
3.69
3.667
3.659
3.641
3.636
3.627
3.618
3.609
3.6
3.584
3.575
3.567
3.557
3.553
3.546
3.538
3.53
3.516
3.516
3.508
3.51
3.498
3.49
3.482
3.482
3.474
3.475
3.474
3.475
3.466
3.462
3.451
3.46
3.447
3.456
3.439
3.452
3.441
3.447
3.44
3.443
3.436
3.442
3.439
3.445
3.442
3.444
3.441
3.442
3.442
3.442
3.442
3.449
3.451
3.457
3.448
3.464
3.456
3.462
3.463
3.47
3.469
4.645
4.654
4.663
4.663
4.68
4.678
4.696
4.697
4.712
4.722
4.731
4.74
4.757
4.766
4.783
4.782
4.802
4.81
4.827
4.836
4.862
4.87
4.887
4.896
4.922
4.93
4.957
4.965
4.991
4.998
5.034
5.04
5.066
5.083
5.115
5.125
5.158
5.164
5.207
5.224
5.256
5.273
5.308
5.325
5.361
5.376
5.417
5.437
5.479
5.496
5.536
5.563
5.605
5.632
5.677
5.703
5.756
5.784
5.827
5.834
5.769
5.7
5.643
5.587
5.526
5.467
5.415
5.373
2.601
2.579
2.57
2.538
2.522
2.496
2.481
2.455
2.447
2.423
2.406
2.389
2.372
2.347
2.338
2.321
2.305
2.288
2.28
2.262
2.253
2.236
2.227
2.209
2.201
2.182
2.173
2.165
2.147
2.138
2.129
2.12
2.111
2.093
2.093
2.075
2.066
2.057
2.057
2.04
2.031
2.022
2.022
2.013
2.005
1.988
1.987
1.978
1.979
1.962
1.962
1.954
1.954
1.937
1.937
1.928
1.928
1.919
1.919
1.911
1.911
1.901
1.902
1.893
1.893
1.885
1.885
1.876
1.876
1.867
1.867
1.867
1.867
1.86
1.86
1.86
1.86
1.852
1.853
1.853
1.854
1.847
1.85
1.843
1.846
1.846
1.85
1.846
2.414
2.446
2.507
2.585
3.088
3.06
3.097
3.123
3.171
3.657
3.649
3.412
3.643
3.633
3.623
3.559
3.269
2.955
2.938
2.945
2.944
2.946
2.948
2.927
3.006
3.607
3.361
3.197
3.025
2.998
2.981
2.969
3.018
3.227
3.118
3.067
3
2.983
3.004
3.014
3.03
3.031
3.05
3.126
3.376
3.327
3.228
3.177
3.092
3.047
2.985
2.985
3.003
3.012
3.03
3.03
3.047
3.056
3.073
3.083
3.101
3.11
3.416
3.399
3.353
3.328
3.287
3.263
3.221
3.204
3.213
8.06
8.124
8.148
8.183
8.183
8.183
8.183
8.183
8.183
8.183
4.855
4.782
4.749
4.73
4.692
4.633
4.615
4.595
4.589
4.572
4.574
4.548
4.548
4.531
4.523
4.515
4.506
4.498
12.61 6.53276 0.926927
