1 361
1.559
1.559
1.559
1.551
1.559
1.558
1.55
1.551
1.551
1.553
1.546
1.545
1.549
1.545
1.548
1.546
1.546
1.539
1.539
1.53
1.53
1.539
1.547
1.543
1.548
1.544
1.547
1.545
1.551
1.55
1.557
1.549
1.552
1.53
1.529
1.53
1.537
1.538
1.535
1.698
1.706
1.707
1.705
1.707
1.715
1.716
1.723
1.723
1.723
1.732
1.741
1.741
1.75
1.75
1.758
1.758
1.767
1.767
1.776
1.784
1.794
1.794
1.801
1.801
1.82
1.818
1.828
1.835
1.844
1.853
1.86
1.865
4.149
4.084
3.713
3.668
3.627
3.601
3.606
3.648
3.642
3.072
3.032
2.996
2.964
2.927
2.892
2.868
2.834
2.8
2.775
2.75
2.716
2.7
2.673
2.648
2.629
2.596
2.578
2.554
2.537
2.513
2.497
2.471
2.454
2.43
2.452
2.445
2.499
2.481
2.378
2.352
2.337
2.312
2.304
2.282
2.31
2.318
2.375
2.382
2.422
2.432
2.473
2.5
2.511
2.485
2.47
2.46
2.455
2.442
2.451
2.442
2.449
2.451
2.466
2.46
2.495
2.494
2.523
2.543
2.63
3.129
3.251
3.284
3.358
3.39
3.474
3.518
3.601
3.65
3.748
3.785
3.89
3.93
4.046
4.096
4.224
4.278
4.423
4.491
4.647
4.712
4.884
4.959
5.146
5.241
5.444
5.549
5.786
5.902
6.185
6.34
7.881
7.882
7.936
7.883
7.878
7.893
8.183
8.183
8.183
8.183
8.183
8.183
8.183
8.183
8.183
8.183
8.183
8.183
8.183
8.183
8.183
8.183
8.183
8.183
8.183
8.183
8.183
8.183
8.183
8.183
8.183
8.183
8.183
8.183
8.183
8.183
8.183
8.183
8.183
8.183
8.183
8.183
8.183
8.183
8.183
8.183
8.183
8.183
7.823
7.825
7.845
7.074
6.641
6.482
6.142
6.011
5.736
5.611
5.358
5.258
5.041
4.901
4.912
4.912
4.934
4.892
4.712
4.647
4.162
3.987
3.924
3.869
3.747
3.696
3.593
3.55
3.459
3.42
3.336
3.294
3.212
3.178
3.11
3.069
3.005
2.979
2.908
2.883
2.822
2.799
2.74
2.722
2.662
2.644
2.592
2.576
2.535
2.51
2.467
2.452
2.402
2.39
2.345
2.338
2.304
2.295
2.236
2.22
2.201
2.207
2.233
2.233
2.268
2.268
2.287
2.284
2.249
2.238
2.214
2.196
2.169
2.161
2.136
2.126
2.099
2.09
2.064
2.064
2.039
2.029
2.012
2.003
1.986
1.977
1.959
1.951
1.925
1.927
1.91
1.9
1.893
1.884
1.867
1.858
1.85
1.841
1.824
1.826
0.964
0.976
0.93
0.93
0.895
0.895
0.852
0.859
0.826
0.827
0.799
0.801
0.768
0.776
0.743
0.753
0.719
0.721
0.697
0.695
0.678
0.68
0.645
0.656
0.639
0.647
0.62
0.631
0.605
0.603
0.589
0.596
0.58
0.579
0.562
0.563
0.554
0.553
0.535
0.545
0.529
3.00714 13.7914 5.92968
