1 361
0.662
0.667
0.657
0.674
0.665
0.764
0.763
1.133
1.122
1.126
1.117
1.115
1.114
1.108
1.104
1.085
1.09
1.074
1.097
1.388
1.402
1.524
1.542
1.704
1.76
1.965
2.045
2.291
2.351
2.643
2.677
2.93
3.952
4.74
4.815
6.339
6.342
7.79
8.187
8.183
8.183
8.183
8.183
8.183
8.183
8.183
8.183
8.183
8.183
8.183
8.187
8.187
8.187
8.183
8.187
8.187
8.187
8.187
8.187
8.187
8.187
8.187
8.187
8.187
8.187
8.187
8.183
8.183
8.183
8.183
8.183
8.183
8.183
8.183
8.183
8.183
8.183
8.183
8.183
8.183
8.144
7.855
7.753
7.479
7.392
7.15
7.068
6.818
6.82
6.849
6.859
6.659
6.592
6.419
6.096
5.877
5.823
5.676
5.622
5.481
5.44
5.314
5.264
5.155
5.105
4.999
4.958
4.86
4.823
4.731
4.705
4.609
4.584
4.491
4.467
4.39
4.363
4.286
4.229
4.184
4.196
4.246
4.265
4.22
4.196
4.13
4.113
4.057
4.041
3.982
3.967
3.914
3.895
3.845
3.828
3.776
3.769
3.53
3.494
3.465
3.466
3.42
3.411
3.371
3.362
3.323
3.314
3.281
3.273
3.234
3.224
3.192
3.182
3.157
3.147
3.115
3.107
3.081
3.081
3.046
3.037
3.009
3.003
2.984
2.983
2.949
2.948
2.932
2.925
2.907
2.898
2.882
2.879
2.856
2.846
2.83
2.832
2.807
2.807
2.789
2.789
2.772
2.771
2.747
2.755
2.739
2.737
2.722
2.721
2.703
2.704
2.695
2.696
2.678
2.678
2.669
2.67
2.66
2.661
2.652
2.644
2.635
2.634
2.626
2.634
2.618
2.626
2.608
2.595
2.595
2.586
2.736
2.745
2.732
2.732
2.725
2.734
2.727
2.737
2.726
2.726
2.721
2.721
2.721
2.729
2.718
2.724
2.719
2.727
2.724
2.725
2.725
2.732
2.733
2.74
2.732
2.738
2.739
2.748
2.747
2.756
2.763
2.764
2.773
2.782
2.782
2.788
2.788
2.798
2.783
2.72
2.651
2.652
2.659
2.686
2.692
2.7
2.709
2.716
2.727
2.729
2.732
2.742
2.749
2.759
2.766
2.776
2.783
2.796
2.807
2.789
2.374
2.211
2.194
2.194
2.184
2.184
2.175
2.175
2.167
2.167
2.157
2.157
2.149
2.149
2.141
2.14
2.14
2.14
2.131
2.13
2.13
2.13
2.121
2.122
2.113
2.122
2.123
2.122
2.113
2.123
2.113
2.113
2.113
2.113
3.416
3.441
3.473
3.492
3.526
3.553
3.587
3.612
3.647
3.668
3.694
3.769
3.988
4.021
4.064
4.096
4.146
4.177
4.227
4.269
4.324
4.36
4.429
4.472
4.492
4.469
4.426
4.415
4.498
4.549
4.634
4.677
4.75
4.798
4.877
4.931
5.017
5.072
5.164
5.213
5.326
5.383
5.501
5.563
5.687
5.756
5.894
5.958
6.096
7.511
7.627
7.742
7.941
8.052
8.183
8.183
3.88182 8.71191 0.500848
