1 361
3.959
3.977
3.985
4.002
4.002
4.019
4.027
4.045
2.267
2.201
2.164
2.126
2.134
2.144
2.15
2.186
2.195
2.202
2.211
2.22
2.228
2.239
2.246
2.255
2.262
2.279
2.288
2.305
2.303
2.319
2.328
2.344
2.352
2.365
2.377
2.391
2.397
2.415
2.43
2.449
2.455
2.479
2.485
2.512
2.526
2.542
2.559
2.576
2.593
2.618
2.629
2.642
2.615
2.581
2.563
2.539
2.524
2.491
2.474
2.449
2.435
2.409
2.393
2.368
2.358
2.334
2.318
2.294
2.291
2.29
2.311
2.345
2.361
2.395
2.421
2.45
2.469
2.504
2.537
2.571
2.598
2.629
2.664
2.701
2.734
2.772
2.805
2.851
2.891
2.946
2.98
3.033
3.076
3.13
3.172
3.24
3.29
4.899
4.983
5.062
5.136
5.256
5.31
5.277
5.268
5.258
5.402
5.532
5.644
5.635
5.616
5.59
5.589
5.563
5.555
5.53
5.52
5.504
5.498
5.685
5.823
6.039
6.222
6.474
6.703
6.992
7.296
8.183
8.183
8.183
8.183
8.183
8.183
8.183
8.183
8.183
8.183
8.187
8.183
8.183
8.183
8.191
8.183
5.089
5.081
5.073
5.073
5.057
5.066
5.049
5.049
5.041
5.039
5.023
5.032
5.024
5.017
5.008
5.017
5.007
5.007
5
5.008
4.999
4.999
5
5.007
5
5.008
5
5.007
5.007
5.016
5.017
5.025
5.024
5.033
5.033
5.04
5.041
5.049
5.049
5.065
5.056
5.114
4.969
4.85
4.717
4.611
4.484
4.39
4.272
4.177
4.085
4.003
3.914
3.846
3.76
3.69
3.612
3.551
3.482
3.431
3.364
3.308
3.25
3.199
3.139
3.105
3.053
3.008
2.965
2.922
2.876
2.841
2.792
2.767
2.726
2.691
2.656
2.629
2.588
2.562
2.531
2.506
2.473
2.448
2.424
2.398
2.365
2.349
2.315
2.298
2.272
2.254
2.229
2.202
2.184
2.167
2.137
2.099
2.08
2.068
2.071
2.089
2.105
2.132
2.174
2.24
2.251
2.367
4.115
4.096
4.073
4.045
4.084
4.173
4.212
4.272
4.32
4.381
4.424
4.492
4.536
4.579
8.183
8.183
8.183
8.183
8.183
8.183
8.183
8.183
8.183
8.183
8.183
8.183
8.183
6.994
6.95
6.926
6.967
7.103
7.249
7.39
7.548
7.71
7.876
8.05
8.183
8.183
8.183
8.183
8.183
8.183
8.183
8.183
8.183
8.183
8.183
8.183
8.183
8.183
8.183
8.183
8.183
8.183
8.183
8.183
8.183
8.183
8.183
8.183
8.183
8.183
8.183
8.183
6.029
6.027
6.017
6.015
6.004
6.002
5.994
5.996
5.995
5.994
5.989
5.988
5.987
5.986
5.988
5.995
5.994
5.991
5.985
5.986
5.982
5.994
5.989
5.676
5.213
4.585
2.534
2.46
2.472
2.47
2.43
2.38
2.274
1.913
1.798
1.75
1.706
1.714
1.721
1.703
1.633
1.517
1.522
1.514
0.128105 13.458 2.92954
