1 361
2.901
2.842
2.832
2.775
2.775
2.725
2.713
2.668
2.65
2.611
2.603
2.561
2.552
2.512
2.496
2.461
2.452
2.418
2.41
2.376
2.368
2.336
2.326
2.294
2.293
2.268
2.258
2.226
2.227
2.2
2.2
2.173
2.163
2.123
2.114
2.087
2.079
2.104
2.104
2.157
2.157
2.204
2.198
2.171
2.17
2.153
2.143
2.127
2.127
2.109
2.1
2.084
2.084
2.065
2.066
2.05
2.057
2.04
2.031
2.023
2.015
2.007
2.006
1.988
1.988
1.972
1.971
1.964
1.953
1.946
1.946
1.937
1.936
1.92
1.921
1.912
1.912
1.904
1.905
1.895
1.895
1.886
1.887
1.878
1.879
1.872
1.88
1.764
1.755
1.709
1.711
1.702
1.702
1.712
1.721
1.712
1.712
1.707
1.707
1.702
1.703
1.708
1.71
1.708
1.711
1.708
1.7
1.7
1.7
1.7
1.709
1.705
1.709
1.708
1.706
1.707
1.703
1.702
1.708
1.712
1.712
1.712
1.712
1.712
1.72
1.72
1.72
1.721
1.729
1.729
1.737
1.739
1.741
1.736
1.746
1.745
1.755
1.755
1.764
1.764
1.772
1.772
1.772
1.781
1.79
1.79
1.798
1.806
1.806
1.815
1.815
1.825
1.832
1.841
1.841
1.85
1.858
1.866
1.866
1.875
1.884
1.901
1.901
1.909
1.918
1.927
1.944
1.946
1.953
1.97
1.977
1.986
1.995
2.012
2.011
2.03
2.039
2.047
2.064
2.074
2.091
2.109
2.109
2.136
2.145
2.161
2.171
2.197
2.197
2.223
2.232
2.258
2.266
2.282
2.302
2.324
2.334
2.358
2.375
2.405
2.415
2.418
2.434
2.688
2.706
2.739
2.763
2.797
2.822
2.863
2.881
2.916
2.943
2.975
3.003
3.055
3.073
3.124
3.147
3.203
3.23
3.245
3.238
3.212
3.205
3.178
3.2
3.298
3.33
3.399
3.429
3.505
3.531
3.613
3.647
3.735
3.777
3.869
3.914
4.016
4.056
4.162
4.21
4.341
4.39
4.527
4.585
4.737
4.798
4.975
5.024
5.647
5.741
5.983
5.979
5.942
5.941
6.197
6.302
6.395
6.378
6.325
6.308
6.249
6.233
6.18
6.171
6.119
6.102
6.141
6.175
6.237
6.264
6.331
6.366
6.431
6.467
8.183
8.191
8.183
8.183
8.187
8.183
8.191
8.191
8.183
8.183
8.183
8.183
8.183
8.183
8.183
8.183
8.183
8.183
8.183
8.183
8.183
8.183
8.183
8.187
8.183
8.183
8.183
8.183
8.183
8.183
8.052
7.817
7.263
7.068
6.601
6.35
6.343
6.358
6.284
4.374
4.259
4.248
4.215
4.21
4.187
4.196
4.189
4.202
4.107
4.039
3.894
3.837
3.711
3.655
3.537
3.498
3.391
3.35
3.254
3.223
3.135
3.093
3.014
2.98
2.909
2.874
2.802
2.774
2.715
2.688
2.623
2.593
2.526
2.5
2.426
2.403
2.331
2.297
2.235
2.208
2.152
2.122
2.066
2.048
6.95776 3.15592 0.896794
