1 361
2.696
2.693
2.693
2.689
2.689
2.689
2.692
2.688
2.692
2.679
2.702
2.675
2.687
2.762
2.732
2.762
2.768
2.789
2.793
2.77
2.77
2.792
2.889
2.788
2.787
2.789
2.791
2.795
2.801
2.802
2.863
3.125
3.039
2.892
2.819
2.805
2.809
2.816
2.823
2.831
2.838
2.857
3.404
3.281
3.214
3.088
3.01
2.903
2.834
2.761
2.769
2.77
2.779
2.787
2.795
2.805
2.813
2.82
2.828
2.837
2.846
2.863
2.882
3.18
3.155
3.104
3.082
3.037
3.012
2.961
2.945
2.912
2.949
7.588
7.619
7.663
7.687
7.725
7.77
7.811
7.854
7.898
8.103
8.146
8.183
8.183
8.183
4.512
4.478
4.453
4.434
4.325
4.318
4.3
4.292
4.266
4.261
4.238
4.235
4.215
4.217
4.193
4.192
4.177
4.176
4.166
4.98
5.04
5.071
5.122
5.171
5.221
5.262
5.314
5.366
5.425
5.476
5.536
5.588
5.66
3.356
3.334
3.318
3.285
3.268
3.235
3.227
3.194
3.187
3.16
3.142
3.119
3.11
3.084
3.076
3.051
3.039
3.012
3.006
2.988
2.98
2.953
2.954
2.927
2.928
2.901
2.901
2.884
2.867
2.85
2.849
2.824
2.824
2.808
2.8
2.792
2.784
2.766
2.766
2.749
2.748
2.732
2.732
2.723
2.723
2.706
2.706
2.689
2.688
2.68
2.68
2.672
2.672
2.663
2.663
2.655
2.655
2.645
2.646
2.637
2.637
2.628
2.629
2.62
2.621
2.622
2.622
2.604
2.613
2.607
2.618
2.604
2.613
2.609
2.611
2.606
2.607
2.607
2.615
2.605
2.614
2.61
2.615
2.604
2.608
2.606
2.615
2.613
2.621
2.621
2.628
2.627
2.627
2.627
2.636
2.636
2.645
2.645
2.653
2.653
2.662
2.662
2.671
2.671
2.679
2.679
2.688
2.697
2.705
2.705
2.722
2.722
2.731
2.74
2.748
2.748
2.764
2.782
2.799
2.799
2.816
2.823
2.832
2.84
2.848
2.856
2.872
2.882
2.9
2.907
2.925
2.935
2.951
2.961
2.979
2.986
3.004
3.01
3.036
3.048
3.064
3.074
3.098
3.115
3.134
3.148
3.168
3.182
3.208
3.224
3.25
3.267
3.292
3.307
3.331
3.356
3.379
3.394
3.428
3.452
3.478
3.505
3.537
3.555
3.591
3.615
3.649
3.682
3.716
3.748
3.79
3.823
3.859
3.885
3.929
3.965
4.007
4.042
4.09
4.125
4.175
4.216
4.274
4.314
4.365
4.418
4.469
4.52
4.578
4.639
4.756
6.309
6.275
6.24
6.205
6.171
6.145
6.112
6.079
6.046
6.022
5.98
5.963
5.929
5.906
5.882
5.855
5.829
5.813
5.778
5.205
5.068
5.178
4.607
4.562
4.545
4.53
4.52
4.504
4.487
4.48
4.463
4.455
4.436
4.428
4.418
4.409
4.393
4.386
4.377
4.368
4.353
4.352
4.344
4.338
4.328
4.311
4.312
4.304
4.298
4.291
2.22581 -0.451979 1.58841
