1 361
8.183
8.183
8.183
2.8
2.794
2.785
2.786
2.779
2.778
2.77
2.77
2.762
2.762
2.762
2.754
2.755
2.748
2.75
2.749
2.743
2.745
2.748
2.749
2.751
2.752
2.762
2.761
2.771
2.763
2.76
2.762
2.059
2.033
1.825
1.807
1.658
1.648
1.383
1.378
1.273
1.273
1.233
1.234
1.239
1.24
1.207
1.207
0.997
0.997
0.998
0.997
0.997
0.997
1.007
1.006
1.006
1.014
1.025
1.032
1.032
1.032
1.041
1.041
1.041
1.049
1.049
1.049
1.057
1.057
1.066
1.066
1.074
1.074
1.083
1.083
1.093
1.092
1.107
1.103
1.06
1.06
1.033
1.037
1.012
1.019
1.002
0.992
0.986
0.982
0.963
0.97
1.169
1.159
1.176
1.173
8.187
8.187
1.195
8.187
8.187
8.187
8.187
8.187
8.187
8.187
8.187
8.187
8.187
8.187
8.187
8.187
8.187
8.187
1.359
1.378
1.372
1.366
1.338
1.343
1.333
1.333
1.244
1.286
1.505
1.504
1.529
1.538
1.564
1.572
1.596
1.605
1.637
1.645
1.677
1.686
1.711
1.72
1.753
1.772
1.796
1.813
1.847
1.864
1.899
1.914
1.951
1.973
2.017
2.033
2.088
2.096
2.148
2.166
2.219
2.244
2.298
2.32
2.386
2.412
2.48
2.509
2.584
2.618
2.696
2.737
2.828
2.867
2.953
2.998
3.103
3.154
3.271
3.321
3.457
3.519
3.672
3.746
3.923
3.996
4.205
4.306
4.537
4.635
4.858
6.29
6.34
6.322
6.288
6.29
6.581
6.823
7.455
7.778
8.183
8.183
8.183
8.183
8.183
8.183
8.183
8.183
8.183
8.183
8.183
8.183
8.183
8.183
8.183
8.183
8.183
8.183
8.183
8.183
8.183
8.183
8.183
8.183
8.183
8.183
8.183
8.183
8.183
8.183
8.183
8.183
8.183
8.183
8.183
8.183
8.183
8.183
8.183
8.183
8.183
8.183
7.95
7.818
7.464
7.326
7.019
6.906
6.649
6.498
6.503
6.521
6.412
6.301
6.01
5.591
5.46
5.385
5.223
5.16
5.013
4.954
4.821
4.766
4.639
4.591
4.472
4.434
4.317
4.273
4.178
4.138
4.045
4.013
3.932
3.9
3.781
3.749
3.761
3.78
3.795
3.824
3.759
3.731
3.658
3.631
3.572
3.555
3.498
3.472
3.421
3.395
3.349
3.328
3.28
3.255
2.983
2.968
2.954
2.933
2.899
2.889
2.847
2.83
2.796
2.779
2.745
2.737
2.706
2.697
2.66
2.653
2.617
2.61
2.576
2.568
2.544
2.537
2.512
2.502
2.477
2.462
2.447
2.437
2.414
2.413
2.387
2.381
2.365
2.356
2.339
2.332
2.306
2.306
2.29
2.281
2.266
2.256
2.247
2.239
2.222
2.222
2.213
2.204
2.187
2.187
2.169
2.169
2.161
2.152
2.143
2.142
2.125
2.125
2.116
2.107
2.098
2.099
2.089
2.085
2.081
2.072
2.063
2.064
2.064
2.055
2.046
2.046
4.60328 12.9701 5.98041
