1 361
1.343
1.316
1.316
1.307
1.308
1.289
1.289
1.272
1.281
1.263
1.263
1.245
1.245
1.236
1.236
1.227
1.218
1.218
1.209
1.2
1.2
1.191
1.191
1.182
1.173
1.173
1.173
1.164
1.164
1.155
1.155
1.148
1.148
1.139
1.139
1.13
1.13
1.121
1.121
1.122
1.112
1.113
1.112
1.105
1.105
1.105
1.105
1.096
1.095
1.087
1.096
1.087
1.079
1.079
1.079
1.079
1.08
1.071
1.071
1.071
1.071
1.072
1.062
1.063
1.063
1.056
1.064
1.061
1.063
1.059
1.062
1.063
1.058
1.064
1.067
1.042
1.051
1.051
1.059
1.062
1.064
1.064
1.059
1.061
1.06
1.067
1.064
1.063
1.072
1.062
1.072
1.071
1.071
1.071
1.071
1.071
1.079
1.08
1.079
1.079
1.087
1.087
1.087
1.087
1.096
1.096
1.096
1.105
1.113
1.105
1.113
1.113
1.122
1.122
1.122
1.131
1.131
1.13
1.14
1.14
1.149
1.149
1.157
1.157
1.166
1.166
1.166
1.175
1.183
1.184
1.193
1.192
1.202
1.211
1.211
1.219
1.228
1.228
1.237
1.246
1.255
1.255
1.264
1.273
1.282
1.291
1.299
1.288
1.292
1.294
1.303
1.312
1.321
1.392
1.535
1.544
1.56
1.577
1.585
1.593
1.609
1.618
1.633
1.651
1.658
1.676
1.693
1.709
1.728
1.744
1.754
1.771
1.788
1.804
1.821
1.846
1.862
1.878
1.897
1.92
1.946
1.97
1.996
2.021
2.04
2.075
2.094
2.095
2.096
2.078
2.069
2.052
2.053
2.035
2.029
2.064
2.089
2.158
2.185
2.228
2.26
2.297
2.338
2.38
2.412
2.458
2.501
2.558
2.592
2.662
2.71
2.77
2.83
2.899
2.949
3.038
3.091
3.174
3.247
3.346
3.413
3.541
3.619
3.759
3.86
3.981
4.66
4.88
4.896
4.874
4.875
4.899
5.148
5.338
5.326
5.282
5.271
5.231
5.221
5.179
5.172
5.13
5.122
5.089
5.08
5.057
5.088
5.141
5.18
5.24
5.282
5.334
5.378
5.445
5.492
8.191
8.191
8.183
8.183
8.183
8.183
8.183
8.183
8.183
8.183
8.183
8.183
8.183
8.183
8.183
8.183
8.187
8.187
8.183
8.183
8.183
8.183
8.183
8.183
8.183
8.183
8.183
8.183
8.05
7.847
7.519
7.338
7.068
6.904
6.645
6.506
6.273
6.158
5.958
5.839
5.603
5.596
5.607
5.639
5.546
5.455
5.309
5.226
5.132
5.195
8.183
8.183
8.183
3.765
3.664
3.639
3.599
3.586
3.573
3.56
3.565
3.561
3.563
3.577
3.594
3.605
3.553
3.509
3.456
3.414
3.366
3.335
3.284
3.26
3.211
3.179
3.134
3.109
3.073
3.039
3.004
2.976
2.942
2.914
2.88
2.855
2.812
2.784
2.762
2.734
2.699
2.661
2.635
2.598
2.571
2.545
2.511
2.482
2.458
2.432
2.397
2.373
2.349
2.335
2.32
2.297
7.58737 4.27683 1.21412
