1 361
2.312
2.277
2.243
2.207
2.18
2.153
2.116
2.089
2.069
2.046
2.027
1.995
1.982
1.953
1.899
1.878
1.86
1.835
1.813
1.795
1.769
1.77
1.776
1.752
1.729
1.699
1.675
1.662
1.65
1.643
1.638
1.616
1.613
1.597
1.592
1.563
1.572
1.547
1.548
1.525
1.526
1.511
1.504
1.491
1.499
1.516
1.526
1.453
1.384
1.366
1.367
1.35
1.35
1.332
1.325
1.316
1.316
1.307
1.299
1.289
1.281
1.282
1.274
1.265
1.266
1.248
1.249
1.24
1.239
1.229
1.23
1.222
1.221
1.212
1.237
1.251
1.279
1.304
1.338
1.364
1.399
1.424
1.467
1.493
1.532
1.574
1.623
1.658
1.709
1.751
1.819
1.846
1.109
1.066
1.095
1.102
1.101
1.104
1.123
1.128
2.208
5.245
5.239
5.231
5.221
5.206
5.205
5.197
5.198
5.186
5.182
5.174
5.178
5.15
5.21
5.295
5.292
5.287
5.287
5.291
5.283
5.282
5.267
5.263
5.264
5.275
5.289
5.289
5.294
5.292
5.294
5.292
5.295
5.293
5.211
5.148
5.184
5.18
5.197
5.197
5.208
5.204
5.221
5.221
5.24
5.238
5.254
5.254
5.272
5.274
5.297
5.297
5.316
5.327
5.341
5.349
5.367
5.369
5.391
5.4
5.427
5.427
5.451
5.46
5.494
5.496
5.528
5.537
5.564
5.572
5.606
5.616
2.413
2.385
2.329
2.303
2.288
2.269
2.21
2.145
2.141
2.131
2.114
2.104
2.096
2.087
2.08
2.07
2.062
2.053
2.045
2.033
2.026
2.018
2.008
2.01
2
1.991
1.992
1.975
1.974
1.966
1.958
1.95
1.95
1.95
1.94
1.932
1.933
2.088
2.742
2.75
2.792
2.801
2.834
2.85
2.894
2.902
2.946
2.954
2.999
3.009
3.06
3.08
3.123
3.141
3.192
3.208
3.258
3.274
3.329
3.347
3.413
3.426
3.494
3.51
3.59
3.607
3.682
3.707
3.783
3.801
3.888
2.981
4.012
4.038
4.14
4.165
2.885
2.855
1.208
1.18
1.15
1.141
1.132
1.132
1.123
1.123
1.123
1.114
1.106
1.106
1.097
1.088
1.088
1.089
1.081
1.08
1.073
1.071
1.072
1.064
1.064
1.056
1.055
1.056
1.055
1.046
1.047
1.046
1.038
1.038
1.029
1.029
1.03
1.03
1.03
1.031
1.029
1.023
1.023
1.023
1.023
1.024
1.026
1.018
1.018
1.019
1.022
1.015
1.018
1.02
1.015
1.018
1.022
1.024
1.015
1.016
1.014
1.013
1.021
1.019
1.021
1.018
1.015
1.022
1.02
1.018
1.026
1.024
1.023
1.024
1.023
1.022
1.022
1.03
1.029
1.029
1.03
1.03
1.037
1.037
1.037
1.038
1.045
1.045
1.045
1.045
1.054
1.054
1.062
1.054
1.062
1.062
1.071
1.071
1.08
1.08
1.08
1.088
1.088
1.097
1.105
1.106
1.114
1.114
1.123
1.123
1.123
1.132
1.141
3.21408 1.82413 0.548758
