1 361
5.448
5.386
5.33
5.286
5.24
5.166
5.038
4.977
4.942
4.907
4.882
4.846
4.834
4.892
5.192
5.166
5.158
5.023
4.902
4.866
4.853
4.692
4.625
4.593
4.576
4.566
4.545
4.683
4.918
5.083
5.229
4.901
4.402
4.108
4.09
4.073
4.056
4.039
4.021
4.003
3.996
3.977
3.958
3.95
3.932
3.925
3.906
3.89
3.886
3.874
3.867
3.849
3.849
3.832
3.825
3.816
3.806
3.798
3.789
3.782
3.772
3.765
3.757
3.748
3.748
3.739
3.743
3.729
3.721
3.717
3.716
3.708
3.707
3.698
3.697
3.699
3.699
3.7
3.69
3.692
3.691
3.692
3.684
3.686
3.685
3.68
3.689
3.689
3.688
3.689
3.687
3.691
3.69
3.695
3.69
3.696
3.697
3.705
3.705
3.704
3.71
3.71
3.721
3.727
3.727
3.727
3.735
3.745
3.743
3.759
3.759
3.9
4.948
4.959
4.975
4.984
4.992
5.008
5.018
5.034
5.042
5.06
5.068
5.084
5.101
5.118
5.133
5.149
5.167
5.183
5.199
5.215
5.24
5.257
5.282
5.3
5.325
5.344
5.37
5.385
5.41
5.436
5.462
5.487
5.513
5.538
5.564
5.599
5.616
5.652
5.679
5.706
5.742
5.777
5.802
5.846
5.871
5.913
5.947
5.988
6.022
6.071
6.104
6.145
6.188
6.171
6.106
6.033
5.973
5.91
5.852
5.792
5.749
2.967
2.955
2.928
2.905
2.877
2.86
2.836
2.81
2.794
2.768
2.753
2.736
2.711
2.693
2.676
2.658
2.64
2.623
2.606
2.589
2.572
2.564
2.54
2.523
2.516
2.499
2.482
2.474
2.457
2.45
2.432
2.425
2.408
2.398
2.382
2.382
2.365
2.357
2.348
2.339
2.322
2.314
2.306
2.297
2.29
2.289
2.281
2.272
2.263
2.254
2.246
2.237
2.228
2.228
2.218
2.218
2.21
2.201
2.192
2.192
2.183
2.183
2.174
2.174
2.165
2.165
2.156
2.156
2.146
2.147
2.147
2.146
2.138
2.138
2.129
2.425
2.742
2.762
2.822
2.87
2.914
3.064
3.37
3.368
3.345
3.352
3.439
3.424
3.937
3.928
3.747
3.834
3.885
3.878
3.85
3.192
3.178
3.186
3.172
3.183
3.175
3.177
3.259
3.856
3.74
3.32
3.258
3.22
3.194
3.25
3.524
3.394
3.277
3.195
3.195
3.2
3.205
3.214
3.221
3.247
3.761
3.64
3.522
3.411
3.305
3.213
3.144
3.154
3.163
3.171
3.171
3.189
3.198
3.205
3.215
3.232
3.24
3.261
3.581
3.537
3.498
3.448
3.406
3.374
3.334
3.301
3.328
7.912
7.947
7.983
8.016
8.058
8.093
8.136
8.183
8.183
8.183
8.183
8.183
8.183
4.938
4.876
4.812
4.798
4.723
4.677
4.66
4.644
4.635
4.619
4.595
4.588
4.57
4.55
4.544
4.538
4.52
4.513
5.306
5.339
5.39
5.434
5.475
5.525
5.578
5.623
5.674
5.729
12.3441 6.15076 0.966092
