1 361
7.014
7.028
7.04
7.066
7.066
7.08
7.091
7.116
7.119
7.142
7.147
7.239
7.162
6.943
6.938
6.97
6.996
6.98
6.963
5.969
5.893
5.688
5.619
5.43
5.375
5.212
5.153
4.985
4.94
4.809
4.756
4.633
4.588
4.456
4.433
4.305
4.255
4.23
4.229
4.27
4.276
4.203
4.168
4.069
4.046
3.961
3.933
3.854
3.83
3.759
3.732
3.403
3.389
3.367
3.34
3.284
3.268
3.216
3.2
3.142
3.133
3.072
3.073
3.02
3.011
2.961
2.951
2.907
2.898
2.854
2.847
2.806
2.799
2.757
2.748
2.716
2.715
2.673
2.672
2.638
2.629
2.597
2.596
2.567
2.557
2.531
2.522
2.49
2.491
2.467
2.459
2.433
2.427
2.41
2.41
2.384
2.376
2.351
2.352
2.337
2.335
2.311
2.31
2.285
2.285
2.268
2.268
2.252
2.245
2.235
2.235
2.217
2.217
2.199
2.199
2.166
2.156
2.14
2.139
2.185
2.193
2.278
2.287
2.263
2.272
2.257
2.256
2.239
2.238
2.231
2.23
2.223
2.223
2.213
2.214
2.206
2.205
2.196
2.197
2.189
2.188
2.188
2.189
2.178
2.181
2.171
2.18
2.172
2.171
2.163
2.172
2.163
2.173
2.164
2.175
2.158
2.16
2.163
2.159
2.162
2.158
2.161
2.163
2.16
2.161
2.158
2.165
2.161
2.176
2.005
2.013
2.012
2.022
2.029
2.042
2.041
2.041
2.041
2.049
2.049
2.058
2.058
2.058
2.059
2.067
2.076
2.077
2.077
2.084
2.093
2.103
2.103
2.111
2.112
2.113
2.12
2.129
2.138
2.138
2.147
2.156
2.156
2.165
2.174
2.184
2.192
2.2
2.209
2.208
2.218
2.226
2.235
2.252
2.253
2.261
2.279
2.287
2.304
2.304
2.32
2.329
2.337
2.354
2.362
2.378
2.395
2.404
2.413
2.428
2.445
2.463
2.475
2.484
2.509
2.522
2.542
2.556
2.571
2.59
2.612
2.63
2.646
2.664
2.682
2.706
2.724
2.748
2.773
2.788
2.815
2.839
2.873
2.891
2.924
2.942
2.962
2.974
3.02
3.268
3.306
3.33
3.37
3.402
3.45
3.476
3.519
3.552
3.609
3.634
3.698
3.735
3.808
3.821
3.785
3.777
3.75
3.747
3.856
3.894
3.968
4.007
4.08
4.123
4.202
4.251
4.345
4.393
4.503
4.555
4.662
4.72
4.838
4.902
5.03
5.11
5.256
5.329
5.493
5.565
6.184
6.243
6.474
6.527
6.489
6.491
6.714
6.838
6.93
6.908
6.841
6.824
6.762
6.744
6.684
6.668
6.61
6.637
6.699
6.723
6.791
6.827
6.884
6.924
6.989
8.183
8.183
8.183
8.191
8.183
8.183
8.191
8.183
8.187
8.187
8.187
8.183
8.183
8.183
8.183
8.183
8.183
8.183
8.183
8.183
8.183
8.183
8.183
8.183
8.183
8.183
8.183
8.183
8.187
8.183
8.028
7.326
6.977
4.708
4.669
4.726
4.686
6.52909 2.82004 0.403223
