1 361
2.234
2.261
2.248
2.219
2.211
2.183
2.175
2.155
2.138
2.122
2.11
2.092
2.084
2.065
2.056
2.037
2.028
2.011
2.002
1.994
1.984
1.967
1.958
1.941
1.932
1.915
1.915
1.898
1.898
1.881
1.874
1.864
1.857
1.848
1.838
1.831
1.822
1.814
1.814
1.798
1.798
1.616
1.616
1.601
1.601
1.592
1.598
1.599
1.599
1.599
1.599
1.583
1.582
1.574
1.573
1.566
1.565
1.558
1.559
1.549
1.55
1.549
1.542
1.542
1.542
1.534
1.534
1.525
1.525
1.525
1.525
1.517
1.525
1.511
1.518
1.51
1.518
1.51
1.511
1.502
1.504
1.506
1.51
1.5
1.506
1.506
1.506
1.499
1.499
1.49
1.49
1.49
1.499
1.503
1.505
1.507
1.51
1.505
1.509
1.504
1.511
1.511
1.51
1.51
1.519
1.509
1.525
1.517
1.525
1.525
1.526
1.525
1.535
1.534
1.534
1.534
1.542
1.542
1.55
1.551
1.56
1.559
1.56
1.567
1.567
1.576
1.585
1.584
1.592
1.592
1.601
1.602
1.617
1.609
1.617
1.626
1.634
1.642
1.651
1.651
1.659
1.668
1.676
1.676
1.684
1.694
1.701
1.709
1.727
1.727
1.735
1.744
1.762
1.761
1.778
1.778
1.795
1.804
1.822
1.822
1.839
1.848
1.864
1.873
1.89
1.898
1.916
1.917
1.94
1.949
1.966
1.984
1.999
2.009
2.032
2.007
2.039
2.049
2.091
2.293
2.318
2.334
2.359
2.375
2.408
2.426
2.459
2.475
2.499
2.523
2.558
2.582
2.607
2.641
2.669
2.693
2.725
2.767
2.801
2.844
2.855
2.828
2.82
2.794
2.788
2.77
2.814
2.881
2.927
2.97
3.014
3.058
3.111
3.153
3.21
3.252
3.318
3.373
3.43
3.499
3.568
3.627
3.703
3.773
3.854
3.929
4.014
4.114
4.203
4.301
4.413
4.532
4.624
5.023
5.358
5.539
5.581
5.564
5.554
5.674
5.889
6.028
5.995
5.962
5.927
5.896
5.871
5.835
5.801
5.776
5.75
5.713
5.744
5.788
5.838
5.872
5.932
5.974
6.029
6.072
6.118
8.183
8.183
8.187
8.187
8.187
8.191
8.183
8.183
8.183
8.183
8.183
8.183
8.183
8.183
8.183
8.183
8.183
8.183
8.183
8.183
8.183
8.187
8.183
8.183
8.183
8.183
8.183
8.183
8.183
8.183
7.891
7.571
7.243
6.942
6.673
6.43
6.175
6.04
6.058
6.073
5.97
5.778
5.594
4.084
4.021
3.981
3.95
3.937
3.93
3.93
3.917
3.931
3.946
3.898
3.819
3.739
3.671
3.594
3.533
3.464
3.41
3.344
3.293
3.231
3.182
3.126
3.078
3.027
2.983
2.934
2.897
2.853
2.811
2.76
2.727
2.682
2.639
2.593
2.553
2.51
2.465
2.415
2.374
2.338
2.303
2.266
2.23
2.204
2.169
2.14
2.114
2.089
2.074
2.05
2.024
2
1.985
1.961
1.953
1.928
7.20265 3.52722 1.03654
