1 361
8.183
8.183
8.183
8.187
8.183
8.183
8.183
8.183
8.183
8.183
8.183
8.183
8.183
8.183
8.183
8.043
7.948
7.521
7.44
7.079
7.029
6.875
6.879
6.805
6.745
6.085
5.953
5.763
5.736
5.521
5.494
5.29
5.257
5.065
5.033
4.862
4.837
4.687
4.663
4.517
4.498
4.36
4.343
4.216
4.207
4.086
4.075
4.116
4.127
4.142
4.116
4.008
3.998
3.902
3.892
3.805
3.797
3.71
3.705
3.618
3.61
3.288
3.28
3.246
3.237
3.177
3.169
3.108
3.109
3.049
3.04
2.988
2.98
2.935
2.926
2.883
2.874
2.825
2.824
2.775
2.786
2.743
2.742
2.703
2.701
2.657
2.66
2.615
2.615
2.58
2.582
2.55
2.55
2.517
2.517
2.483
2.485
2.454
2.452
2.428
2.428
2.403
2.394
2.369
2.367
2.352
2.344
2.328
2.328
2.303
2.302
2.286
2.286
2.26
2.26
2.244
2.253
2.226
2.226
2.208
2.208
2.199
2.199
2.173
2.174
2.164
2.165
2.155
2.155
2.138
2.139
2.129
2.128
2.1
2.098
2.088
2.089
2.17
2.178
2.226
2.225
2.215
2.215
2.206
2.215
2.198
2.208
2.19
2.199
2.189
2.19
2.18
2.182
2.174
2.182
2.174
2.174
2.165
2.175
2.166
2.165
2.162
2.171
2.164
2.164
2.165
2.165
2.166
2.165
2.16
2.169
2.166
2.177
2.177
2.176
2.174
2.183
2.182
2.182
2.182
2.191
2.19
2.19
2.191
2.2
2.198
2.206
2.049
2.048
2.058
2.056
2.073
2.085
2.086
2.095
2.095
2.104
2.104
2.112
2.113
2.123
2.121
2.129
2.139
2.147
2.148
2.156
2.156
2.166
2.175
2.184
2.194
2.202
1.897
1.852
1.578
1.579
1.575
1.575
1.564
1.573
1.557
1.564
1.557
1.556
1.546
1.557
1.54
1.548
1.54
1.547
1.539
1.539
1.53
1.539
1.53
1.539
1.529
1.53
1.521
1.531
1.52
1.529
1.519
1.528
1.521
1.52
1.521
1.52
1.522
1.53
1.52
1.53
1.521
1.529
1.519
1.528
1.522
1.531
1.528
1.539
1.55
2.997
3.049
3.067
3.097
3.099
3.161
3.302
3.462
3.487
3.539
3.565
3.622
3.637
3.712
3.729
3.806
3.824
3.914
3.934
3.945
3.945
3.911
3.9
3.958
4.004
4.096
4.129
4.224
4.253
4.366
4.403
4.509
4.552
4.681
4.714
4.854
4.897
5.049
5.09
5.266
5.321
5.496
5.553
7.263
7.33
7.592
7.669
7.96
7.957
7.912
7.911
7.874
7.873
7.831
7.834
7.993
8.183
8.183
8.183
8.183
8.183
8.183
8.183
8.183
8.183
8.183
8.183
8.183
8.183
8.183
8.183
8.183
8.183
8.183
8.183
8.183
8.183
8.183
8.183
8.183
8.183
8.183
8.183
8.183
8.183
8.183
8.183
8.183
8.183
8.183
8.183
8.183
8.183
8.183
8.183
8.183
8.183
8.183
8.183
4.30381 9.10849 1.07854
