1 361
1.489
1.506
1.502
1.512
1.509
1.524
1.515
1.531
1.529
1.545
1.542
1.549
1.555
1.565
1.57
1.586
1.593
1.6
1.611
1.626
1.639
1.65
1.65
1.662
1.675
1.7
1.713
1.73
1.751
1.77
1.781
1.796
1.816
1.834
1.845
1.862
1.871
1.889
1.899
1.924
1.928
1.949
1.958
1.985
1.992
2.009
2.019
2.043
2.043
2.068
2.079
2.106
2.114
2.141
2.151
2.176
2.186
2.221
2.229
2.256
2.272
2.297
2.306
2.35
2.357
2.397
2.413
2.447
2.463
2.505
2.519
2.568
2.577
2.619
2.637
2.689
2.706
2.756
2.782
2.834
2.857
2.919
2.935
2.999
3.024
3.095
3.12
3.181
3.215
3.289
3.322
3.354
3.369
4.873
4.872
4.855
4.856
4.839
4.837
4.821
4.822
4.805
4.813
4.871
4.828
4.788
4.778
4.762
4.793
5.007
5.106
5.31
5.407
5.63
5.748
5.992
6.147
6.428
6.587
6.931
7.114
7.498
7.721
8.183
8.183
8.183
8.183
8.183
8.183
8.183
8.183
8.183
8.183
8.183
8.183
8.183
8.183
8.183
8.183
8.183
8.183
8.183
8.183
8.183
8.183
8.183
8.183
8.183
8.183
8.183
8.183
8.183
8.183
8.183
8.183
8.183
8.183
8.183
8.183
8.183
8.183
8.183
8.183
8.183
8.183
8.116
7.83
7.57
7.589
7.036
6.608
6.29
6.129
5.872
5.734
5.503
5.377
5.162
5.071
4.887
4.742
4.719
4.734
4.75
4.752
4.588
4.521
4.391
4.328
3.797
3.794
3.685
3.653
3.553
3.51
3.422
3.379
3.298
3.268
3.181
3.156
3.079
3.043
2.98
2.954
2.893
2.867
2.8
2.784
2.727
2.708
2.655
2.637
2.587
2.571
2.522
2.506
2.456
2.439
2.409
2.39
2.349
2.333
2.299
2.291
2.249
2.24
2.206
2.198
2.163
2.154
2.099
2.091
2.065
2.073
2.09
2.108
2.125
2.143
2.163
2.165
2.135
2.126
2.099
2.09
2.074
2.065
2.047
2.037
2.012
2.012
1.986
1.986
1.961
1.961
1.935
1.927
1.909
1.909
1.892
1.892
1.876
1.867
1.858
1.849
1.833
1.833
1.816
1.816
1.798
1.797
1.782
1.782
1.774
1.765
1.756
1.756
1.737
1.738
1.73
1.73
1.721
1.569
1.536
1.537
1.528
1.529
1.523
1.54
1.53
1.53
1.522
1.522
1.513
1.514
1.505
1.514
1.505
1.506
1.497
1.49
1.483
1.487
1.487
1.487
1.479
1.48
1.471
1.471
1.471
1.471
1.463
1.463
1.463
1.463
1.455
1.459
1.454
1.462
1.453
1.459
1.452
1.46
1.445
1.445
1.436
1.436
1.436
1.445
1.453
1.459
1.452
1.459
1.453
1.456
1.456
1.464
1.455
1.463
1.463
1.471
1.463
1.471
1.472
1.48
1.48
1.48
1.48
1.489
1.488
1.489
1.488
1.498
1.498
1.506
1.506
1.515
1.515
1.515
1.515
1.523
6.54207 13.0692 0.280701
