1 361
5.378
5.42
5.436
5.488
5.495
5.557
5.565
5.616
5.642
5.696
5.714
5.766
5.792
5.852
5.877
5.938
5.962
6.028
6.052
6.126
6.152
6.22
6.257
6.332
6.358
6.443
6.477
6.557
6.584
6.672
6.701
6.675
6.639
6.568
6.541
5.58
5.575
5.537
5.545
5.4
5.409
5.372
5.395
5.161
5.182
5.193
5.222
5.161
5.158
5.32
5.172
5.129
5.118
5.102
5.128
5.283
5.282
5.282
5.271
5.119
5.218
5.083
5.003
4.957
4.947
4.93
4.912
4.937
4.978
5.018
4.761
4.73
4.324
4.12
4.111
4.087
4.086
4.069
4.06
4.044
4.036
4.02
4.021
4.004
3.994
3.985
3.977
3.958
3.96
3.945
3.944
3.936
3.926
3.917
3.918
3.909
3.909
3.9
3.891
3.892
3.891
3.882
3.883
3.874
3.874
3.865
3.866
3.865
3.866
3.866
3.865
3.857
3.858
3.858
3.857
3.856
3.865
3.865
3.865
3.873
3.872
3.88
3.878
3.881
3.881
3.886
3.894
3.891
3.897
3.901
3.901
3.91
3.915
3.915
3.928
3.938
3.937
3.947
3.954
3.955
3.965
3.971
3.981
3.988
3.998
4
4.01
4.013
4.032
5.251
5.26
5.276
5.286
5.311
5.319
5.344
5.354
5.379
5.388
5.413
5.429
5.455
5.473
5.498
5.515
5.549
5.566
5.592
5.611
5.646
5.663
5.691
5.709
5.742
5.761
5.804
5.822
5.855
5.881
5.923
5.948
5.988
6.014
6.065
6.09
6.138
6.165
6.216
6.243
6.293
6.32
6.38
6.412
6.473
6.499
6.561
6.588
6.497
6.46
6.361
6.333
6.249
6.215
6.136
6.111
6.028
6.003
3.359
3.349
3.31
3.304
3.261
3.245
3.212
3.202
3.169
3.16
3.127
3.117
3.091
3.084
3.047
3.049
3.013
3.014
2.978
2.97
2.951
2.943
2.917
2.907
2.891
2.881
2.857
2.856
2.832
2.831
2.807
2.806
2.781
2.781
2.763
2.756
2.739
2.739
2.722
2.722
2.704
2.704
2.686
2.686
2.66
2.668
2.652
2.643
2.633
2.634
2.617
2.617
2.608
2.608
2.591
2.59
2.582
2.582
2.574
2.573
2.566
2.566
2.55
2.55
3.314
3.325
3.324
3.372
3.746
3.781
3.79
3.787
3.789
3.796
3.789
3.954
4.33
4.355
4.339
4.338
4.247
4.339
4.332
3.618
3.569
3.572
3.562
3.557
3.53
3.578
4.141
4.262
4.274
3.886
3.647
3.631
4.045
3.958
3.7
3.563
3.552
3.559
3.563
3.569
3.582
3.664
4.174
4.037
3.807
3.697
3.489
3.484
3.493
3.502
3.51
3.51
3.519
3.528
3.536
3.545
3.554
3.564
3.918
3.88
3.802
3.757
3.69
3.649
3.575
3.6
8.007
8.025
8.061
8.084
8.117
8.14
8.183
8.183
8.183
8.183
8.183
8.183
8.183
8.183
8.183
8.183
5.16
5.112
5.053
5.028
4.904
4.887
4.862
4.846
12.0729 5.82484 0.736887
