1 361
5.08
5.197
5.204
5.339
5.366
5.494
5.522
5.669
5.698
5.845
5.888
6.043
6.091
6.249
6.298
6.484
6.54
6.68
6.963
7.371
7.424
7.599
7.585
4.316
4.306
4.274
4.265
4.233
4.224
4.199
4.182
4.168
4.157
4.142
4.134
4.109
4.098
4.075
4.065
4.049
4.039
4.022
4.014
3.996
3.997
3.97
3.97
3.953
3.945
3.927
3.927
3.911
3.911
3.892
3.892
3.876
3.877
3.867
3.867
3.85
3.85
3.841
3.842
3.832
3.832
3.823
3.823
3.805
3.815
3.806
3.806
3.797
3.805
3.654
3.617
2.969
2.882
2.332
2.264
2.019
1.997
1.766
1.752
1.579
1.576
1.431
1.433
1.295
1.298
1.202
1.2
1.108
1.12
1.045
1.045
0.972
0.981
0.916
0.918
0.867
0.879
0.821
0.831
0.783
0.782
0.752
0.753
0.704
0.712
0.676
0.682
0.639
0.649
0.616
0.624
0.592
0.601
0.576
0.578
0.551
0.561
0.481
0.496
0.462
0.473
0.452
0.467
0.435
0.444
0.428
0.436
0.428
0.42
0.428
0.437
0.436
0.437
0.445
0.446
0.447
0.446
0.456
0.455
0.464
0.463
0.465
0.464
0.473
0.474
0.474
0.483
0.484
0.491
0.491
0.492
0.527
0.525
0.541
0.535
0.598
0.606
0.578
0.589
0.583
0.592
0.618
0.626
0.627
0.634
2.45
2.448
2.413
2.413
2.393
2.414
2.475
2.513
2.562
2.578
2.623
2.639
2.699
2.715
2.777
2.794
2.852
2.878
2.941
2.949
8.183
8.183
8.183
8.183
8.183
8.183
8.183
8.183
8.183
8.183
8.183
8.183
8.183
8.183
5.383
5.383
5.351
5.356
5.543
5.619
5.828
5.899
6.147
6.241
6.517
6.621
6.943
7.058
7.403
7.526
7.905
7.911
7.887
7.885
7.856
7.85
7.825
7.824
7.802
7.807
7.789
7.788
7.757
7.76
7.74
7.743
7.724
7.735
7.718
7.718
7.71
7.719
7.711
7.71
7.698
7.71
7.705
7.705
7.698
7.708
7.702
7.708
7.42
6.76
5.49
5.155
4.768
4.767
4.769
4.777
4.776
4.787
4.784
4.796
4.795
4.806
4.805
4.82
4.822
4.831
4.838
4.857
4.858
4.864
4.869
4.882
4.889
4.905
4.906
4.925
4.93
4.948
4.95
4.977
4.852
4.798
4.623
4.565
4.406
4.353
4.205
4.156
4.029
3.979
3.859
3.819
3.705
3.674
3.571
3.531
3.447
3.416
3.327
3.292
3.219
3.185
3.118
3.092
3.03
2.997
2.933
2.916
2.856
2.83
2.78
2.756
2.705
2.687
2.638
2.618
2.575
2.558
2.509
2.502
2.453
2.445
2.405
2.389
2.354
2.338
2.305
2.289
2.263
2.245
2.219
2.203
2.186
2.167
1.912
1.903
1.874
1.868
1.855
1.854
1.829
1.818
1.834
1.875
1.983
1.973
1.948
1.947
1.925
1.917
1.9
1.891
1.876
1.87
1.861
1.854
1.839
1.83
-1.64198 13.2224 3.79517
