1 361
1.604
1.595
1.596
1.585
1.475
1.467
1.467
1.458
1.458
1.45
1.449
1.418
1.318
1.309
1.309
1.302
1.309
1.301
1.308
1.32
1.325
1.317
1.318
1.32
1.322
1.315
1.32
1.312
1.318
1.312
1.319
1.315
1.309
1.309
1.314
1.309
1.309
1.309
1.318
1.309
1.321
1.316
1.318
1.314
1.319
1.315
1.319
1.318
1.325
1.325
1.324
1.324
1.332
1.325
1.333
1.334
1.334
1.333
1.341
1.341
1.35
1.342
1.349
1.35
1.35
1.349
1.358
1.361
1.366
4.203
4.221
4.231
4.246
4.254
4.271
4.279
4.296
4.31
4.329
4.336
4.363
4.361
4.388
4.397
4.424
4.43
4.459
4.475
4.498
4.517
4.542
4.549
4.585
4.592
4.625
4.644
4.678
4.697
4.722
4.739
4.775
4.792
4.833
4.843
4.885
4.899
4.946
4.961
5.009
5.026
5.078
5.093
5.142
5.158
5.164
5.233
5.23
5.19
5.371
5.391
5.452
5.478
5.548
5.57
5.632
5.659
5.729
5.755
5.83
5.866
5.94
5.966
6.056
6.092
6.177
6.22
6.313
6.358
6.452
6.496
6.591
6.634
6.737
6.78
6.898
6.948
7.074
7.131
7.255
7.313
3.363
3.346
3.322
3.315
3.311
3.346
3.421
3.444
3.531
3.566
3.644
3.676
3.768
3.802
3.899
3.933
4.037
4.085
4.196
4.246
4.375
4.424
4.54
4.607
4.75
4.818
4.98
5.056
5.24
5.318
5.49
5.488
5.519
5.479
5.485
5.449
5.447
5.421
5.424
5.387
5.396
5.369
5.378
5.353
5.363
5.338
5.337
5.319
5.332
5.303
5.314
5.287
5.289
5.27
5.281
5.26
5.272
5.254
5.263
5.244
5.26
5.243
5.254
5.234
5.255
5.242
5.254
5.233
5.245
5.236
5.259
5.224
5.252
5.233
5.255
5.244
5.246
5.174
4.594
4.389
3.981
3.833
3.518
3.384
3.13
3.032
2.828
2.743
2.599
2.597
2.614
2.614
2.622
2.622
2.631
2.631
2.639
2.645
2.652
2.656
2.672
2.664
2.681
2.68
2.698
2.698
2.715
2.715
2.732
2.732
2.749
2.748
2.766
2.773
2.782
2.782
2.815
2.808
2.831
2.831
2.858
2.856
2.874
2.884
2.9
2.908
2.926
2.933
2.962
2.97
2.989
2.996
3.017
3.034
3.028
3.004
2.95
2.924
2.88
2.863
2.814
2.788
2.748
2.728
2.685
2.669
2.627
2.617
2.575
2.559
2.527
2.51
2.476
2.47
2.428
2.421
2.387
2.381
2.346
2.339
2.306
2.298
2.279
2.272
2.247
2.238
2.212
2.202
2.178
2.17
2.142
2.143
2.116
2.107
2.089
2.09
2.063
2.055
2.038
2.037
2.021
2.011
1.995
1.984
1.969
1.968
1.952
1.944
1.926
1.927
1.911
1.911
1.893
1.894
1.877
1.876
1.86
1.86
1.851
1.846
1.837
1.837
1.82
1.819
1.81
1.81
1.794
1.795
1.787
1.788
1.779
-2.83752 11.1685 3.97364
