1 361
0.897
0.86
0.853
0.827
0.818
0.785
0.785
0.694
0.697
0.672
0.667
0.649
0.648
0.642
0.643
0.642
0.65
0.65
0.649
0.649
0.658
0.665
0.666
0.674
0.673
0.68
0.682
0.689
0.69
0.699
0.707
0.706
0.714
0.707
0.718
0.757
0.756
0.771
0.767
3.159
3.204
0.795
0.81
0.789
0.807
0.817
0.822
0.81
0.812
0.803
0.815
0.825
0.845
0.879
0.899
0.957
0.992
1.053
1.096
1.181
1.238
1.529
2.615
2.628
2.281
2.26
2.259
2.28
2.301
2.305
2.328
2.35
2.376
2.391
2.455
2.491
2.938
3.137
3.183
3.224
3.291
3.324
3.41
3.428
3.48
3.537
3.642
3.749
3.771
3.763
3.371
3.33
3.347
3.379
3.427
3.462
8.187
5.187
5.185
5.215
6.064
6.079
6.061
6.028
6.02
5.995
2.058
2.082
2.14
2.194
2.259
2.306
2.385
2.441
2.542
2.607
2.721
2.805
2.944
3.05
3.212
3.337
3.571
3.735
4.024
4.222
4.593
4.863
5.411
5.761
6.458
6.969
7.84
8.183
8.183
8.183
8.183
8.183
8.183
8.183
8.183
8.183
8.183
8.183
8.183
8.183
8.183
8.183
8.183
8.183
8.183
8.183
8.183
8.183
8.183
8.183
8.183
8.183
8.183
8.183
8.183
8.183
8.183
8.183
8.183
8.183
8.183
8.183
8.183
8.183
8.183
8.183
8.183
8.183
8.183
8.183
8.183
8.183
8.183
8.183
8.183
8.183
8.183
8.183
8.183
8.183
8.183
8.183
8.183
8.183
8.183
8.183
1.548
1.529
1.513
1.498
1.48
1.462
1.447
1.439
1.414
1.405
1.387
1.38
1.363
1.354
1.337
1.328
1.319
1.3
1.293
1.284
1.275
1.258
1.249
1.241
1.231
1.222
1.214
1.204
1.205
1.188
1.178
1.177
1.17
1.152
1.15
1.145
1.135
1.135
1.127
1.118
1.108
1.108
1.1
1.092
1.091
1.083
1.074
1.065
1.065
1.056
1.057
1.049
1.048
1.039
1.04
1.03
1.031
1.024
1.015
1.015
1.017
1.007
1.008
0.999
0.999
1
1.029
1.02
1.033
1.022
1.094
1.089
1.073
1.06
1.02
1.012
0.993
0.993
0.979
0.97
0.97
0.96
0.97
0.961
0.953
0.953
0.953
0.953
0.945
0.945
0.936
0.945
0.937
0.937
0.948
0.946
1.026
1.017
1.105
1.102
1.189
1.181
1.274
1.282
1.373
1.385
1.489
1.505
1.63
1.657
1.793
1.841
2.013
2.063
2.288
2.338
2.606
2.741
3.13
3.233
3.796
4.051
5.088
5.375
6.906
6.99
7.038
7.017
7.008
7.007
7.006
7.004
7.01
7.008
7.02
7.019
7.025
7.021
7.034
7.034
7.037
7.044
7.052
7.059
7.075
7.076
7.089
7.172
7.09
7.095
7.265
7.149
7.151
7.157
7.176
7.182
7.208
7.217
7.242
7.248
7.271
7.286
7.314
7.32
7.344
7.367
7.384
7.402
7.432
10.8647 12.2402 4.89536
