1 361
5.552
5.516
5.459
5.41
5.339
5.297
5.247
5.255
5.039
4.983
4.949
4.916
4.888
4.863
4.833
4.852
5.201
5.168
5.158
5.193
4.935
4.885
4.867
4.808
4.72
4.664
4.646
4.641
4.619
4.686
4.828
5.034
5.164
5.221
4.752
4.128
4.102
4.084
4.066
4.05
4.033
4.023
4.007
3.988
3.981
3.964
3.954
3.936
3.928
3.91
3.902
3.896
3.879
3.871
3.852
3.845
3.835
3.827
3.819
3.811
3.802
3.802
3.793
3.786
3.777
3.768
3.76
3.759
3.757
3.749
3.742
3.735
3.733
3.725
3.726
3.72
3.718
3.719
3.712
3.712
3.712
3.713
3.704
3.718
3.708
3.708
3.702
3.709
3.709
3.708
3.706
3.712
3.713
3.71
3.713
3.712
3.719
3.723
3.725
3.732
3.731
3.74
3.731
3.741
3.747
3.749
3.754
3.763
3.763
3.771
3.779
3.786
3.787
3.825
4.987
4.997
5.003
5.014
5.028
5.045
5.055
5.061
5.079
5.095
5.104
5.12
5.134
5.153
5.169
5.185
5.201
5.217
5.243
5.26
5.277
5.303
5.32
5.345
5.355
5.388
5.406
5.431
5.447
5.473
5.498
5.522
5.556
5.576
5.61
5.636
5.663
5.699
5.726
5.761
5.788
5.822
5.856
5.89
5.923
5.965
5.998
6.04
6.082
6.123
6.156
6.2
6.244
6.185
6.115
6.049
5.984
5.928
5.87
5.809
5.758
3.016
2.994
2.967
2.941
2.915
2.9
2.873
2.847
2.823
2.807
2.789
2.765
2.747
2.73
2.714
2.687
2.679
2.661
2.643
2.627
2.609
2.592
2.575
2.559
2.551
2.535
2.518
2.502
2.493
2.485
2.469
2.461
2.443
2.436
2.427
2.411
2.402
2.394
2.385
2.376
2.36
2.35
2.342
2.334
2.325
2.317
2.308
2.3
2.292
2.292
2.283
2.275
2.265
2.256
2.256
2.249
2.24
2.239
2.231
2.23
2.221
2.221
2.212
2.213
2.203
2.204
2.194
2.194
2.185
2.185
2.185
2.176
2.177
2.178
2.841
2.862
2.885
2.955
2.995
3.096
3.418
3.424
3.438
3.421
3.468
3.554
3.817
3.975
3.984
3.761
3.956
3.975
3.966
3.467
3.221
3.223
3.217
3.217
3.223
3.166
3.232
3.746
3.922
3.912
3.434
3.302
3.257
3.262
3.666
3.505
3.38
3.235
3.225
3.23
3.236
3.244
3.257
3.262
3.85
3.727
3.602
3.486
3.37
3.264
3.183
3.183
3.192
3.201
3.209
3.209
3.226
3.234
3.244
3.251
3.26
3.277
3.617
3.579
3.533
3.49
3.447
3.407
3.368
3.321
3.343
7.911
7.935
7.982
8.006
8.051
8.086
8.118
8.161
8.183
8.183
8.183
8.183
8.183
8.183
4.929
4.87
4.842
4.814
4.706
4.687
4.672
4.651
4.637
4.619
4.603
4.598
4.581
4.563
4.555
4.547
4.533
4.706
5.343
5.376
5.418
5.469
5.512
5.563
5.607
5.66
5.704
12.295 6.08102 0.938053
