1 361
1.161
1.162
1.163
1.157
1.158
1.159
1.161
1.154
1.158
1.16
1.155
1.155
1.156
1.156
1.156
1.154
1.161
1.157
1.164
1.159
1.157
1.153
1.161
1.16
1.159
1.159
1.168
1.158
1.167
1.167
1.167
1.175
1.175
1.175
1.175
1.175
1.185
1.185
1.185
1.184
1.193
1.194
1.194
1.202
1.201
1.201
1.211
1.211
1.22
1.22
1.22
1.228
1.228
1.228
1.237
1.256
1.256
1.265
1.265
1.273
1.273
1.273
1.283
1.29
1.299
1.299
1.309
1.309
1.316
1.325
1.325
1.334
1.343
1.344
1.361
1.361
1.37
1.378
1.386
1.395
1.395
1.404
1.421
1.421
1.43
1.438
1.447
1.455
1.472
1.48
1.497
1.497
1.514
1.523
1.531
1.547
1.556
1.564
1.581
1.589
1.606
1.614
1.638
1.647
1.663
1.68
1.687
1.703
1.722
1.739
1.755
1.774
1.79
1.807
1.831
1.843
1.865
1.883
1.908
1.925
1.959
1.975
2.001
2.017
2.053
2.07
2.104
2.123
2.157
2.183
2.229
2.243
2.286
2.311
2.354
2.385
2.427
2.459
2.517
2.552
2.603
2.638
2.689
2.731
2.79
2.833
2.902
2.943
3.013
3.066
3.145
3.205
3.279
3.344
3.44
3.508
3.708
5.035
5.026
5.008
5.003
4.983
4.976
4.959
4.949
4.931
4.925
4.916
4.908
4.9
4.891
4.883
4.874
4.865
4.865
4.847
4.847
4.836
4.839
4.823
4.821
4.423
4.47
4.491
4.613
3.806
3.772
3.764
3.766
3.757
3.757
3.758
3.758
3.751
3.758
3.751
3.767
3.758
3.766
3.755
3.774
3.762
3.772
3.77
3.778
3.778
3.785
3.787
3.793
3.794
3.803
3.802
3.81
3.812
3.826
3.819
3.835
3.835
3.844
3.852
3.861
3.861
3.879
3.888
3.898
3.896
3.915
3.923
3.939
3.94
3.956
3.966
3.984
3.982
4.009
4.008
4.035
4.042
4.176
5.175
5.206
5.215
5.249
5.256
5.282
5.299
5.327
5.342
5.377
5.385
5.418
5.436
5.47
5.487
5.529
5.545
5.59
5.607
5.643
5.668
5.705
5.73
5.774
5.8
5.835
5.861
5.911
5.936
5.985
6.02
6.077
6.102
6.162
6.194
6.248
6.284
6.34
6.375
6.443
6.478
6.549
6.583
6.655
6.689
6.767
6.817
6.892
6.939
7.015
7.064
7.161
7.199
7.291
7.354
7.439
7.51
7.603
7.666
7.761
7.827
7.949
7.947
7.89
7.849
7.792
7.751
7.692
6.954
6.828
6.788
6.728
6.694
6.781
6.877
6.819
6.67
6.543
6.505
6.669
6.495
6.467
6.455
6.537
6.652
6.886
6.517
6.416
6.366
6.318
6.264
6.203
6.167
6.386
6.493
6.749
6.139
6.116
5.683
5.513
5.504
5.48
5.463
5.453
5.436
5.428
5.412
5.394
5.395
5.379
5.371
5.354
5.346
5.338
5.328
5.321
5.312
5.305
5.296
5.287
5.288
5.278
11.2742 7.12767 4.48947
