1 361
4.87
4.913
4.929
4.963
4.98
5.021
5.046
5.081
5.097
5.146
4.18
4.102
4.083
4.032
4.025
3.892
3.911
3.853
3.833
3.744
3.723
3.675
3.647
3.496
3.457
3.399
3.366
3.327
3.312
3.274
3.254
3.229
3.22
3.199
3.23
3.589
3.574
3.544
3.531
3.546
3.361
3.259
3.244
3.211
3.196
2.976
2.958
2.911
2.902
2.87
2.869
2.836
2.851
2.825
2.856
3.001
3.146
3.352
3.393
3.492
3.649
3.18
3.108
2.492
2.47
2.454
2.446
2.43
2.429
2.414
2.414
2.397
2.397
2.38
2.381
2.364
2.355
2.348
2.348
2.331
2.33
2.313
2.313
2.306
2.306
2.297
2.298
2.281
2.281
2.272
2.272
2.259
2.259
2.251
2.251
2.242
2.241
2.242
2.241
2.233
2.233
2.224
2.225
2.215
2.214
2.216
2.216
2.216
2.216
2.207
2.217
2.208
2.207
2.208
2.207
2.209
2.208
2.208
2.208
2.208
2.217
2.21
2.224
2.219
2.219
2.218
2.227
2.227
2.228
2.231
2.231
2.23
2.239
2.237
2.247
2.247
2.254
2.254
2.254
2.262
2.272
2.271
2.279
2.287
2.288
2.298
2.303
2.306
2.312
2.317
2.323
2.323
2.334
2.341
2.348
2.356
2.364
2.373
2.379
2.39
2.399
2.406
2.411
2.422
2.427
2.434
2.447
2.462
2.478
2.484
2.492
2.508
2.515
2.522
2.539
2.55
2.562
2.569
2.585
2.595
2.61
2.62
2.636
2.653
2.661
2.679
2.695
2.825
4.147
4.173
4.196
4.223
4.254
4.288
4.311
4.345
4.379
4.403
4.439
4.471
4.507
4.55
4.575
4.617
4.659
4.692
4.728
4.782
4.816
4.861
4.903
4.946
4.989
5.046
5.088
5.136
5.194
5.244
5.296
5.357
5.408
5.476
5.534
5.605
5.667
5.736
5.728
5.672
5.647
5.602
5.576
5.538
5.522
5.481
5.455
5.412
5.403
5.363
5.345
5.32
5.302
5.267
5.25
5.221
5.21
5.176
5.161
5.128
5.121
5.095
5.08
5.052
5.045
5.021
5.016
4.992
5.009
4.981
4.975
4.956
4.949
4.932
4.922
4.904
4.895
4.879
4.87
4.854
4.854
2.899
2.883
2.874
2.875
2.867
2.867
2.858
2.849
2.849
2.849
2.842
2.842
2.833
2.833
2.825
2.825
2.819
2.82
2.814
2.816
2.819
2.821
2.816
2.818
2.819
2.819
2.816
2.823
2.82
2.816
2.814
2.82
2.827
2.826
2.825
2.834
2.833
2.842
2.842
2.849
2.842
2.85
2.858
2.858
2.867
2.875
2.874
2.884
2.884
2.893
2.901
2.9
2.91
2.919
2.919
2.927
2.937
2.945
2.955
2.963
2.971
2.982
2.99
2.997
3.007
3.016
3.024
3.034
3.042
3.06
3.088
4.232
4.249
4.266
4.249
4.312
4.291
4.31
4.329
4.36
4.475
4.418
4.393
4.405
4.43
4.452
4.643
4.598
4.564
4.539
4.491
4.451
0.83465 -0.986149 -1.04099
