1 361
2.122
2.113
2.104
2.093
2.084
2.084
2.075
2.065
2.056
2.047
2.047
2.036
2.028
2.018
2.019
1.842
1.836
1.828
1.818
1.814
1.814
1.238
1.208
1.179
1.17
1.153
1.153
1.126
1.129
1.103
1.096
1.07
1.071
1.055
1.045
1.029
1.02
1.014
1.006
0.987
0.989
0.972
0.963
0.956
0.956
0.938
0.939
0.922
0.922
0.905
0.904
0.895
0.896
0.879
0.88
0.862
0.862
0.853
0.853
0.836
0.845
0.828
0.828
0.818
0.818
0.802
0.809
0.794
0.802
0.786
0.785
0.779
0.778
0.95
0.915
1.763
1.764
1.772
1.772
1.781
1.781
1.781
1.784
1.789
1.789
1.797
1.797
1.806
1.805
1.814
1.823
1.823
1.831
1.832
1.842
1.849
1.849
1.857
1.866
1.873
1.874
1.883
1.883
1.9
1.9
1.911
1.916
1.925
1.934
1.942
1.951
1.959
1.977
1.985
1.994
2.003
2.012
2.02
2.028
2.046
2.054
2.064
2.073
2.09
2.1
2.109
2.126
2.144
2.152
2.169
2.179
2.201
2.199
2.198
2.215
2.278
2.446
2.47
2.486
2.511
2.528
2.552
2.561
2.595
2.612
2.638
2.647
2.682
2.698
2.731
2.75
2.775
2.792
2.832
2.858
2.901
2.917
2.962
2.982
2.968
2.957
2.924
2.914
2.899
2.925
2.996
3.013
3.075
3.092
3.153
3.177
3.238
3.262
3.319
3.351
3.417
3.449
3.527
3.563
3.629
3.672
3.757
3.8
3.888
3.932
4.027
4.075
4.171
4.227
4.341
4.4
4.52
4.649
6.127
6.225
6.409
6.512
6.715
6.822
6.899
6.889
6.856
6.857
6.821
6.821
6.798
6.79
6.818
7.039
7.385
7.462
7.884
8.183
8.183
8.183
8.183
8.183
8.183
8.183
8.183
8.183
8.183
8.183
8.183
8.183
8.183
8.191
8.187
8.183
8.187
8.183
8.183
8.183
8.183
8.183
8.183
8.183
8.183
8.183
8.183
8.183
8.183
8.183
8.183
8.183
8.183
8.183
8.183
8.183
8.183
8.183
8.183
8.183
8.183
8.183
7.77
7.497
7.015
6.813
6.354
6.372
6.396
6.491
6.454
6.589
6.59
7.679
4.584
4.545
4.396
4.319
4.154
4.079
3.951
3.874
3.737
3.686
3.567
3.511
3.4
3.354
3.264
3.221
3.13
3.092
3.002
2.972
2.897
2.861
2.785
2.754
2.696
2.669
2.609
2.576
2.525
2.501
2.451
2.427
2.379
2.362
2.311
2.296
2.253
2.23
2.192
2.174
2.141
2.123
2.087
2.082
2.045
2.027
1.992
1.985
1.951
1.942
1.91
1.899
1.875
1.867
1.841
1.824
1.808
1.799
1.773
1.76
1.741
1.732
1.714
1.706
1.681
1.674
1.656
1.647
1.631
1.624
1.609
1.602
1.584
1.584
1.569
1.552
1.546
1.537
1.529
1.522
1.505
1.506
1.489
1.49
1.472
1.473
1.456
1.456
1.438
1.438
1.43
1.421
1.413
1.414
4.24153 10.0244 2.08882
