1 361
4.997
4.937
4.876
4.831
4.794
4.759
4.738
4.755
4.746
4.712
4.68
4.641
4.603
4.496
4.43
4.387
4.355
4.324
4.29
4.275
4.262
4.366
4.317
4.29
3.914
3.878
3.859
3.833
3.815
3.79
3.771
3.745
3.729
3.702
3.687
3.66
3.653
3.625
3.61
3.59
3.578
3.561
3.551
3.526
3.516
3.5
3.482
3.465
3.46
3.444
3.436
3.419
3.412
3.395
3.386
3.37
3.362
3.346
3.34
3.335
3.327
3.318
3.314
3.3
3.292
3.283
3.278
3.275
3.268
3.256
3.257
3.247
3.243
3.234
3.232
3.218
3.224
3.214
3.219
3.212
3.203
3.203
3.204
3.195
3.2
3.186
3.194
3.185
3.193
3.182
3.186
3.181
3.183
3.175
3.174
3.175
3.183
3.176
3.175
3.173
3.174
3.174
3.182
3.174
3.183
3.181
3.191
3.18
3.189
3.248
4.354
4.354
4.371
4.364
4.38
4.38
4.388
4.388
4.406
4.406
4.422
4.421
4.438
4.437
4.456
4.463
4.472
4.481
4.501
4.5
4.524
4.525
4.541
4.549
4.567
4.576
4.599
4.599
4.634
4.634
4.668
4.668
4.703
4.701
4.729
4.737
4.773
4.782
4.808
4.818
4.852
4.861
4.894
4.904
4.937
4.947
4.99
4.997
5.042
5.048
5.088
5.105
5.147
5.154
5.205
5.222
5.272
5.28
5.333
5.35
5.401
5.416
5.469
5.485
5.514
5.456
5.39
5.347
5.275
5.233
5.175
5.126
5.077
5.034
2.309
2.286
2.268
2.251
2.234
2.216
2.198
2.181
2.163
2.145
2.136
2.118
2.109
2.092
2.073
2.065
2.048
2.03
2.021
2.012
1.995
1.986
1.978
1.96
1.952
1.936
1.936
1.918
1.91
1.901
1.891
1.884
1.875
1.866
1.859
1.85
1.841
1.832
1.823
1.814
1.806
1.798
1.798
1.789
1.79
1.772
1.772
1.755
1.764
1.746
1.754
1.736
1.746
1.728
1.728
1.719
1.72
1.711
1.71
1.703
1.702
1.702
1.694
1.685
1.694
1.685
1.686
1.677
1.677
1.669
1.677
1.669
1.669
1.661
1.661
1.663
1.663
1.655
1.656
1.657
1.66
1.652
1.655
1.649
1.653
1.646
1.658
1.65
1.65
1.651
1.649
1.648
1.654
1.651
1.657
1.654
1.659
1.649
1.654
1.654
1.661
1.661
1.669
1.661
2.641
2.851
3.417
3.375
3.389
3.372
3.409
3.41
3.397
3.278
2.928
2.824
2.793
2.798
2.81
2.808
2.82
2.815
2.775
2.835
2.979
2.867
2.848
2.838
2.85
2.843
2.859
2.917
3.021
2.995
2.918
2.905
2.916
2.917
2.932
2.941
2.965
2.967
3.269
3.236
3.151
3.126
3.046
3.02
2.948
2.934
2.94
2.949
2.967
2.975
3.002
3.011
3.029
3.038
3.065
3.073
3.366
3.365
3.317
3.31
3.269
3.251
3.219
3.212
3.183
8.183
8.183
8.183
8.183
8.183
8.183
4.887
4.822
12.8392 6.81548 0.848152
