1 361
5.56
5.505
5.466
5.401
5.339
5.288
5.251
5.244
5.038
4.993
4.94
4.917
4.891
4.864
4.832
4.849
5.192
5.167
5.156
5.178
4.934
4.893
4.866
4.795
4.715
4.669
4.637
4.632
4.611
4.701
4.819
5.034
5.171
5.203
4.753
4.117
4.108
4.081
4.064
4.049
4.03
4.021
4.004
3.996
3.978
3.961
3.951
3.934
3.918
3.909
3.899
3.884
3.876
3.868
3.85
3.842
3.833
3.827
3.816
3.809
3.799
3.8
3.791
3.783
3.775
3.766
3.765
3.749
3.755
3.748
3.741
3.734
3.731
3.724
3.725
3.725
3.716
3.715
3.716
3.711
3.711
3.712
3.712
3.709
3.706
3.705
3.703
3.707
3.712
3.706
3.704
3.712
3.702
3.708
3.704
3.712
3.717
3.719
3.721
3.731
3.73
3.729
3.737
3.738
3.738
3.754
3.752
3.761
3.761
3.77
3.777
3.783
3.784
3.821
4.976
4.992
5.002
5.011
5.028
5.033
5.05
5.059
5.076
5.091
5.1
5.119
5.132
5.15
5.167
5.184
5.199
5.217
5.24
5.257
5.275
5.301
5.319
5.336
5.361
5.387
5.403
5.428
5.446
5.471
5.495
5.524
5.556
5.581
5.609
5.635
5.662
5.697
5.724
5.759
5.786
5.82
5.856
5.89
5.921
5.964
5.997
6.038
6.08
6.122
6.164
6.207
6.242
6.187
6.119
6.052
5.988
5.93
5.869
5.819
5.758
3.006
2.99
2.955
2.939
2.911
2.896
2.871
2.845
2.82
2.805
2.787
2.762
2.745
2.729
2.702
2.693
2.676
2.659
2.641
2.624
2.606
2.59
2.573
2.565
2.549
2.532
2.524
2.5
2.491
2.483
2.467
2.45
2.441
2.433
2.425
2.408
2.399
2.391
2.374
2.365
2.357
2.348
2.339
2.331
2.323
2.315
2.306
2.298
2.29
2.281
2.273
2.272
2.263
2.264
2.254
2.246
2.237
2.228
2.228
2.228
2.219
2.21
2.21
2.21
2.201
2.201
2.192
2.192
2.183
2.183
2.183
2.174
2.175
2.175
2.84
2.85
2.874
2.952
2.995
3.094
3.417
3.429
3.436
3.412
3.467
3.54
3.772
3.981
3.982
3.759
3.954
3.964
3.964
3.475
3.219
3.22
3.214
3.216
3.219
3.164
3.224
3.746
3.92
3.902
3.439
3.289
3.255
3.259
3.664
3.505
3.381
3.235
3.222
3.227
3.241
3.238
3.255
3.261
3.849
3.725
3.6
3.486
3.37
3.272
3.18
3.181
3.19
3.199
3.206
3.207
3.223
3.232
3.241
3.249
3.258
3.275
3.624
3.573
3.534
3.488
3.449
3.405
3.36
3.323
3.345
7.901
7.938
7.973
8.009
8.044
8.077
8.118
8.154
8.183
8.183
8.183
8.183
8.183
8.183
4.941
4.863
4.841
4.807
4.713
4.686
4.67
4.654
4.637
4.628
4.606
4.592
4.58
4.572
4.554
4.538
4.529
4.704
5.332
5.373
5.416
5.458
5.51
5.561
5.606
5.658
5.703
12.2949 6.08091 0.937608
