1 361
1.045
1.049
1.046
1.031
1.031
1.031
1.023
1.031
1.031
1.048
1.053
1.051
1.054
1.055
1.042
1.052
1.051
1.028
1.033
0.973
0.986
0.932
0.921
0.901
0.891
1.034
1.042
1.047
1.044
1.053
1.047
1.056
1.046
1.058
1.062
1.067
1.065
1.064
1.068
1.074
1.085
1.083
1.083
1.096
1.096
1.099
1.103
1.097
1.105
1.114
1.114
1.127
1.116
1.133
1.135
1.143
1.138
1.164
1.17
1.158
1.166
1.178
1.18
1.187
1.194
1.199
1.193
1.202
1.204
1.201
1.171
1.249
1.25
1.266
1.267
1.276
1.276
1.291
1.301
1.31
1.309
1.328
1.326
1.344
1.346
1.364
1.362
1.379
1.389
1.405
1.404
1.422
1.43
1.447
1.447
1.472
1.48
1.499
1.505
1.524
1.524
1.545
1.555
1.579
1.587
1.612
1.618
1.645
1.652
1.679
1.688
1.719
1.728
1.755
1.763
1.797
1.814
1.841
1.846
1.89
1.898
1.94
1.95
2.001
2.003
2.052
2.061
2.114
2.132
2.18
2.193
2.245
2.272
2.33
2.348
2.412
2.428
2.494
2.52
2.593
2.62
2.696
2.724
2.815
2.847
2.937
2.973
3.081
3.111
3.231
3.27
3.403
3.44
3.589
3.642
3.811
3.866
4.055
4.143
4.366
4.448
5.943
5.944
6.028
5.979
5.94
5.931
5.939
6.181
6.706
6.919
7.544
7.792
8.183
8.183
8.183
8.183
8.183
8.183
8.183
8.183
8.183
8.183
8.183
8.183
8.183
8.183
8.183
8.183
8.183
8.183
8.183
8.183
8.183
8.183
8.183
8.183
8.183
8.183
8.183
8.183
8.183
8.183
8.183
8.183
8.183
8.183
8.183
8.183
8.183
8.183
8.183
8.183
8.183
8.183
7.968
7.73
7.436
7.292
6.975
6.859
6.579
6.475
6.224
6.117
6.131
6.149
6.033
5.966
5.771
5.372
5.153
5.095
4.944
4.886
4.748
4.704
4.568
4.525
4.404
4.367
4.253
4.222
4.12
4.083
3.991
3.963
3.864
3.837
3.758
3.733
3.648
3.615
3.545
3.52
3.421
3.4
3.411
3.437
3.453
3.482
3.43
3.404
3.351
3.336
3.278
3.266
3.225
3.197
3.148
3.131
3.088
3.075
3.028
3.02
2.981
2.971
2.926
2.722
2.661
2.653
2.647
2.634
2.6
2.592
2.567
2.551
2.525
2.517
2.484
2.477
2.444
2.445
2.418
2.412
2.387
2.378
2.354
2.344
2.32
2.32
2.304
2.298
2.272
2.271
2.253
2.253
2.228
2.228
2.21
2.212
2.185
2.184
2.167
2.159
2.15
2.141
2.131
2.131
2.113
2.116
2.096
2.106
2.079
2.079
2.069
2.07
2.052
2.053
2.043
2.043
2.029
2.027
2.018
2.018
2.009
2.009
2
2
1.992
1.992
1.983
1.976
1.975
1.975
1.967
1.967
1.958
1.958
1.95
1.951
1.95
1.951
1.942
1.942
1.935
1.944
1.932
1.933
1.929
1.93
5.00259 12.8873 6.1749
