1 361
5.549
5.504
5.457
5.398
5.328
5.287
5.248
5.246
5.038
4.99
4.937
4.918
4.888
4.862
4.833
4.85
5.189
5.166
5.155
5.189
4.926
4.884
4.856
4.805
4.716
4.672
4.644
4.639
4.617
4.684
4.82
5.032
5.169
5.22
4.751
4.124
4.099
4.091
4.074
4.056
4.038
4.02
4.004
3.987
3.978
3.96
3.951
3.933
3.926
3.908
3.9
3.892
3.876
3.867
3.858
3.842
3.833
3.826
3.815
3.808
3.808
3.8
3.791
3.784
3.774
3.766
3.758
3.757
3.753
3.747
3.74
3.735
3.729
3.724
3.723
3.724
3.716
3.716
3.71
3.711
3.709
3.71
3.711
3.708
3.705
3.705
3.7
3.708
3.709
3.706
3.703
3.703
3.703
3.71
3.712
3.709
3.717
3.718
3.721
3.721
3.73
3.739
3.738
3.737
3.746
3.746
3.753
3.752
3.761
3.771
3.777
3.785
3.783
3.821
4.976
4.994
5.001
5.01
5.027
5.035
5.051
5.06
5.076
5.092
5.099
5.117
5.133
5.15
5.167
5.184
5.198
5.216
5.232
5.258
5.275
5.291
5.318
5.334
5.361
5.377
5.404
5.42
5.454
5.471
5.497
5.521
5.556
5.583
5.608
5.635
5.66
5.698
5.722
5.761
5.785
5.821
5.855
5.888
5.921
5.965
5.997
6.037
6.08
6.113
6.153
6.198
6.243
6.178
6.112
6.052
5.987
5.93
5.874
5.814
5.76
3.015
2.991
2.956
2.938
2.912
2.895
2.87
2.846
2.819
2.804
2.788
2.762
2.745
2.728
2.711
2.685
2.677
2.658
2.641
2.624
2.607
2.589
2.582
2.564
2.549
2.532
2.516
2.507
2.491
2.483
2.467
2.45
2.441
2.433
2.425
2.408
2.399
2.391
2.383
2.365
2.357
2.348
2.339
2.331
2.322
2.314
2.306
2.298
2.298
2.28
2.281
2.272
2.263
2.254
2.254
2.245
2.237
2.237
2.228
2.219
2.219
2.219
2.21
2.201
2.201
2.201
2.192
2.192
2.183
2.183
2.183
2.174
2.174
2.174
2.83
2.85
2.883
2.954
3.002
3.086
3.407
3.429
3.438
3.419
3.459
3.549
3.807
3.982
3.972
3.759
3.954
3.972
3.963
3.458
3.217
3.212
3.214
3.214
3.221
3.164
3.222
3.746
3.92
3.91
3.439
3.299
3.248
3.259
3.665
3.503
3.371
3.236
3.222
3.228
3.234
3.249
3.256
3.261
3.85
3.732
3.6
3.485
3.371
3.263
3.179
3.18
3.19
3.189
3.206
3.206
3.223
3.231
3.241
3.249
3.266
3.274
3.623
3.576
3.533
3.481
3.448
3.396
3.364
3.324
3.336
7.9
7.936
7.975
8.01
8.039
8.086
8.118
8.162
8.183
8.183
8.183
8.183
8.183
8.183
4.926
4.871
4.841
4.814
4.704
4.688
4.671
4.654
4.636
4.622
4.611
4.586
4.575
4.56
4.553
4.546
4.528
4.722
5.331
5.374
5.407
5.459
5.51
5.562
5.605
5.658
5.702
12.2949 6.08091 0.937608
