1 361
0.698
0.708
0.708
0.708
0.709
0.709
0.715
0.708
0.716
0.717
0.715
0.715
0.716
0.722
0.722
0.722
0.722
0.722
0.732
0.731
0.731
0.73
0.738
0.736
0.746
0.746
0.753
0.752
0.754
0.761
0.761
0.77
0.77
0.769
0.776
0.778
0.786
0.786
0.784
0.794
0.801
0.801
0.8
0.809
0.817
0.817
0.828
0.825
0.826
0.836
0.843
0.844
0.852
0.851
0.86
0.87
0.876
0.877
0.885
0.893
0.902
0.903
0.911
0.92
0.928
0.928
0.937
0.946
0.955
0.964
0.97
0.98
0.989
0.997
1.004
1.013
1.021
1.029
1.046
1.055
1.063
1.071
1.088
1.097
1.114
1.122
1.14
1.149
1.166
1.175
1.193
1.211
1.227
1.237
1.255
1.264
1.29
1.306
1.334
1.343
1.368
1.385
1.401
1.427
1.453
1.47
1.502
1.518
1.543
1.568
1.609
1.628
1.668
1.692
1.736
1.761
1.803
1.839
1.888
1.912
1.972
2.006
2.066
2.113
2.172
2.225
2.294
2.342
2.425
2.482
2.581
2.651
2.761
2.836
2.959
3.054
3.184
3.293
3.464
3.586
3.791
3.912
3.913
3.904
3.894
3.895
3.895
3.876
3.877
3.877
3.867
3.868
3.867
3.859
3.859
3.85
3.859
3.85
3.85
3.85
3.85
3.85
3.859
3.85
3.859
3.859
3.859
3.859
3.859
3.859
3.868
3.868
3.868
3.151
3.092
3.131
2.975
2.893
2.489
2.397
2.242
2.13
1.994
1.895
1.612
1.594
1.608
1.621
1.613
1.662
1.604
1.569
1.484
4.013
4.032
4.033
4.049
4.059
4.077
4.086
4.104
4.112
4.129
4.138
4.156
4.162
4.189
4.197
4.221
4.23
4.254
4.262
4.284
4.294
4.317
4.335
4.36
4.376
4.401
4.417
4.445
4.453
3.733
3.576
3.918
4.546
4.581
4.52
4.545
4.561
4.595
4.614
4.613
4.658
4.694
4.701
4.726
4.73
4.777
4.813
4.858
4.882
4.919
4.941
5.049
5.075
5.113
5.062
5.012
4.976
4.928
4.886
4.867
5.278
5.272
5.228
5.259
5.304
5.366
2.444
2.424
2.442
5.534
5.574
5.542
5.512
6.324
6.383
6.343
6.351
6.626
4.289
6.791
6.705
4.276
4.19
7.154
7.231
7.361
7.438
7.578
7.105
7.071
7.08
7.137
7.49
6.089
5.727
5.707
5.68
5.652
5.718
5.672
5.65
5.602
5.602
5.642
5.684
5.531
5.558
6.184
6.102
5.623
4.991
4.917
4.924
5.025
5.144
4.964
4.968
5.229
5.209
5.235
5.249
5.221
5.234
5.408
5.595
4.992
4.991
4.878
4.837
4.852
5.359
6.09
6.26
5.247
8.187
8.183
5.864
8.187
8.183
8.171
8.171
8.162
7.427
7.206
7.147
7.084
7.068
7.067
7.111
7.259
7.668
7.675
7.321
7.139
7.119
7.118
7.144
7.156
7.182
7.703
7.702
7.708
7.866
8.191
8.187
6.113
6.186
4.398
2.98596 8.54676 2.19637
