1 361
4.126
4.158
4.158
4.19
4.19
4.223
4.223
4.257
4.247
4.297
4.289
4.338
4.329
4.371
4.372
4.422
4.413
4.466
4.457
4.508
4.498
4.559
4.55
4.587
4.577
4.655
4.655
4.721
4.721
4.783
4.779
4.853
4.842
4.908
4.895
4.98
4.973
5.047
5.043
5.126
5.118
5.207
5.198
5.29
5.292
5.384
5.376
5.479
5.473
5.584
5.575
2.44
2.438
2.409
2.401
2.375
2.369
2.378
2.368
2.426
2.417
2.483
2.475
2.541
2.525
2.598
2.597
2.667
2.657
2.736
2.718
2.802
2.793
2.885
2.876
2.974
2.964
3.063
3.054
3.165
3.148
3.265
3.258
3.381
3.364
3.505
3.489
3.64
3.613
3.773
3.763
3.925
3.905
4.094
4.085
4.286
4.276
4.451
4.443
4.42
4.42
4.393
4.394
4.375
4.366
4.352
4.342
4.326
4.326
4.31
4.301
4.293
4.291
4.277
4.276
4.252
4.261
4.241
4.242
4.232
4.233
4.228
4.219
4.215
4.216
4.209
4.2
4.2
4.201
4.202
4.202
4.2
4.192
4.199
4.2
4.209
4.209
4.219
4.211
4.23
4.22
4.238
4.228
4.248
4.24
4.262
4.262
4.278
4.261
4.295
4.28
4.303
4.295
4.331
4.318
4.101
4.127
3.712
3.727
3.391
3.416
3.131
3.149
2.912
2.937
2.717
2.74
2.561
2.577
2.399
2.426
2.28
2.296
2.167
2.177
2.059
2.07
1.963
1.98
1.87
1.887
1.796
1.804
1.726
1.745
1.69
1.681
1.698
1.689
1.707
1.706
1.723
1.723
1.74
1.74
1.758
1.758
1.772
1.771
1.795
1.795
1.815
1.806
1.831
1.823
1.847
1.847
1.873
1.873
1.898
1.898
1.923
1.922
1.948
1.947
1.973
1.973
2.006
2.007
2.034
2.034
2.069
2.059
2.094
2.095
2.132
2.122
2.167
2.164
2.2
2.2
2.243
2.243
2.277
2.278
2.327
2.318
2.369
2.367
2.406
2.415
2.381
2.379
2.346
2.356
2.316
2.322
2.297
2.298
2.272
2.271
2.236
2.245
2.213
2.22
2.195
2.203
2.168
2.175
2.151
2.16
2.133
2.133
2.107
2.115
2.097
2.097
2.071
2.079
2.062
2.061
2.044
2.052
2.028
2.035
2.018
2.027
2.009
2.01
1.992
2
1.984
1.983
1.966
1.974
1.958
1.966
1.949
1.958
1.941
1.949
1.931
1.941
1.923
1.923
1.915
1.924
1.907
1.915
1.907
1.915
1.898
1.906
1.899
1.899
1.891
1.899
1.882
1.891
1.886
1.885
1.879
1.887
1.878
1.887
1.879
1.879
1.87
1.879
1.879
1.888
1.885
1.884
1.879
1.888
1.878
1.886
1.882
1.891
1.89
1.899
1.899
1.899
1.9
1.907
1.907
1.915
1.907
1.915
1.916
1.925
1.925
1.924
1.925
1.933
1.942
1.942
1.95
1.95
1.959
1.959
1.967
1.976
1.976
1.985
1.985
1.993
2.003
2.012
2.011
2.021
-3.94028 10.4287 4.9185
