1 361
1.381
1.379
1.376
1.377
1.383
1.378
1.376
1.381
1.381
1.388
1.38
1.388
1.388
1.396
1.387
1.395
1.396
1.403
1.403
1.403
1.404
1.412
1.412
1.421
1.421
1.42
1.421
1.428
1.429
1.436
1.437
1.446
1.447
1.454
1.455
1.463
1.463
1.471
1.471
1.48
1.48
1.496
1.497
1.504
1.505
1.513
1.521
1.53
1.53
1.546
1.548
1.555
1.555
1.571
1.571
1.587
1.588
1.596
1.606
1.613
1.621
1.636
1.638
1.653
1.662
1.67
1.678
1.696
1.696
1.714
1.714
1.738
1.738
1.763
1.762
1.779
1.788
1.802
1.812
1.832
1.841
1.865
1.863
1.889
1.899
1.922
1.932
1.955
1.965
1.99
2.006
2.031
2.042
2.067
2.085
2.111
2.122
2.155
2.164
2.198
2.216
2.25
2.259
2.293
2.317
2.349
2.376
2.408
2.425
2.473
2.491
2.536
2.534
2.576
2.623
2.943
2.971
3.04
3.07
3.167
3.403
4.044
4.045
4.017
4.017
3.991
3.99
3.965
3.966
3.969
3.995
3.979
3.952
3.918
3.919
3.895
3.895
4.046
4.116
4.144
4.139
4.13
4.134
4.153
4.167
4.207
8.187
5.427
5.518
5.761
5.914
6.21
6.376
6.709
6.919
7.326
7.578
8.101
8.183
8.183
8.183
8.183
8.183
8.183
8.183
8.183
8.183
8.183
8.183
8.183
8.183
8.183
8.183
8.183
8.183
8.183
8.183
8.183
8.183
8.183
8.183
8.183
8.183
8.183
8.183
8.183
8.183
8.183
8.183
8.183
8.183
8.183
8.183
8.183
8.183
8.183
8.183
8.183
8.183
8.183
8.015
7.591
7.367
7
6.825
6.826
6.842
6.653
5.993
5.758
5.634
5.425
2.076
2.091
2.137
2.179
2.231
2.283
2.331
2.398
2.456
2.521
2.591
2.632
2.649
2.636
2.654
2.636
2.655
2.645
2.655
2.654
2.662
2.663
2.672
2.67
2.679
2.675
2.685
2.685
2.695
2.694
2.706
2.702
2.722
2.713
2.731
2.733
2.745
2.724
2.705
2.662
2.636
2.601
2.577
2.544
2.527
2.486
2.478
2.438
2.421
2.387
2.379
2.346
2.341
2.306
2.297
2.272
2.254
2.227
2.218
2.195
2.185
2.159
2.15
2.124
2.123
2.097
2.09
2.062
2.064
2.044
2.037
2.01
2.001
1.993
1.977
1.958
1.953
1.939
1.937
1.919
1.911
1.902
1.893
1.875
1.869
1.858
1.85
1.836
1.836
1.826
1.818
1.809
1.801
1.792
1.792
1.784
1.765
1.741
1.742
1.724
1.727
1.718
1.79
1.807
1.866
1.869
1.855
1.848
1.848
1.839
1.832
1.823
1.822
1.823
1.815
1.815
1.816
1.805
1.806
1.798
1.797
1.79
1.781
1.781
1.782
1.771
1.782
1.773
1.773
1.773
1.774
1.767
1.767
1.757
1.757
1.757
1.759
1.759
1.752
1.762
1.753
1.752
1.758
1.738
1.754
1.743
1.762
1.755
1.759
0.808198 13.806 6.19004
