1 361
2.69
2.684
2.683
2.68
2.679
2.691
2.685
2.676
2.677
2.694
2.703
2.721
2.719
2.743
2.743
2.729
2.738
2.788
2.903
2.779
2.779
2.785
2.787
2.796
2.787
2.865
3.103
3.065
2.968
2.817
2.799
2.796
2.802
2.809
2.808
2.823
2.83
2.973
3.423
3.265
3.172
3.031
2.955
2.824
2.748
2.745
2.745
2.753
2.762
2.772
2.781
2.779
2.788
2.796
2.805
2.813
2.821
2.838
3.174
3.145
3.121
3.069
3.045
2.992
2.965
2.922
2.899
2.897
7.473
7.5
7.537
7.568
7.604
7.64
7.681
7.711
7.753
7.798
7.822
8.046
8.082
8.129
8.175
4.521
4.478
4.417
4.41
4.349
4.283
4.262
4.259
4.237
4.228
4.204
4.203
4.187
4.171
4.154
4.153
4.137
4.136
4.12
4.12
4.93
4.964
5.015
5.048
5.099
5.147
5.188
5.237
5.291
5.34
5.4
5.453
5.511
5.563
3.367
3.277
3.242
3.229
3.195
3.185
3.15
3.143
3.118
3.101
3.076
3.066
3.039
3.022
3.007
2.989
2.97
2.962
2.934
2.927
2.91
2.901
2.884
2.868
2.849
2.841
2.816
2.816
2.801
2.792
2.775
2.766
2.748
2.749
2.732
2.723
2.707
2.707
2.689
2.688
2.679
2.672
2.655
2.654
2.645
2.636
2.628
2.628
2.62
2.62
2.611
2.611
2.586
2.595
2.578
2.586
2.578
2.578
2.569
2.569
2.561
2.561
2.554
2.554
2.545
2.554
2.546
2.546
2.539
2.54
2.534
2.537
2.531
2.541
2.536
2.539
2.533
2.535
2.536
2.536
2.533
2.541
2.532
2.536
2.533
2.537
2.535
2.541
2.539
2.546
2.537
2.546
2.545
2.553
2.553
2.561
2.561
2.568
2.568
2.577
2.576
2.584
2.584
2.593
2.593
2.601
2.601
2.61
2.619
2.627
2.627
2.636
2.645
2.653
2.653
2.671
2.671
2.678
2.688
2.705
2.714
2.731
2.731
2.748
2.756
2.764
2.773
2.79
2.799
2.807
2.816
2.831
2.841
2.856
2.867
2.89
2.899
2.916
2.925
2.941
2.95
2.966
2.986
2.995
3.01
3.036
3.045
3.072
3.078
3.106
3.123
3.141
3.157
3.182
3.199
3.224
3.247
3.273
3.292
3.313
3.338
3.362
3.387
3.418
3.444
3.478
3.494
3.538
3.563
3.59
3.622
3.656
3.689
3.731
3.763
3.805
3.832
3.876
3.911
3.956
3.991
4.034
4.074
4.126
4.164
4.215
4.267
4.322
4.367
4.428
4.478
4.535
4.587
4.709
6.259
6.225
6.187
6.162
6.121
6.097
6.063
6.038
6.004
5.972
5.948
5.924
5.899
5.873
5.847
5.822
5.797
5.781
5.753
5.736
5.053
5.12
4.956
4.537
4.531
4.512
4.497
4.488
4.471
4.461
4.445
4.437
4.421
4.411
4.403
4.394
4.385
4.377
4.36
4.353
4.344
4.345
4.338
4.321
4.312
4.306
4.305
4.299
4.289
4.292
2.22394 -0.361473 1.59376
