1 361
0.733
0.742
0.741
0.75
0.749
0.75
0.748
0.766
0.766
0.773
0.772
0.78
0.78
0.778
0.786
0.795
0.795
0.804
0.804
0.81
0.81
0.818
0.819
0.836
0.836
0.842
0.853
0.86
0.859
0.867
0.877
0.885
0.891
0.902
0.902
0.911
0.92
0.933
0.937
0.951
0.95
0.968
0.974
1.054
1.056
1.077
1.069
1.06
1.06
1.073
1.081
1.089
1.089
1.106
1.116
1.124
1.132
1.14
1.149
1.163
5.315
5.368
5.397
5.347
5.314
5.26
5.217
5.174
5.141
5.092
5.061
5.019
4.994
4.954
4.927
4.762
4.676
4.668
4.646
4.612
4.587
4.553
4.526
4.495
4.48
4.451
4.426
4.399
4.384
4.357
4.341
4.315
4.298
4.267
4.258
4.233
4.216
4.193
4.184
4.159
4.151
4.134
4.119
4.092
4.083
4.066
4.059
4.041
4.034
4.016
4.007
3.99
3.981
3.973
3.964
3.945
3.936
3.928
3.919
3.906
3.901
3.883
3.884
3.875
3.854
3.843
3.889
3.981
3.978
3.969
3.968
3.961
3.953
3.953
3.957
3.947
3.946
3.935
3.927
3.927
3.928
3.928
3.918
3.919
3.912
3.915
3.913
3.909
3.91
3.915
3.916
3.91
3.915
3.812
3.761
3.761
3.787
3.787
3.793
3.792
3.79
3.802
3.799
3.807
3.807
3.808
3.816
3.821
3.825
3.833
3.833
3.842
3.851
3.855
3.868
3.87
3.876
3.886
3.895
3.904
3.911
3.92
3.93
3.938
3.947
3.965
3.972
3.983
3.99
4.007
4.02
4.024
4.043
4.058
4.067
4.079
4.102
4.11
4.136
4.143
4.159
4.184
4.202
4.21
4.235
4.251
4.266
4.291
4.315
4.33
4.335
4.386
4.553
4.589
4.613
4.639
4.665
4.692
4.717
4.743
4.777
4.804
4.829
4.859
1.023
1.028
1.021
1.004
0.995
0.986
0.979
0.963
0.953
0.945
0.933
0.926
0.921
0.923
0.935
0.927
0.914
0.913
0.906
0.912
0.915
0.906
0.889
0.865
0.852
0.824
0.822
0.828
0.827
0.817
0.817
0.827
0.817
0.817
0.817
0.819
0.82
0.821
0.82
0.812
0.82
0.818
0.825
0.82
0.828
0.821
0.826
0.818
0.82
0.81
0.823
0.827
0.821
0.816
0.821
0.819
0.827
0.826
0.826
0.825
0.824
0.825
0.832
0.823
0.832
0.832
0.832
0.833
0.832
0.84
0.841
0.84
0.84
0.848
0.847
0.847
0.848
0.856
0.858
0.855
0.866
0.865
0.865
0.874
0.873
0.874
0.883
0.881
0.891
0.89
0.891
0.898
0.899
0.898
0.916
0.907
0.915
0.924
0.923
0.934
0.929
2.093
2.635
2.596
2.572
2.549
2.217
2.199
2.194
2.175
2.162
2.16
2.171
2.204
2.21
2.292
2.856
2.872
2.887
2.9
2.923
2.847
2.578
2.584
2.553
2.546
2.484
2.335
2.23
2.108
1.997
1.905
1.828
1.819
1.819
1.825
1.825
4.54939 2.50621 0.395212
