1 361
0.811
0.829
0.827
0.846
0.845
0.861
0.86
0.879
0.878
0.895
0.904
0.92
0.92
0.936
0.944
0.96
0.967
0.994
0.992
1.008
1.016
1.041
1.049
1.079
1.079
2.245
2.305
2.279
2.307
2.29
2.295
2.269
2.256
2.227
2.216
2.172
2.168
2.172
2.202
2.239
2.251
2.31
2.344
2.331
2.361
2.329
2.33
2.291
2.283
1.935
1.933
1.917
1.927
1.94
1.942
1.956
1.96
1.964
1.979
1.997
2.002
2.038
2.057
2.091
2.117
2.167
2.443
2.643
2.656
2.684
2.7
2.735
2.766
2.804
2.829
2.872
2.905
2.941
3.002
3.02
3.035
3.061
3.096
3.16
3.225
3.295
3.306
2.888
2.879
2.875
2.9
2.924
2.952
2.992
3.028
8.187
3.211
1.558
1.562
1.597
1.621
1.654
1.679
1.714
1.739
1.774
1.808
1.849
1.884
1.925
1.968
2.02
2.054
2.107
2.152
2.212
2.255
2.338
2.386
2.473
2.527
2.61
2.681
2.801
2.895
3.03
3.14
3.288
3.423
3.598
3.757
3.963
4.174
4.438
4.748
5.066
5.372
5.809
6.223
6.793
7.278
8.183
8.183
8.183
8.183
8.183
8.183
8.183
8.183
8.183
8.183
8.183
8.183
8.183
7.745
7.735
7.745
7.753
7.751
7.751
7.768
7.767
7.785
7.783
7.79
7.796
7.808
7.817
7.839
7.842
7.857
7.866
7.887
7.896
7.916
7.921
7.941
7.958
7.976
7.984
8.183
8.183
8.183
8.183
8.183
8.183
8.183
8.183
8.183
8.183
8.183
8.183
8.183
8.183
8.183
8.183
8.183
8.183
8.183
8.183
8.183
8.183
8.183
8.183
8.183
8.183
8.183
8.183
8.183
8.183
8.183
8.183
8.183
8.183
8.183
8.183
8.183
8.183
8.183
8.183
1.019
0.997
0.989
0.98
0.973
0.963
0.954
0.954
0.946
0.939
0.931
0.921
0.921
0.913
0.914
0.896
0.896
0.887
0.886
0.878
0.869
0.87
0.862
0.861
0.861
0.843
0.844
0.835
0.844
0.826
0.836
0.826
0.827
0.819
0.818
0.809
0.811
0.8
0.801
0.793
0.793
0.783
0.785
0.774
0.783
0.784
0.776
0.775
0.775
0.768
0.767
0.761
0.769
0.761
0.761
0.753
0.753
0.753
0.752
0.753
0.751
0.744
0.744
0.736
0.744
0.744
0.735
0.736
0.745
0.736
0.736
0.727
0.736
0.729
0.728
0.727
0.737
0.729
0.729
0.721
0.728
0.722
0.724
0.726
0.724
0.727
0.717
0.708
0.7
0.708
0.729
0.724
0.732
0.726
0.731
0.721
0.728
0.727
0.727
0.727
0.727
0.726
0.735
0.727
0.735
0.727
0.735
0.735
0.744
0.735
0.743
0.736
0.744
0.746
0.745
0.747
0.75
0.75
0.788
0.78
0.847
0.846
0.832
0.831
0.812
0.811
0.81
0.81
0.819
0.825
0.794
0.803
0.8
0.8
0.8
0.799
0.8
0.809
0.81
0.81
0.811
10.9547 11.612 4.8513
