1 361
0.996
1.005
1.006
1.006
1.013
1.013
1.013
1.012
1.021
1.021
1.021
1.029
1.029
1.029
1.028
1.036
1.035
1.035
1.044
1.044
1.051
1.051
1.06
1.06
1.069
1.068
1.075
1.085
1.084
1.084
1.093
1.101
1.101
1.11
1.11
1.119
1.126
1.127
1.127
1.145
1.144
1.153
1.153
1.162
1.169
1.179
1.177
1.187
1.195
1.206
1.213
1.222
1.221
1.239
1.239
1.257
1.257
1.265
1.275
1.283
1.29
1.307
1.308
1.325
1.334
1.345
1.355
1.364
1.372
1.39
1.398
1.415
1.424
1.449
1.456
1.474
1.491
1.508
1.515
1.539
1.548
1.563
1.581
1.605
1.612
1.647
1.654
1.679
1.697
1.73
1.748
1.774
1.791
1.825
1.841
1.876
1.901
1.933
1.951
1.995
2.019
2.063
2.089
2.134
2.161
2.205
2.239
2.29
2.322
2.372
2.413
2.472
2.513
2.579
2.631
2.699
2.749
2.825
2.885
3.01
3.06
3.152
3.219
3.32
3.4
3.516
3.617
3.754
3.849
4.006
4.131
4.306
4.448
4.657
4.817
5.047
5.237
5.505
5.835
7.174
7.175
7.157
7.158
7.139
7.14
7.122
7.122
7.114
7.113
7.105
7.105
7.097
6.839
7.074
7.088
7.073
6.077
6.056
6.064
6.064
6.072
6.064
6.071
6.071
6.081
6.071
6.087
6.079
6.097
6.097
6.105
6.105
6.122
6.122
6.129
6.138
6.146
6.154
6.173
6.182
6.198
6.197
6.214
6.223
6.24
6.248
6.266
6.276
6.291
6.345
7.372
7.39
7.417
7.434
7.451
7.468
7.494
7.514
7.54
7.557
7.584
7.609
7.643
7.66
7.694
7.72
7.752
7.778
7.81
7.844
7.876
7.909
7.944
7.978
8.021
8.05
8.097
8.126
8.172
8.183
8.183
8.183
8.183
8.183
8.183
8.183
8.183
8.183
8.183
8.183
8.183
8.183
8.183
8.183
8.183
8.183
8.183
8.183
8.183
8.183
8.183
8.183
8.183
8.183
8.183
8.183
8.183
8.183
8.183
8.183
8.183
8.183
8.183
8.183
8.183
7.931
7.889
7.916
8.013
8.123
8.183
7.74
7.69
7.618
7.576
6.734
6.693
6.642
6.611
6.564
6.53
6.484
6.452
6.418
6.384
6.349
6.318
6.276
6.254
6.218
6.191
6.16
6.135
6.119
6.083
6.051
6.027
5.999
5.982
5.954
5.941
5.923
5.896
5.875
5.854
5.832
5.816
5.787
5.774
5.757
5.741
5.725
5.706
5.689
5.672
5.656
5.646
5.628
5.611
5.593
5.625
5.81
6.167
6.698
6.686
6.698
6.69
6.672
6.663
6.655
6.646
6.638
6.628
6.619
6.61
6.602
6.591
6.593
6.584
6.584
6.574
6.574
6.574
6.565
2.11
2.113
6.566
6.566
6.566
6.567
6.565
6.566
6.566
6.566
6.576
6.575
6.575
6.584
6.594
6.593
6.602
6.602
6.612
6.621
6.629
6.637
6.646
3.364
3.289
3.214
3.175
11.1107 9.71495 4.81614
