1 361
1.816
1.819
1.817
1.828
1.826
1.825
1.828
1.824
1.83
1.828
1.826
1.835
1.833
1.833
1.839
1.84
1.84
1.848
1.842
1.839
1.752
1.753
1.752
1.762
1.76
1.769
1.769
1.776
1.781
1.713
1.696
1.655
1.655
1.664
1.671
1.679
1.686
1.712
1.712
1.72
1.729
1.729
1.738
1.746
1.746
1.764
1.764
1.773
1.782
1.789
1.798
1.806
1.815
1.824
1.833
1.842
1.85
1.862
1.861
1.867
1.884
1.893
1.91
1.919
1.92
1.943
1.944
1.962
5.321
5.366
5.391
5.435
5.467
5.51
5.535
5.586
5.622
5.666
5.701
5.755
5.789
5.841
5.876
5.874
5.98
5.919
6.096
6.151
6.194
6.25
6.303
6.371
6.424
6.493
6.546
6.627
6.686
6.764
6.821
6.912
6.979
7.067
7.14
7.231
7.297
7.407
7.478
7.589
7.67
7.781
7.882
7.992
8.085
8.183
8.183
4.161
4.146
4.113
4.107
4.142
4.191
4.276
4.337
4.424
4.486
4.584
4.649
4.74
4.823
4.931
5.008
5.129
5.222
5.349
5.46
5.601
5.709
5.881
5.993
6.175
6.307
6.507
6.559
6.537
6.533
6.504
6.499
6.482
6.469
6.449
6.439
6.425
6.414
6.403
6.396
6.378
6.376
6.356
6.348
6.339
6.339
6.315
6.313
6.308
6.308
6.296
6.298
6.281
6.293
6.279
6.281
6.275
6.273
6.274
6.271
6.264
6.274
6.259
6.27
6.262
6.265
5.042
4.316
3.593
3.311
3.317
3.315
3.317
3.316
3.317
3.325
3.326
3.338
3.329
3.347
3.339
3.347
3.347
3.356
3.363
3.372
3.371
3.388
3.388
3.396
3.405
3.412
3.412
3.429
3.428
3.446
3.445
3.462
3.461
3.479
3.487
3.496
3.504
3.513
3.522
3.539
3.547
3.566
3.56
3.506
3.425
3.38
3.307
3.26
3.19
3.14
3.079
3.035
2.972
2.929
2.879
2.843
2.792
2.759
2.712
2.674
2.639
2.605
2.563
2.54
2.499
2.465
2.433
2.407
2.368
2.341
2.306
2.291
2.265
2.241
2.215
2.197
2.161
2.143
2.118
2.1
2.083
2.067
2.038
2.029
2.006
1.995
1.97
1.952
1.936
1.92
1.902
1.893
1.867
1.86
1.843
1.835
1.819
1.809
1.792
1.779
1.768
1.758
1.741
1.734
1.715
1.708
1.69
1.691
1.674
1.666
1.658
1.65
1.641
1.633
1.618
1.618
1.6
1.601
1.593
1.584
1.576
1.576
1.56
1.56
1.544
1.544
1.535
1.527
1.527
1.519
1.51
1.51
1.501
1.493
1.485
1.485
1.478
1.477
1.467
1.46
1.46
1.461
1.452
1.452
1.445
1.445
1.436
1.435
1.427
1.427
1.427
1.421
1.419
1.419
1.411
1.41
1.41
1.412
1.402
1.404
1.395
1.395
1.396
1.398
1.398
1.398
1.391
1.389
1.386
1.391
1.388
1.391
1.389
1.392
1.39
1.39
1.381
1.381
1.372
1.381
-2.42287 11.9293 4.38087
