1 361
1.167
1.175
1.171
1.177
1.175
1.174
1.173
1.181
1.181
1.18
1.171
1.18
1.18
1.189
1.179
1.188
1.188
1.196
1.195
1.196
1.204
1.204
1.204
1.714
1.73
1.748
1.756
1.756
1.765
1.774
1.773
1.782
1.782
1.79
1.79
1.795
1.792
1.781
1.782
1.799
1.798
3.825
3.813
3.833
3.842
3.869
3.878
3.897
3.914
3.931
3.95
3.967
3.986
4.012
4.021
4.055
4.062
4.089
4.106
4.139
4.156
4.189
4.197
4.238
4.254
4.289
4.307
4.32
4.321
4.245
4.241
4.157
4.151
4.066
4.069
3.989
3.994
2.448
2.417
2.382
2.376
2.349
2.333
2.333
2.341
2.382
2.4
2.434
2.45
2.484
2.493
2.524
2.541
2.572
2.598
2.633
2.651
2.684
2.702
2.743
2.761
2.811
2.836
2.878
2.897
2.949
2.976
3.028
3.057
3.072
3.06
3.034
3.032
3.006
3.002
2.98
2.971
2.953
2.945
2.926
2.918
2.902
2.894
2.876
2.869
2.853
2.844
2.853
2.899
2.989
3.032
3.1
3.148
3.249
3.295
3.382
3.448
3.583
3.653
3.784
3.849
3.98
5.95
6.171
6.315
6.348
6.339
6.321
6.322
6.296
6.297
6.279
6.271
6.257
6.422
6.8
7.048
7.571
7.938
8.183
8.183
8.183
8.183
8.187
8.183
8.183
8.191
8.187
8.183
8.187
8.183
8.187
8.191
8.187
8.191
5.939
5.944
5.927
5.934
5.918
5.918
5.909
5.909
5.901
5.903
5.891
5.893
5.892
5.891
5.892
5.892
5.893
5.892
5.893
5.901
5.892
5.902
5.901
5.908
5.91
5.918
5.917
5.935
5.927
5.934
5.943
5.95
5.958
5.968
5.968
5.998
5.891
5.791
5.599
5.501
5.333
5.249
5.09
5.006
4.871
4.801
4.668
4.607
4.483
4.433
4.324
4.273
4.163
4.122
4.03
3.98
3.899
3.854
3.776
3.741
3.657
3.623
3.553
3.519
3.461
3.432
3.367
3.335
3.285
3.251
3.193
3.167
3.115
3.089
3.037
3.004
2.933
2.917
2.938
2.957
2.984
3.034
3.074
3.119
4.826
4.86
4.911
4.93
4.86
4.867
4.923
4.931
4.877
4.855
4.926
4.984
5.035
5.085
5.133
5.179
5.241
5.282
5.338
8.183
8.183
8.183
8.183
8.183
8.183
8.183
8.183
8.183
8.183
8.183
8.183
8.183
8.183
8.183
8.183
7.667
7.619
7.603
7.742
7.846
7.987
8.096
8.183
8.183
8.183
8.183
8.183
8.183
8.183
8.183
8.183
8.183
8.183
8.183
8.183
8.183
8.183
8.183
8.183
8.183
8.183
8.183
8.183
8.183
8.183
8.183
1.85
1.85
1.842
1.843
1.837
1.853
1.853
1.852
1.843
1.844
1.836
1.843
1.836
1.836
1.836
1.837
1.829
1.83
1.831
1.824
1.826
1.827
1.824
1.827
1.826
1.817
1.808
1.808
1.799
1.808
1.808
1.817
1.826
1.822
1.828
1.826
1.09547 13.1744 2.71324
