1 361
2.007
1.985
1.992
1.995
1.997
2.004
2.004
2.019
2.018
2.034
2.033
2.052
2.051
2.057
2.054
2.073
2.09
2.099
2.107
2.126
2.144
2.161
2.112
1.801
1.773
1.774
1.78
1.782
1.783
1.79
1.795
1.796
1.8
1.804
1.82
1.839
1.837
1.851
1.867
1.877
1.9
1.922
1.94
1.963
1.998
2.41
2.413
2.414
2.417
2.43
2.431
2.454
2.463
2.476
2.497
2.527
2.559
2.593
2.633
2.716
2.746
2.762
2.782
2.795
2.807
2.81
2.816
2.821
2.836
1.427
1.296
1.274
1.281
1.3
1.309
1.317
1.333
1.352
1.36
1.376
1.393
1.411
1.427
1.444
1.461
1.478
1.494
1.511
1.535
1.551
1.576
1.601
1.626
1.649
1.675
1.7
1.726
1.751
1.779
1.812
1.845
1.871
1.913
1.946
1.989
2.023
2.068
2.103
2.155
2.2
2.243
2.3
2.357
2.414
2.488
2.553
2.628
2.691
2.773
2.864
2.951
3.044
3.156
3.264
3.395
3.511
3.669
3.812
3.981
4.2
4.416
4.614
4.882
5.121
5.459
5.785
6.162
6.526
6.974
8.183
8.183
8.183
8.183
8.183
8.183
8.183
8.183
8.183
8.183
7.939
8.183
8.183
7.455
7.298
7.307
7.307
7.315
7.307
7.321
7.311
7.321
7.328
7.337
7.338
7.355
7.353
7.364
7.371
7.383
7.391
7.409
7.409
7.432
7.439
7.457
7.464
7.486
7.493
7.51
7.518
7.615
8.183
8.183
8.183
8.183
8.183
8.183
8.183
8.183
8.183
8.183
8.183
8.183
8.183
8.183
8.183
8.183
8.183
8.183
8.183
8.183
8.183
8.183
8.183
8.183
8.183
8.183
8.183
8.183
8.183
8.183
8.183
8.183
8.183
8.183
8.183
8.183
8.183
8.183
8.183
8.183
8.183
8.183
8.183
8.183
8.183
8.183
8.183
8.183
8.183
8.183
8.183
8.183
8.183
8.183
8.183
8.183
8.183
8.183
8.183
8.183
8.183
8.183
8.183
8.183
7.765
0.671
0.67
0.628
0.62
0.604
0.596
0.596
0.596
0.588
0.588
0.587
0.58
0.579
0.579
0.57
0.57
0.57
0.561
0.562
0.563
0.57
0.562
0.562
0.553
0.553
0.552
0.552
0.553
0.545
0.544
0.545
0.543
0.545
0.545
0.545
0.536
0.545
0.534
0.536
0.528
0.536
0.535
0.527
0.527
0.527
0.527
0.527
0.526
0.527
0.526
0.528
0.527
0.528
0.519
0.519
0.52
0.521
0.521
0.516
0.516
0.53
0.523
0.512
0.512
0.52
0.52
0.532
0.528
0.522
0.52
0.521
0.521
0.519
0.52
0.527
0.527
0.527
0.527
0.528
0.527
0.527
0.527
0.527
0.528
0.536
0.535
0.536
0.526
0.537
0.536
0.535
0.536
0.536
0.536
0.545
0.538
0.546
0.545
0.546
0.553
0.553
0.552
0.553
0.552
0.561
0.561
0.562
0.563
0.562
0.563
0.571
0.57
0.58
0.58
0.579
11.0244 11.1107 4.83038
