1 361
1.295
1.284
1.284
1.287
1.278
1.273
1.258
1.239
1.189
1.163
1.221
1.262
1.274
1.281
1.28
1.265
1.236
1.156
1.153
1.164
1.165
1.171
1.169
1.17
1.168
1.168
1.176
1.167
1.174
1.219
1.249
1.25
1.255
1.244
1.24
1.239
1.25
1.229
1.23
1.23
1.24
1.24
1.24
1.247
1.247
1.246
1.246
1.252
8.183
8.183
8.183
8.183
8.183
8.183
8.183
8.183
8.183
8.183
8.183
6.01
6.168
6.352
6.474
6.554
6.591
6.602
6.609
6.609
6.628
6.635
6.644
6.646
6.664
6.644
6.542
6.444
6.35
6.257
6.182
6.089
6.022
5.928
5.865
5.786
5.72
5.643
5.589
5.519
5.459
5.369
5.38
5.414
5.453
5.385
5.345
5.275
5.23
5.172
5.129
5.072
5.029
4.981
4.942
4.689
4.646
4.623
4.588
4.546
4.52
4.479
4.443
4.409
4.385
4.341
4.316
4.275
4.251
4.218
4.194
4.162
4.143
4.11
4.094
4.06
4.034
4.007
3.99
3.963
3.949
3.921
3.902
3.876
3.867
3.833
3.823
3.806
3.789
3.763
3.755
3.73
3.722
3.696
3.688
3.661
3.657
3.636
3.629
3.612
3.618
3.687
3.787
3.873
3.969
4.077
4.086
4.065
4.058
4.04
4.033
4.023
4.014
3.996
3.996
3.957
3.957
3.963
4.185
4.197
5.7
5.714
5.71
5.694
5.692
5.683
7.083
7.503
8.1
8.183
8.183
8.183
8.183
8.183
8.183
8.183
8.183
8.183
8.183
8.183
8.183
8.183
5.702
3.812
3.83
3.827
3.849
3.848
3.85
3.843
3.85
3.844
3.846
3.853
3.85
3.856
3.866
3.857
3.868
3.867
3.875
3.876
3.887
3.883
3.892
3.892
3.908
3.907
3.913
3.925
3.926
3.935
3.942
3.826
3.7
3.582
3.451
3.436
3.45
3.456
3.466
3.469
3.486
3.485
3.502
3.511
3.527
3.527
3.553
3.553
3.579
3.579
3.597
3.605
3.621
3.629
3.655
3.663
3.686
3.703
3.721
3.73
3.763
3.771
3.797
3.804
3.833
3.848
3.876
3.885
3.919
3.93
4.587
4.601
4.645
4.661
4.697
4.713
4.757
4.775
4.82
4.839
4.879
4.882
4.924
5.165
5.21
5.241
5.284
5.321
5.37
5.405
5.456
5.507
5.559
5.595
5.659
5.633
5.576
5.547
5.632
5.68
5.746
5.798
5.869
5.859
5.812
5.771
5.727
5.693
5.648
5.611
5.571
5.594
5.674
5.725
5.811
5.869
5.957
6.018
6.117
6.187
6.288
6.366
6.476
6.547
0.706
0.699
0.691
0.691
0.691
0.692
0.682
0.682
0.674
0.675
0.675
0.675
0.666
0.666
0.658
0.659
0.659
0.65
0.65
0.656
0.668
0.67
0.661
0.659
0.66
0.661
0.666
0.663
0.672
0.675
0.678
0.671
0.788
0.779
0.687
0.685
0.659
0.658
0.674
0.671
0.678
0.68
0.666
0.668
0.667
0.666
0.669
-2.91369 11.8184 1.34573
