1 361
2.735
2.681
2.626
2.538
2.487
2.408
2.355
2.27
2.243
2.182
2.155
2.096
2.061
2.039
2.06
2.079
2.086
2.119
2.129
2.156
2.154
2.144
2.135
2.114
2.103
2.114
2.132
2.153
2.171
2.196
2.213
2.243
2.254
2.278
2.262
1.853
1.853
1.843
1.855
1.855
1.87
1.872
1.87
1.879
1.877
1.89
1.901
1.928
1.937
1.952
1.977
1.993
2.021
2.041
2.091
2.51
2.522
2.532
2.541
2.561
2.579
2.6
2.625
2.66
2.693
2.734
2.767
2.82
2.847
2.864
2.942
2.919
2.933
2.938
2.962
3.019
3.074
3.093
3.146
2.743
2.735
2.733
2.756
1.409
1.412
1.426
1.443
1.458
1.476
1.502
1.517
1.543
1.559
1.583
1.608
1.64
1.665
1.69
1.716
1.75
1.776
1.811
1.835
1.878
1.911
1.953
1.989
2.039
2.075
2.127
2.173
2.224
2.275
2.334
2.39
2.456
2.52
2.6
2.688
2.777
2.86
2.964
3.067
3.188
3.308
3.46
3.6
3.763
3.916
4.112
4.374
4.615
4.855
5.176
5.486
5.871
6.266
6.728
7.165
8.183
8.183
8.183
8.183
8.183
8.183
8.183
8.183
8.183
8.183
8.174
8.183
8.183
7.537
7.52
7.527
7.525
7.535
7.534
7.543
7.539
7.554
7.548
7.565
7.574
7.59
7.58
7.598
7.6
7.618
7.626
7.651
7.652
7.672
7.681
7.703
7.706
7.723
7.738
7.757
8.163
8.183
8.183
8.183
8.183
8.183
8.183
8.183
8.183
8.183
8.183
8.183
8.183
8.183
8.183
8.183
8.183
8.183
8.183
8.183
8.183
8.183
8.183
8.183
8.183
8.183
8.183
8.183
8.183
8.183
8.183
8.183
8.183
8.183
8.183
8.183
8.183
8.183
8.183
8.183
8.183
8.183
8.183
8.183
8.183
8.183
8.183
8.183
8.183
0.832
0.813
0.798
0.782
0.783
0.774
0.773
0.765
0.767
0.757
0.759
0.74
0.742
0.731
0.733
0.732
0.725
0.717
0.725
0.708
0.708
0.708
0.707
0.691
0.7
0.692
0.693
0.683
0.683
0.675
0.685
0.674
0.675
0.667
0.667
0.657
0.657
0.658
0.658
0.65
0.65
0.65
0.65
0.641
0.652
0.643
0.642
0.641
0.641
0.633
0.634
0.634
0.635
0.634
0.634
0.624
0.635
0.626
0.625
0.625
0.617
0.617
0.625
0.617
0.625
0.618
0.627
0.618
0.619
0.618
0.619
0.62
0.614
0.615
0.623
0.619
0.616
0.607
0.595
0.598
0.598
0.607
0.627
0.618
0.62
0.615
0.62
0.62
0.619
0.618
0.618
0.617
0.626
0.618
0.625
0.626
0.624
0.624
0.625
0.626
0.625
0.624
0.624
0.624
0.633
0.633
0.634
0.635
0.635
0.633
0.643
0.634
0.642
0.641
0.641
0.641
0.65
0.65
0.658
0.65
0.658
0.659
0.664
0.665
0.675
0.666
0.675
0.674
0.683
0.675
0.682
0.683
0.691
10.9914 11.3582 4.85709
