1 361
2.42
2.445
2.436
2.46
2.452
2.476
2.467
2.484
2.475
2.501
2.491
2.515
2.515
2.538
2.529
2.554
2.552
2.577
2.569
2.593
2.584
2.623
2.623
2.557
2.548
2.478
2.469
2.4
2.4
2.335
2.335
2.276
2.268
2.207
2.207
2.154
2.154
2.094
2.103
2.05
2.049
2.007
2.006
1.956
1.956
1.914
1.914
1.88
1.881
1.837
1.838
1.805
1.805
1.78
1.772
1.746
1.746
1.722
1.723
1.688
1.69
1.655
1.664
1.63
1.63
1.609
1.609
1.584
1.583
1.559
1.56
1.543
1.544
1.527
1.526
1.502
1.501
1.485
1.484
1.467
1.469
1.452
1.452
1.435
1.436
1.419
1.426
1.41
1.41
1.394
1.393
1.383
1.384
1.367
1.367
1.359
1.358
1.351
1.35
1.332
1.341
1.323
1.323
1.323
1.323
1.307
1.306
1.307
1.297
1.297
1.297
1.287
1.28
1.28
1.28
1.271
1.271
1.263
1.263
1.263
1.264
1.254
1.254
1.245
1.254
1.245
1.245
1.245
1.245
1.237
1.246
1.238
1.237
1.228
1.228
1.228
1.229
1.229
1.229
1.232
1.224
1.23
1.231
1.229
1.229
1.226
1.227
1.22
1.221
1.225
1.225
1.224
1.227
1.228
1.228
1.226
1.226
1.23
1.231
1.229
1.23
1.229
1.229
1.239
1.239
1.239
1.239
1.239
1.24
1.247
1.247
1.247
1.249
1.256
1.256
1.256
1.266
1.266
1.265
1.273
1.273
1.282
1.282
1.282
1.282
1.29
1.299
1.299
1.3
1.309
1.309
1.317
1.317
1.326
1.326
1.335
1.335
1.344
1.353
1.361
1.362
1.369
1.369
1.378
1.378
1.395
1.396
1.404
1.413
1.422
1.421
1.447
1.438
1.455
1.455
1.472
1.471
1.489
1.498
1.514
1.514
1.53
1.531
1.547
1.547
1.563
1.563
1.588
1.588
1.614
1.613
1.636
1.645
1.66
1.668
1.693
1.693
1.491
1.498
1.523
1.522
1.545
1.555
1.584
1.592
1.614
1.613
1.879
1.879
1.922
1.921
1.965
1.975
2.009
2.012
2.048
2.055
2.101
2.11
2.154
2.154
2.213
2.211
2.272
2.276
2.172
2.176
2.165
2.175
2.306
2.304
2.411
2.411
5.759
5.76
5.708
5.707
5.664
5.671
5.619
5.62
5.575
5.583
5.54
5.539
5.496
5.505
5.463
5.471
5.429
5.44
5.395
5.413
5.38
5.378
5.345
5.353
5.321
5.324
5.734
5.756
5.816
5.816
5.793
5.793
5.772
5.773
5.722
5.731
5.995
6
7.487
7.494
8.183
8.183
8.183
8.183
8.183
8.183
8.183
8.183
8.183
8.183
8.183
8.183
7.479
7.487
5.648
5.658
5.67
5.678
5.676
5.685
5.684
5.693
5.69
5.698
5.696
5.705
5.704
5.713
5.721
5.732
5.74
5.74
5.747
5.761
5.411
5.387
5.252
5.252
5.276
5.276
5.287
5.296
5.31
5.32
5.337
5.347
5.364
5.373
-3.64935 10.3168 0.213052
