1 361
2.401
2.402
2.39
2.381
2.367
2.356
2.327
2.309
2.348
2.345
2.337
2.308
2.268
2.276
2.294
2.29
2.278
2.235
2.216
2.208
2.198
2.181
2.174
2.171
2.18
2.209
2.236
2.238
2.268
2.09
2.081
2.064
2.055
2.047
2.047
2.039
2.03
2.027
2.028
2.046
2.287
2.338
2.379
2.231
1.832
1.821
1.824
1.815
1.814
1.806
1.798
1.798
1.789
1.781
1.781
1.773
1.781
1.773
1.764
1.756
1.756
1.755
1.757
1.749
1.751
1.791
1.914
2.002
2.154
2.259
2.453
2.589
2.621
2.628
2.418
2.285
2.124
2.007
1.844
1.662
1.688
1.681
1.714
5.893
5.896
5.897
5.906
5.897
5.909
5.902
5.903
5.9
5.915
5.906
5.918
5.916
5.926
5.927
5.939
5.857
5.8
5.818
5.834
5.835
5.846
5.853
5.868
5.869
5.888
5.895
5.911
5.919
5.936
5.936
5.96
5.961
5.985
5.985
6.018
6.017
6.044
6.052
6.085
6.087
6.11
6.125
6.155
6.161
6.195
6.203
6.236
3.077
2.994
2.953
2.924
2.896
2.785
2.775
2.759
2.741
2.733
2.718
2.699
2.693
2.675
2.657
2.649
2.641
2.632
2.614
2.605
2.589
2.581
2.572
2.564
2.548
2.548
2.538
3.23
3.264
3.298
3.306
3.337
3.346
3.388
3.396
3.436
3.445
3.487
3.505
3.548
3.557
3.601
3.609
3.658
3.667
3.726
3.734
3.793
3.806
1.657
1.648
1.631
1.615
1.599
1.59
1.574
1.566
1.558
1.541
1.533
1.524
1.508
1.499
1.491
1.482
1.476
1.465
1.459
1.441
1.433
1.424
1.416
1.416
1.407
1.398
1.39
1.382
1.373
1.363
1.363
1.354
1.347
1.337
1.337
1.329
1.319
1.319
1.31
1.311
1.302
1.302
1.292
1.285
1.285
1.277
1.276
1.268
1.269
1.26
1.259
1.25
1.25
1.25
1.241
1.241
1.241
1.232
1.232
1.223
1.222
1.223
1.222
1.223
1.214
1.214
1.214
1.214
1.214
1.214
1.205
1.205
1.206
1.198
1.199
1.199
1.199
1.191
1.193
1.194
1.195
1.188
1.192
1.194
1.196
1.188
1.19
1.191
1.192
1.192
1.189
1.188
1.198
1.189
1.192
1.192
1.199
1.188
1.196
1.196
1.205
1.205
1.204
1.203
1.203
1.203
1.212
1.212
1.221
1.21
1.219
1.221
1.221
1.219
1.23
1.228
1.228
1.237
1.237
1.237
1.246
1.246
1.255
1.255
1.264
1.264
1.273
1.273
1.282
1.281
1.289
1.289
1.298
1.298
1.307
1.307
1.316
1.325
1.324
1.334
1.342
1.343
1.359
1.36
1.368
1.368
1.377
1.386
1.394
1.393
1.412
1.411
1.428
1.428
1.436
1.445
1.462
1.462
1.479
1.478
1.495
1.504
1.52
1.521
1.536
1.538
1.554
1.563
1.58
1.588
1.612
1.612
1.637
1.636
1.663
1.671
1.687
1.697
1.723
1.73
1.749
2.68711 1.37195 0.890563
