1 361
0.786
0.787
0.787
0.787
0.793
0.795
0.793
0.803
0.812
0.807
0.819
0.818
0.82
0.825
0.824
0.824
0.839
0.893
0.916
0.906
0.906
0.896
0.902
0.911
0.923
0.902
0.908
0.899
0.909
0.91
0.918
0.919
0.926
0.927
0.927
0.936
0.942
0.942
0.95
0.952
0.96
0.96
0.973
0.995
6.522
6.478
6.34
6.296
6.175
6.125
6.017
5.974
5.878
5.835
5.734
5.701
5.612
5.569
5.483
5.452
5.363
5.341
5.259
5.236
5.148
5.111
5.104
5.123
5.182
5.146
5.063
5.047
4.987
4.955
4.898
4.879
4.822
4.803
4.742
4.726
4.681
4.656
4.419
4.41
4.391
4.372
4.332
4.306
4.274
4.249
4.218
4.199
4.167
4.15
4.117
4.109
4.075
4.056
4.032
4.015
3.988
3.981
3.954
3.936
3.91
3.902
3.874
3.867
3.849
3.831
3.816
3.796
3.777
3.769
3.752
3.745
3.728
3.718
3.702
3.684
3.677
3.669
3.653
3.643
3.635
3.626
3.61
3.601
3.592
3.585
3.576
3.576
3.546
3.536
3.527
3.542
3.673
3.667
3.666
3.658
3.649
3.642
3.633
3.633
3.624
3.624
3.617
3.616
3.608
3.608
3.609
3.601
3.6
3.594
3.593
3.594
3.596
3.59
3.584
3.587
3.59
3.592
3.596
3.591
3.577
3.462
3.445
3.437
3.462
3.455
3.469
3.468
3.476
3.468
3.485
3.485
3.49
3.482
3.501
3.499
3.509
3.509
3.517
3.517
3.533
3.533
3.545
3.542
3.559
3.559
3.576
3.569
3.59
3.589
3.603
3.604
3.629
3.629
3.649
3.648
3.67
3.671
3.688
3.687
3.715
3.716
3.738
3.748
3.77
3.772
3.797
3.797
3.831
3.831
3.857
3.867
3.892
3.894
3.928
3.927
3.963
3.973
4.006
4.006
4.05
4.052
4.071
4.076
4.304
4.308
4.354
4.358
4.406
4.407
4.457
4.474
4.517
4.525
4.572
4.592
4.641
4.658
4.72
4.735
4.698
4.679
4.654
4.663
4.76
4.768
4.841
4.848
4.926
4.935
5.009
5.025
5.103
5.12
5.197
5.219
5.306
5.319
5.412
5.422
0.801
0.8
0.783
0.784
0.784
0.776
0.768
0.776
0.76
0.762
0.753
0.753
0.745
0.743
0.735
0.737
0.725
0.729
0.723
0.726
0.735
0.741
0.73
0.73
0.722
0.722
0.728
0.719
0.733
0.733
0.728
0.731
0.792
0.775
0.695
0.695
0.698
0.695
0.675
0.691
0.667
0.66
0.664
0.664
0.672
0.672
0.672
0.673
0.672
0.671
0.68
0.678
0.679
0.68
0.686
0.688
0.688
0.686
0.695
0.696
0.705
0.697
0.704
0.704
0.711
0.712
0.719
0.719
0.727
0.728
0.727
0.726
0.736
0.736
0.744
0.745
0.744
0.754
0.762
0.761
0.769
0.768
0.776
0.776
0.784
0.792
0.794
0.801
0.809
0.81
0.818
0.82
0.827
0.827
0.845
0.844
0.852
4.91253 2.64329 0.238997
