1 361
0.73
0.737
0.738
0.742
0.746
0.743
0.75
0.745
0.751
0.751
0.76
0.779
0.817
0.839
0.84
0.836
0.825
0.826
0.825
0.825
0.822
0.825
0.814
0.806
0.815
0.814
0.823
0.821
0.823
0.831
0.833
0.832
0.841
0.841
0.847
0.849
0.848
0.848
0.858
0.856
0.866
0.862
0.867
7.622
7.418
7.419
7.459
7.556
7.488
7.505
7.52
7.538
6.536
6.496
6.383
6.31
6.193
6.132
6.032
5.966
5.874
5.822
5.733
5.677
5.594
5.541
5.462
5.413
5.347
5.298
5.226
5.187
5.117
5.086
4.995
4.955
4.998
5.015
5.048
4.997
4.939
4.903
4.844
4.812
4.767
4.735
4.69
4.656
4.624
4.59
4.555
4.458
4.293
4.286
4.256
4.232
4.198
4.172
4.141
4.115
4.09
4.063
4.038
4.02
3.986
3.971
3.951
3.925
3.898
3.89
3.856
3.848
3.821
3.804
3.785
3.77
3.751
3.732
3.718
3.701
3.685
3.67
3.659
3.64
3.625
3.618
3.602
3.583
3.574
3.563
3.548
3.541
3.524
3.514
3.506
3.497
3.489
3.472
3.471
3.459
3.447
3.446
3.438
3.431
3.406
3.391
3.39
3.478
3.54
3.529
3.52
3.511
3.512
3.504
3.504
3.495
3.495
3.487
3.487
3.488
3.488
3.47
3.477
3.47
3.47
3.47
3.472
3.464
3.466
3.455
3.46
3.442
3.467
3.458
3.462
3.461
3.466
3.458
3.314
3.313
3.325
3.329
3.335
3.333
3.35
3.343
3.35
3.351
3.36
3.357
3.375
3.375
3.384
3.379
3.391
3.391
3.399
3.397
3.415
3.416
3.431
3.431
3.447
3.448
3.464
3.465
3.477
3.479
3.498
3.497
3.524
3.515
3.535
3.55
3.557
3.564
3.583
3.59
3.611
3.609
3.633
3.64
3.666
3.667
3.692
3.701
3.725
3.735
3.76
3.768
3.803
3.802
3.829
3.837
3.874
3.882
3.917
3.924
3.96
3.964
3.977
3.987
4.212
4.228
4.271
4.286
4.318
4.335
4.385
4.394
4.446
4.463
4.496
4.519
4.569
4.593
4.644
4.677
4.642
4.609
4.576
4.607
4.696
4.714
4.777
4.802
4.862
4.886
4.954
4.98
5.056
5.079
5.152
5.181
5.264
5.298
5.374
5.414
5.499
5.535
5.626
5.664
5.767
5.807
5.915
5.957
6.081
6.133
6.291
6.584
6.732
6.8
6.9
6.977
0.768
0.775
0.769
0.76
0.761
0.761
0.754
0.756
0.746
0.744
0.738
0.736
0.74
0.739
0.728
0.729
0.72
0.73
0.721
0.72
0.718
0.711
0.71
0.711
0.733
0.732
0.724
0.722
0.721
0.727
0.743
0.744
0.745
0.739
0.825
0.838
0.794
0.784
0.712
0.714
0.708
0.71
0.704
0.703
0.677
0.676
0.683
0.682
0.686
0.686
0.696
0.695
0.703
0.702
0.711
0.711
0.719
0.72
0.719
0.727
0.726
0.727
0.736
0.744
0.744
0.752
0.754
5.04667 2.66954 0.153545
