1 361
5.562
5.516
5.467
5.409
5.329
5.286
5.248
5.244
5.036
4.994
4.946
4.917
4.891
4.861
4.832
4.852
5.201
5.167
5.156
5.193
4.936
4.891
4.866
4.808
4.738
4.682
4.655
4.658
4.635
4.702
4.827
5.033
5.164
5.212
4.751
4.126
4.101
4.083
4.065
4.05
4.039
4.021
3.997
3.988
3.98
3.962
3.953
3.934
3.918
3.909
3.902
3.895
3.877
3.87
3.86
3.844
3.834
3.826
3.818
3.81
3.802
3.801
3.793
3.785
3.786
3.767
3.768
3.751
3.749
3.748
3.742
3.736
3.731
3.727
3.726
3.727
3.718
3.717
3.711
3.712
3.713
3.711
3.712
3.71
3.706
3.707
3.7
3.707
3.707
3.707
3.705
3.713
3.714
3.711
3.713
3.711
3.718
3.722
3.731
3.732
3.73
3.73
3.731
3.74
3.747
3.747
3.755
3.754
3.763
3.771
3.778
3.785
3.786
3.825
4.977
4.994
5.004
5.012
5.029
5.037
5.052
5.061
5.076
5.093
5.103
5.12
5.135
5.151
5.169
5.176
5.201
5.216
5.233
5.259
5.277
5.292
5.32
5.345
5.362
5.378
5.406
5.431
5.447
5.472
5.499
5.532
5.557
5.583
5.609
5.636
5.663
5.699
5.726
5.761
5.787
5.822
5.854
5.89
5.933
5.965
5.997
6.039
6.08
6.113
6.164
6.198
6.244
6.174
6.115
6.047
5.982
5.928
5.869
5.817
5.757
3.007
2.992
2.967
2.939
2.915
2.897
2.873
2.847
2.822
2.807
2.781
2.764
2.747
2.722
2.713
2.686
2.679
2.661
2.643
2.626
2.608
2.592
2.575
2.559
2.551
2.534
2.519
2.502
2.493
2.484
2.469
2.452
2.443
2.435
2.418
2.41
2.401
2.393
2.384
2.367
2.359
2.35
2.341
2.334
2.325
2.316
2.308
2.308
2.292
2.292
2.283
2.274
2.265
2.256
2.248
2.248
2.239
2.239
2.23
2.23
2.221
2.212
2.212
2.203
2.203
2.203
2.194
2.194
2.185
2.185
2.176
2.176
2.176
2.176
2.84
2.861
2.884
2.964
3.004
3.072
3.417
3.43
3.436
3.422
3.468
3.555
3.904
3.983
3.983
3.761
3.956
3.975
3.966
3.459
3.221
3.222
3.216
3.208
3.216
3.157
3.229
3.748
3.922
3.913
3.442
3.3
3.258
3.262
3.664
3.494
3.37
3.237
3.224
3.229
3.236
3.242
3.256
3.262
3.85
3.727
3.602
3.487
3.37
3.264
3.183
3.183
3.191
3.2
3.2
3.217
3.225
3.234
3.243
3.251
3.26
3.277
3.622
3.582
3.53
3.49
3.446
3.407
3.369
3.322
3.337
7.902
7.944
7.976
8.008
8.04
8.088
8.118
8.163
8.183
8.183
8.183
8.183
8.183
8.183
4.927
4.861
4.842
4.81
4.703
4.688
4.672
4.656
4.635
4.618
4.613
4.594
4.581
4.57
4.557
4.538
4.529
4.707
5.341
5.384
5.418
5.468
5.511
5.564
5.606
5.659
5.703
12.295 6.08102 0.938053
