1 361
1.502
1.658
1.761
1.958
2.066
2.304
2.556
2.931
3.271
3.964
5.043
5.093
6.7
6.741
6.719
6.73
6.724
6.72
6.726
6.73
6.727
6.731
6.738
6.743
6.747
6.752
6.761
6.758
6.773
6.779
6.787
6.787
6.801
6.807
6.815
6.959
6.815
6.83
7.002
6.883
6.887
6.894
6.911
6.923
6.943
6.96
6.976
6.993
7.009
7.025
7.049
7.067
7.091
7.114
7.131
7.163
7.185
7.207
7.459
7.232
7.219
7.022
7.039
7.067
7.211
7.083
7.098
7.102
6.14
6.077
5.975
5.877
5.791
5.687
5.609
5.51
5.442
5.352
5.286
5.209
5.14
5.061
5.006
4.932
4.873
4.813
4.766
4.695
4.659
4.598
4.521
4.469
4.495
4.532
4.566
4.512
4.469
4.417
4.374
4.323
4.292
4.244
4.211
4.164
4.13
4.102
4.065
4.034
3.808
3.764
3.757
3.728
3.7
3.67
3.644
3.61
3.594
3.558
3.544
3.516
3.499
3.463
3.447
3.423
3.406
3.374
3.366
3.334
3.318
3.302
3.287
3.268
3.252
3.228
3.219
3.194
3.185
3.168
3.161
3.135
3.136
3.111
3.099
3.082
3.075
3.065
3.049
3.04
3.034
3.012
3.004
2.996
2.989
2.969
2.97
2.955
2.943
2.936
2.936
2.918
2.918
2.901
2.901
2.887
2.894
2.876
2.876
2.859
2.859
2.826
2.826
2.818
2.845
2.962
2.968
2.958
2.96
2.949
2.949
2.941
2.941
2.932
2.933
2.935
2.935
2.924
2.925
2.924
2.924
2.918
2.92
2.919
2.921
2.916
2.916
2.917
2.921
2.915
2.919
2.924
2.926
2.917
2.925
2.924
2.923
2.922
2.932
2.931
2.939
2.849
2.784
2.783
2.794
2.808
2.823
2.824
2.832
2.832
2.841
2.841
2.848
2.857
2.865
2.865
2.874
2.882
2.891
2.893
2.897
2.907
2.916
2.923
2.933
2.94
2.951
2.954
2.968
2.976
2.984
2.992
3.01
3.01
3.034
3.037
3.054
3.062
3.08
3.088
3.097
3.111
3.132
3.139
3.156
3.167
3.183
3.2
3.217
3.226
3.25
3.265
3.283
3.3
3.324
3.339
3.364
3.372
3.395
3.422
3.444
3.462
3.486
3.505
3.532
3.555
3.591
3.607
3.639
3.634
3.666
3.891
3.937
3.95
3.992
4.018
4.06
4.085
4.126
4.155
4.206
4.241
4.286
4.32
4.371
4.434
4.41
4.374
4.352
4.342
4.438
4.481
4.537
4.585
4.641
4.689
4.753
4.796
4.868
4.912
4.991
5.047
5.125
5.187
5.268
5.336
5.418
5.496
5.582
5.672
5.766
5.853
5.968
6.04
6.52
6.636
6.722
6.836
6.985
6.959
6.934
7.034
7.21
7.347
7.339
7.294
7.231
7.178
7.125
7.081
7.03
6.988
7.031
7.073
7.119
7.149
7.191
7.226
7.275
7.318
8.183
8.183
8.183
8.183
8.183
8.183
8.183
8.183
8.183
8.183
8.187
8.183
8.183
5.67902 2.69316 -0.009346
