1 361
2.212
2.33
2.347
2.479
2.489
2.634
2.661
2.835
2.85
3.039
3.068
3.256
3.276
3.4
3.392
3.392
3.392
3.384
3.374
3.375
3.366
3.367
3.357
3.358
3.357
3.357
3.348
3.349
3.349
3.349
3.348
3.348
3.338
3.347
3.339
3.345
3.346
3.345
3.346
3.354
3.345
3.354
3.345
3.353
3.361
3.361
3.361
3.369
3.361
3.377
3.37
3.378
3.378
3.386
3.386
3.403
3.395
3.412
3.412
3.419
3.428
3.436
3.436
3.452
3.453
3.47
3.469
3.487
3.488
3.505
3.504
3.521
3.521
3.547
3.546
3.572
3.573
3.598
3.599
3.616
3.625
3.65
3.65
3.675
3.675
3.71
3.702
3.734
3.735
3.768
3.769
3.805
3.805
3.838
3.838
3.874
3.882
3.918
3.918
3.962
3.962
3.999
4
3.981
3.984
4.072
4.007
4.125
4.148
4.205
4.214
4.263
4.263
4.33
4.33
4.39
4.39
4.46
4.46
4.524
4.524
4.59
4.598
4.668
4.677
4.745
4.754
4.833
4.833
4.917
4.924
5.014
5.025
5.118
5.133
5.221
5.229
5.327
5.343
5.442
5.461
5.572
5.591
5.707
5.717
5.845
5.862
5.998
6.019
2.147
2.143
2.116
2.116
2.098
2.098
2.073
2.074
2.112
2.11
2.182
2.181
2.246
2.253
2.325
2.324
2.408
2.419
2.5
2.506
2.598
2.608
2.709
2.716
2.823
2.841
2.965
2.975
3.111
3.132
3.279
3.286
3.458
3.475
3.662
3.687
3.908
3.925
4.17
4.198
4.481
4.516
4.585
4.585
4.57
4.57
4.554
4.552
4.545
4.544
4.528
4.527
4.527
4.519
4.51
4.511
4.501
4.5
4.503
4.503
4.496
4.494
4.496
4.487
4.487
4.487
4.486
4.486
4.483
4.483
4.486
4.488
4.489
4.49
4.492
4.5
4.5
4.507
4.508
4.508
4.517
4.518
4.534
4.526
4.541
4.55
4.551
4.56
4.559
4.567
4.575
4.584
4.592
4.597
4.599
4.6
4.516
4.493
4.262
4.23
4.009
3.977
3.792
3.765
3.592
3.579
3.413
3.404
3.274
3.258
3.124
3.12
3.006
2.999
2.883
2.884
2.777
2.769
2.686
2.677
2.588
2.589
2.499
2.501
2.426
2.417
2.358
2.349
2.284
2.275
2.225
2.216
2.162
2.162
2.11
2.102
2.049
2.058
2.004
2.004
1.961
1.962
1.922
1.928
1.944
1.952
1.978
1.978
2.004
2.011
2.039
2.038
2.062
2.07
2.099
2.107
2.133
2.141
2.168
2.178
2.212
2.22
2.254
2.263
2.296
2.306
2.345
2.354
2.387
2.397
2.437
2.453
2.495
2.503
2.552
2.561
2.61
2.63
2.673
2.687
2.737
2.758
2.797
2.803
2.762
2.763
2.739
2.738
2.713
2.715
2.689
2.688
2.663
2.662
2.637
2.647
2.619
2.621
2.603
2.595
2.578
2.578
2.562
2.563
2.548
2.539
2.523
2.523
2.507
2.507
2.49
2.49
-3.94156 10.4411 4.13298
