1 361
5.806
5.963
6.002
6.168
6.205
6.373
6.429
6.608
6.652
7.159
7.221
7.473
7.54
4.364
4.35
4.316
4.308
4.276
4.267
4.234
4.225
4.193
4.185
4.159
4.152
4.127
4.118
4.101
4.091
4.067
4.058
4.041
4.032
4.015
4.005
3.99
3.988
3.971
3.963
3.945
3.935
3.927
3.918
3.9
3.9
3.883
3.883
3.874
3.865
3.856
3.858
3.848
3.839
3.823
3.832
3.815
3.815
3.806
3.806
3.798
3.798
3.789
3.81
3.562
3.447
2.406
2.3
1.861
1.829
1.549
1.532
1.318
1.312
1.163
1.16
1.026
1.029
0.933
0.942
0.844
0.861
0.778
0.793
0.716
0.73
0.665
0.676
0.606
0.627
0.573
0.58
0.464
0.53
0.422
0.434
0.407
0.421
0.375
0.395
0.384
0.373
0.386
0.387
0.387
0.387
0.388
0.389
0.388
0.397
0.396
0.397
0.396
0.398
0.397
0.407
0.406
0.408
0.408
0.407
0.408
0.418
0.418
0.417
0.417
0.426
0.426
0.427
0.427
0.426
0.442
0.435
0.464
0.464
0.465
0.474
0.491
0.489
0.538
0.549
0.525
0.537
0.508
0.508
0.514
0.52
0.549
0.546
0.549
0.558
0.612
0.583
2.349
2.356
2.308
2.307
2.324
2.332
2.366
2.384
2.378
2.37
2.344
2.344
2.307
2.317
2.364
2.389
2.448
2.472
2.521
2.54
2.579
2.605
2.648
2.674
2.718
2.743
2.794
2.817
8.183
8.183
8.183
8.183
8.183
8.183
8.183
8.183
8.183
8.183
8.183
8.183
8.183
8.183
8.183
8.183
5.308
5.297
5.263
5.257
5.384
5.458
5.654
5.738
5.965
6.045
6.307
6.405
6.689
6.803
7.14
7.257
7.622
7.783
7.794
7.791
7.767
7.769
7.732
7.741
7.718
7.715
7.691
7.696
7.674
7.677
7.658
7.658
7.652
7.647
7.623
7.635
7.624
7.626
7.62
7.621
7.606
7.618
7.606
7.608
7.601
7.609
7.606
7.621
7.612
7.622
6.408
5.933
4.979
4.69
4.67
4.679
4.679
4.679
4.686
4.686
4.689
4.698
4.709
4.716
4.717
4.733
4.732
4.741
4.751
4.758
4.759
4.777
4.784
4.793
4.802
4.812
4.821
4.839
4.847
4.856
4.873
4.881
4.751
4.693
4.532
4.47
4.327
4.268
4.136
4.082
3.964
3.918
3.814
3.759
3.654
3.616
3.522
3.49
3.406
3.374
3.293
3.262
3.185
3.16
3.084
3.066
2.995
2.968
2.909
2.892
2.829
2.814
2.756
2.731
2.688
2.67
2.617
2.6
2.558
2.542
2.493
2.484
2.444
2.428
2.395
2.38
2.337
2.33
2.297
2.279
2.247
2.236
2.211
2.202
2.176
2.157
2.132
2.126
2.096
1.972
1.852
1.844
1.8
1.816
1.803
1.796
1.769
1.762
1.781
1.805
1.925
1.922
1.9
1.891
1.874
1.858
1.85
1.841
1.827
1.827
1.812
1.813
1.789
1.789
1.772
1.773
-1.71604 13.1618 3.85526
