1 361
1.48
1.438
1.422
1.378
1.37
1.326
1.315
1.283
1.274
1.238
1.23
1.21
1.21
1.163
1.142
1.1
1.1
1.066
1.057
1.033
1.025
1.008
0.999
0.982
0.973
0.957
0.949
0.931
0.931
0.915
0.915
0.897
0.897
0.87
0.87
0.855
0.855
0.859
0.867
0.882
0.882
0.891
0.89
0.908
0.908
0.925
0.925
0.934
0.943
0.952
0.961
0.954
0.955
0.645
0.64
0.659
0.661
0.658
0.661
0.652
0.652
0.654
0.665
0.663
0.666
0.667
0.67
0.682
0.688
0.716
0.71
0.735
0.748
0.774
0.781
0.804
0.821
0.846
0.862
0.887
0.902
0.942
0.959
1.011
1.029
1.081
1.103
1.159
1.183
1.241
1.272
1.341
1.385
1.49
1.604
1.66
1.691
1.735
4.873
4.848
4.839
4.821
4.812
4.796
4.786
4.778
4.768
4.751
4.742
4.733
4.725
4.706
4.708
4.698
4.689
4.672
4.673
4.66
4.664
4.646
4.647
4.623
4.619
4.754
4.773
4.749
4.751
4.745
4.747
4.747
4.748
4.747
4.747
4.739
4.744
4.735
4.739
4.712
4.712
4.732
4.742
4.746
4.739
4.743
4.745
4.74
4.599
4.599
4.621
4.621
4.63
4.629
4.642
4.646
4.654
4.664
4.673
4.672
4.681
4.689
4.699
4.706
4.714
4.725
4.734
4.741
4.752
4.76
4.777
4.777
4.796
4.799
4.823
4.832
4.85
4.858
4.883
4.892
4.909
4.926
4.936
4.952
4.968
4.986
5.012
5.028
5.053
5.068
5.085
5.102
5.134
5.157
1.846
1.809
1.792
1.76
1.731
1.726
1.721
1.701
1.701
1.612
1.602
1.589
1.588
1.572
1.57
1.564
1.563
1.546
1.547
1.539
1.538
1.53
1.521
1.521
1.52
1.513
1.506
1.503
1.504
1.496
1.497
1.49
1.489
1.48
1.488
1.48
1.48
1.473
1.473
1.463
1.472
1.463
1.463
1.455
1.463
1.446
1.456
1.446
1.455
1.446
1.448
1.484
2.422
2.456
2.488
2.52
2.554
2.576
2.617
2.645
2.689
2.723
2.764
2.797
2.838
2.882
2.933
2.968
3.02
3.065
3.127
3.166
3.226
3.277
3.341
3.399
3.473
3.535
3.612
3.671
2.475
2.488
2.624
4.011
4.114
4.198
4.313
4.413
2.61
2.515
2.515
2.492
2.489
2.487
2.518
2.518
2.637
2.868
2.882
2.89
2.909
2.945
3.161
3.143
3.136
3.128
2.923
2.817
2.767
2.767
2.771
2.766
2.763
2.744
2.745
2.388
1.709
1.65
1.649
1.652
1.648
1.634
1.638
1.626
1.634
1.627
1.619
1.622
1.607
1.596
0.904
0.895
0.895
0.892
0.901
0.889
0.893
0.9
0.888
0.896
0.896
0.894
0.902
0.892
0.892
0.892
0.892
0.901
0.902
0.901
0.901
0.9
0.909
0.908
0.909
0.909
0.917
0.917
0.917
0.917
0.925
0.925
0.925
0.926
0.926
0.935
0.935
0.943
0.944
3.75382 2.11297 0.49268
