1 361
0.373
0.372
0.372
0.369
0.368
0.357
0.357
0.357
0.359
0.355
0.358
0.356
0.351
0.349
0.347
0.344
0.344
0.346
0.346
0.34
0.344
0.341
0.343
0.334
0.333
0.337
0.338
0.353
0.34
0.372
0.37
0.392
0.39
0.475
0.463
0.54
0.539
0.574
0.575
0.618
0.624
0.692
0.697
0.622
0.62
0.603
0.607
0.611
0.585
0.602
0.61
0.608
0.606
0.601
0.601
0.599
0.606
0.6
0.606
0.62
0.618
0.621
0.614
0.623
0.618
0.626
0.63
0.632
0.632
0.642
0.642
0.646
0.655
8.183
8.183
8.187
8.187
8.187
8.187
8.187
8.187
8.187
8.187
8.187
8.191
8.191
8.187
8.183
8.183
8.183
8.183
8.183
8.183
8.183
8.183
8.183
8.183
8.183
8.183
8.183
8.183
8.183
8.183
7.995
7.886
7.649
7.538
7.342
7.239
7.064
6.924
6.954
6.972
6.859
6.778
6.618
6.548
6.103
6.032
5.911
5.854
5.742
5.681
5.576
5.514
5.411
5.357
5.261
5.219
5.129
5.081
5.009
4.961
4.876
4.84
4.76
4.735
4.656
4.621
4.546
4.521
4.462
4.401
4.356
4.38
4.415
4.448
4.4
4.376
4.317
4.303
4.244
4.219
4.169
4.154
4.106
4.081
4.038
4.024
3.972
3.955
3.797
3.702
3.663
3.674
3.635
3.619
3.584
3.569
3.533
3.524
3.49
3.481
3.45
3.443
3.407
3.4
3.366
3.366
3.335
3.327
3.301
3.294
3.271
3.262
3.238
3.227
3.212
3.202
3.186
3.179
3.152
3.152
3.127
3.126
3.109
3.108
3.084
3.084
3.067
3.059
3.039
3.04
3.024
3.021
3.006
3.005
2.996
2.988
2.979
2.97
2.962
2.961
2.944
2.942
2.934
2.933
2.924
2.925
2.917
2.916
2.9
2.9
2.9
2.892
2.893
2.892
2.876
2.859
2.859
2.852
3.005
3.01
3.001
3.01
2.993
2.992
2.995
2.993
2.986
2.995
2.988
2.992
2.983
2.989
2.987
2.993
2.991
3
2.991
2.999
2.999
2.998
3.007
3.007
3.008
3.017
3.016
3.025
3.025
3.033
3.042
3.043
3.05
3.061
3.062
2.992
2.908
2.917
2.927
2.948
2.947
2.967
2.965
2.985
2.977
2.983
2.992
3
3.009
3.019
3.027
3.037
3.048
3.059
2.463
2.434
2.434
2.425
2.417
2.417
2.4
2.4
2.392
2.393
2.384
2.384
2.375
2.374
2.367
2.367
2.358
2.357
2.35
2.349
2.341
2.341
2.333
2.333
2.324
2.334
2.324
2.324
2.317
2.32
3.547
3.573
3.6
3.617
3.642
3.667
3.693
3.726
3.753
3.778
3.813
3.841
3.853
3.885
4.129
4.167
4.202
4.242
4.282
4.314
4.357
4.4
4.435
4.476
4.525
4.566
4.62
4.664
4.627
4.603
4.568
4.619
4.7
4.752
4.825
4.868
4.937
4.987
5.055
5.111
5.19
5.241
5.327
5.39
5.477
5.547
3.62548 8.60169 0.309918
