1 361
1.022
1.022
1.014
1.005
1.005
1.005
0.998
0.997
0.997
0.997
0.987
0.988
0.988
0.979
0.979
0.979
0.978
0.97
0.969
0.969
0.961
0.962
0.962
0.963
0.962
0.962
0.962
0.962
0.953
0.956
0.958
0.954
0.954
0.954
0.946
0.946
0.948
0.949
0.944
0.943
0.948
0.949
0.948
0.942
0.933
0.924
0.924
0.933
0.933
0.942
0.951
0.951
0.953
0.939
0.948
0.946
0.946
0.955
0.954
0.954
0.954
0.954
0.954
0.954
0.954
0.963
0.963
0.963
0.963
0.962
0.97
0.97
0.97
0.974
0.974
0.957
0.955
0.966
0.965
0.965
0.964
0.974
0.974
1.136
1.144
1.144
1.154
1.153
1.162
1.162
1.171
1.171
1.18
1.179
1.188
1.198
1.197
1.197
1.206
1.215
1.214
1.224
1.223
1.23
1.242
1.25
1.251
1.259
1.267
1.267
1.285
1.286
1.293
1.302
1.303
1.311
1.322
1.328
1.339
1.347
1.357
1.374
1.374
1.391
1.392
1.407
1.416
1.426
1.433
1.45
1.459
1.475
1.483
1.5
1.508
1.523
1.524
1.548
1.557
1.581
1.589
1.608
1.625
1.611
1.61
1.586
1.586
1.561
1.562
1.544
1.546
1.527
1.538
1.56
1.577
1.638
1.655
1.679
1.695
1.721
1.738
1.773
1.782
1.815
1.841
1.865
1.89
1.919
1.949
1.981
2.008
2.052
2.07
2.121
2.147
2.2
2.234
2.279
2.318
2.376
2.409
2.475
2.515
2.588
2.634
2.708
2.758
2.839
2.897
2.996
3.044
3.155
3.226
3.361
3.383
4.101
4.22
4.362
4.359
4.334
4.342
4.357
4.596
4.808
4.803
4.766
4.756
4.719
4.71
4.675
4.667
4.633
4.625
4.59
4.582
4.557
4.548
4.539
4.58
4.624
4.667
4.71
4.754
4.799
4.844
4.896
4.938
8.183
8.183
8.183
8.183
8.183
8.183
8.183
8.183
8.183
8.183
8.183
8.183
8.183
8.183
8.183
8.183
8.183
8.183
8.183
8.183
8.183
8.183
8.183
8.183
8.183
8.183
8.183
8.183
7.998
7.807
7.495
7.336
7.055
6.924
6.671
6.547
6.333
6.216
6.023
5.91
5.751
5.651
5.497
5.407
5.233
5.148
5.159
5.183
5.196
5.111
5.001
4.923
4.828
4.768
4.724
8.183
8.183
8.183
8.183
8.183
8.183
8.183
3.792
3.339
3.267
3.256
3.217
3.207
3.196
3.191
3.184
3.183
3.19
3.194
3.205
3.226
3.25
3.234
3.186
3.162
3.118
3.101
3.068
3.04
3.007
2.979
2.945
2.926
2.892
2.876
2.851
2.834
2.8
2.784
2.749
2.734
2.709
2.701
2.666
2.659
2.641
2.621
2.602
2.582
2.564
2.549
2.531
2.514
2.498
2.484
2.465
2.448
2.431
2.411
2.396
2.378
2.359
2.343
2.324
2.306
2.287
2.277
2.252
2.232
2.212
2.193
2.182
2.164
2.154
2.137
2.13
2.122
2.106
2.097
7.70331 4.82254 1.49451
