1 361
1.653
1.643
1.644
1.636
1.627
1.627
1.627
1.619
1.619
1.619
1.602
1.609
1.602
1.601
1.602
1.592
1.601
1.584
1.592
1.584
1.593
1.585
1.585
1.578
1.58
1.575
1.578
1.572
1.583
1.579
1.577
1.577
1.569
1.56
1.56
1.56
1.569
1.577
1.582
1.585
1.579
1.578
1.58
1.579
1.583
1.585
1.584
1.584
1.592
1.592
1.592
1.591
1.601
1.601
1.6
1.6
1.609
1.61
1.613
1.617
1.618
1.626
1.625
1.633
1.633
1.641
1.641
1.645
1.649
1.636
1.646
1.644
1.653
1.688
1.828
1.828
1.845
1.845
1.852
1.852
1.871
1.87
1.877
1.888
1.894
1.894
1.911
1.911
1.929
1.937
1.945
1.955
1.97
1.971
1.988
1.989
2.007
2.014
2.023
2.03
2.05
2.05
2.077
2.083
2.094
2.101
2.12
2.138
2.155
2.165
2.181
2.199
2.208
2.226
2.244
2.24
2.22
2.194
2.176
2.15
2.132
2.151
2.17
2.201
2.224
2.244
2.269
2.285
2.31
2.327
2.353
2.379
2.403
2.423
2.444
2.474
2.5
2.524
2.556
2.576
2.615
2.642
2.676
2.702
2.738
2.768
2.802
2.844
2.879
2.915
2.956
2.992
3.036
3.089
3.13
3.174
3.224
3.274
3.338
3.387
3.445
3.505
3.574
3.624
3.707
5.161
5.148
5.147
5.31
5.412
5.534
5.644
5.777
5.897
6.04
6.022
6.013
5.99
5.972
5.955
5.938
5.921
5.912
5.896
5.909
6.46
6.519
6.547
6.81
7.042
8.183
8.183
8.183
8.183
8.183
8.183
8.183
8.183
8.183
8.183
8.183
8.183
8.183
8.183
8.183
8.183
8.187
8.187
8.187
8.187
8.183
8.183
8.183
8.183
8.183
8.183
8.183
8.183
8.183
8.183
8.183
8.183
8.183
8.183
8.183
8.183
8.183
8.183
8.183
8.183
8.183
8.183
8.183
8.183
8.183
8.153
7.678
7.337
7.02
6.749
6.497
6.261
6.027
5.834
5.546
5.546
5.573
5.612
5.642
5.685
6.816
6.908
7.004
7.015
7.043
7.055
7.085
3.817
3.765
3.712
3.629
3.562
3.49
3.432
3.36
3.309
3.246
3.187
3.13
3.085
3.025
2.973
2.921
2.887
2.834
2.793
2.751
2.725
2.674
2.64
2.599
2.572
2.53
2.506
2.464
2.434
2.407
2.383
2.349
2.324
2.293
2.277
2.241
2.223
2.197
2.18
2.154
2.135
2.111
2.093
2.066
2.058
2.031
2.015
1.997
1.983
1.964
1.946
1.931
1.913
1.897
1.889
1.863
1.855
1.842
1.831
1.814
1.804
1.788
1.781
1.764
1.755
1.737
1.736
1.722
1.711
1.704
1.687
1.678
1.671
1.664
1.654
1.645
1.637
1.621
1.622
1.607
1.606
1.598
1.589
1.581
1.573
1.565
1.566
1.557
1.549
1.54
1.541
1.532
1.525
1.516
1.517
1.508
1.508
1.5
1.5
1.491
1.492
1.483
1.475
1.475
3.6411 10.804 2.25928
