1 361
1.142
1.151
1.151
1.158
1.157
1.159
1.168
1.168
1.168
1.176
1.175
1.175
1.185
1.185
1.184
1.194
1.193
1.201
1.211
1.22
1.219
1.219
1.227
1.227
1.227
1.245
1.244
1.255
1.254
1.264
1.264
1.271
1.281
1.288
1.288
1.297
1.307
1.315
1.315
1.332
1.332
1.341
1.35
1.359
1.359
1.376
1.376
1.393
1.402
1.41
1.419
1.428
1.435
1.452
1.452
1.47
1.478
1.495
1.504
1.52
1.528
1.537
1.546
1.559
1.568
1.593
1.601
1.618
1.634
1.641
1.659
1.684
1.692
1.709
1.734
1.743
1.759
1.785
1.801
1.827
1.836
1.871
1.876
1.912
1.928
1.954
1.98
2.005
2.029
2.057
2.082
2.108
2.135
2.18
2.197
2.24
2.266
2.299
2.34
2.39
2.431
2.48
2.522
2.571
2.604
2.665
2.699
2.767
2.816
2.884
2.928
3.008
3.06
3.129
3.196
3.279
3.341
3.438
3.519
3.62
3.701
3.822
3.915
4.046
4.157
4.307
4.426
4.584
4.72
4.9
5.071
6.594
6.594
6.567
6.575
6.548
6.55
6.532
6.532
6.505
6.505
6.497
6.497
6.48
6.479
6.471
6.469
6.095
6.455
6.444
6.125
5.428
5.429
5.42
5.429
5.42
5.429
5.42
5.42
5.428
5.427
5.428
5.435
5.436
5.444
5.443
5.453
5.452
5.462
5.462
5.469
5.47
5.487
5.486
5.503
5.503
5.52
5.519
5.536
5.546
5.562
5.562
5.579
5.588
5.605
5.613
5.631
5.639
5.801
6.719
6.742
6.761
6.777
6.786
6.819
6.836
6.861
6.869
6.903
6.919
6.945
6.968
7.001
7.017
7.053
7.078
7.104
7.131
7.165
7.191
7.224
7.25
7.292
7.317
7.36
7.386
7.431
7.466
7.51
7.538
7.581
7.624
7.665
7.709
7.758
7.798
7.855
7.899
7.947
7.993
8.053
8.096
8.153
8.183
8.183
8.183
8.183
8.183
8.183
8.183
8.183
8.183
8.183
8.183
8.183
8.183
8.183
8.183
8.183
8.183
7.915
7.817
7.744
7.716
7.821
7.88
8.028
8.183
7.723
7.399
7.364
7.374
7.488
7.541
7.832
7.355
7.229
7.17
7.127
7.088
7.024
6.248
6.222
6.184
6.154
6.113
6.091
6.057
6.024
5.992
5.966
5.934
5.916
5.883
5.858
5.834
5.816
5.782
5.764
5.738
5.722
5.717
5.69
5.664
5.647
5.628
5.614
5.594
5.579
5.562
5.56
5.536
5.524
5.496
5.493
5.477
5.468
5.45
5.444
5.425
5.42
5.407
5.398
5.383
5.373
5.365
5.357
5.35
5.34
5.331
5.325
5.458
6.048
6.444
6.454
6.446
6.444
6.439
6.438
6.429
6.428
6.42
6.42
6.412
6.42
6.419
6.419
6.419
6.412
6.42
6.42
6.421
6.428
6.429
6.437
6.437
6.445
6.446
6.454
6.456
6.463
6.472
3.676
3.523
3.332
3.206
3.057
2.955
2.821
2.736
2.622
11.1932 8.98702 4.84151
