1 361
1.225
1.226
1.217
1.217
1.216
1.217
1.216
1.216
1.206
1.208
1.207
1.209
1.199
1.204
1.201
1.204
1.198
1.204
1.195
1.201
1.209
1.194
1.185
1.185
1.176
1.185
1.185
1.194
1.197
1.2
1.198
1.205
1.196
1.203
1.208
1.208
1.206
1.216
1.206
1.215
1.214
1.214
1.223
1.214
1.223
1.222
1.222
1.222
1.231
1.223
1.231
1.23
1.235
1.24
1.24
1.239
1.248
1.25
1.258
1.258
1.266
1.268
1.266
1.267
1.275
1.275
1.284
1.292
1.291
1.295
1.3
1.31
1.318
1.318
1.327
1.327
1.336
1.336
1.343
1.345
1.351
1.362
1.37
1.371
1.388
1.388
1.394
1.404
1.414
1.412
1.42
1.429
1.445
1.443
1.462
1.461
1.479
1.487
1.505
1.504
1.519
1.521
1.535
1.544
1.56
1.568
1.581
1.593
1.609
1.616
1.632
1.64
1.665
1.673
1.69
1.699
1.716
1.733
1.752
1.767
1.786
1.801
1.819
1.836
1.855
5.57
5.642
5.695
5.757
5.819
5.888
5.952
6.034
6.098
6.199
3.361
3.314
3.291
3.273
3.256
3.24
3.241
3.309
3.366
3.428
3.474
3.536
3.58
3.655
3.706
3.775
3.835
3.905
3.97
4.056
4.087
4.067
4.059
4.041
4.028
4.015
3.998
3.989
3.972
3.964
3.955
3.937
3.928
3.919
3.906
4.022
4.245
4.539
4.546
4.565
4.683
4.884
5.023
7.471
7.457
7.439
7.429
7.419
7.406
7.395
7.376
7.576
7.948
8.183
8.183
8.183
8.183
8.183
8.183
8.183
8.183
8.183
8.187
8.183
8.183
8.191
8.191
8.191
8.191
7.08
7.064
7.064
7.056
7.046
7.039
7.038
7.03
7.03
7.021
7.021
7.021
7.022
7.012
7.013
7.005
7.021
7.011
7.011
7.013
7.02
7.021
7.03
7.029
7.037
7.03
7.045
7.045
7.053
7.06
7.023
6.833
6.601
6.44
6.219
6.087
5.874
5.748
5.577
5.463
5.313
5.211
5.068
4.978
4.843
4.762
4.644
4.572
4.46
4.405
4.303
4.241
4.143
4.079
3.981
3.876
3.871
3.889
3.914
3.951
4.015
4.013
5.456
5.482
5.517
5.552
5.634
5.648
5.696
5.722
5.767
5.787
5.722
5.728
5.77
5.759
5.687
5.707
5.786
5.822
5.872
5.915
5.954
5.997
6.054
6.086
8.183
8.183
8.183
8.183
8.183
8.183
8.183
8.183
8.183
2.401
2.383
2.365
2.359
2.354
2.327
2.319
2.302
2.284
2.268
2.259
2.242
2.234
2.216
2.198
2.191
2.182
2.155
2.147
2.139
2.13
2.115
2.103
2.096
2.089
2.069
2.061
2.05
2.052
2.035
2.027
2.019
2.009
2.002
2.001
1.985
1.978
1.969
1.96
1.953
1.943
1.944
1.935
1.927
1.919
1.911
1.908
1.902
1.902
1.885
1.887
1.878
1.87
1.869
1.87
1.861
1.861
1.85
1.844
1.845
1.845
1.837
2.0907 12.3535 2.37188
