1 361
5.562
5.515
5.467
5.407
5.329
5.287
5.245
5.253
5.037
4.991
4.944
4.916
4.888
4.862
4.841
4.852
5.197
5.176
5.163
5.185
4.934
4.883
4.876
4.826
4.746
4.692
4.655
4.659
4.634
4.703
4.828
5.033
5.163
5.22
4.75
4.118
4.102
4.082
4.067
4.05
4.041
4.023
4.005
3.989
3.98
3.963
3.951
3.936
3.918
3.909
3.902
3.896
3.878
3.869
3.862
3.853
3.843
3.828
3.826
3.819
3.801
3.801
3.792
3.785
3.777
3.768
3.76
3.759
3.756
3.75
3.743
3.737
3.731
3.733
3.716
3.726
3.717
3.719
3.71
3.713
3.713
3.713
3.713
3.709
3.708
3.708
3.702
3.708
3.708
3.708
3.705
3.713
3.712
3.711
3.706
3.712
3.719
3.722
3.731
3.725
3.732
3.731
3.74
3.739
3.748
3.747
3.754
3.754
3.763
3.77
3.772
3.785
3.785
3.825
4.978
4.995
5.004
5.013
5.028
5.036
5.052
5.069
5.077
5.095
5.103
5.128
5.135
5.151
5.168
5.185
5.201
5.218
5.243
5.259
5.276
5.293
5.319
5.346
5.363
5.379
5.406
5.43
5.447
5.473
5.498
5.531
5.558
5.583
5.61
5.637
5.663
5.7
5.724
5.761
5.787
5.822
5.855
5.891
5.923
5.965
5.997
6.039
6.08
6.122
6.163
6.209
6.243
6.177
6.109
6.044
5.982
5.928
5.869
5.811
5.757
3.008
2.984
2.958
2.94
2.914
2.899
2.874
2.847
2.822
2.806
2.791
2.764
2.747
2.731
2.712
2.695
2.678
2.661
2.643
2.626
2.609
2.592
2.575
2.567
2.551
2.534
2.518
2.502
2.493
2.485
2.469
2.452
2.443
2.435
2.427
2.41
2.401
2.393
2.384
2.367
2.359
2.35
2.342
2.334
2.325
2.316
2.308
2.3
2.3
2.292
2.283
2.274
2.265
2.256
2.257
2.248
2.239
2.239
2.23
2.221
2.221
2.221
2.212
2.212
2.203
2.194
2.194
2.194
2.194
2.176
2.176
2.176
2.168
2.178
2.841
2.862
2.885
2.965
2.995
3.096
3.419
3.422
3.438
3.422
3.477
3.542
3.912
3.984
3.974
3.76
3.957
3.975
3.966
3.46
3.221
3.214
3.217
3.217
3.22
3.167
3.231
3.747
3.922
3.911
3.432
3.3
3.257
3.251
3.664
3.497
3.381
3.237
3.225
3.229
3.235
3.242
3.256
3.263
3.85
3.728
3.601
3.477
3.371
3.265
3.183
3.183
3.191
3.2
3.208
3.217
3.225
3.234
3.243
3.251
3.268
3.277
3.622
3.574
3.531
3.49
3.446
3.409
3.357
3.324
3.333
7.906
7.935
7.974
8.016
8.042
8.076
8.118
8.161
8.183
8.183
8.183
8.183
8.183
8.183
4.929
4.868
4.841
4.806
4.702
4.683
4.666
4.651
4.639
4.628
4.613
4.593
4.578
4.568
4.554
4.545
4.531
4.742
5.333
5.376
5.418
5.46
5.511
5.563
5.607
5.661
5.704
12.295 6.08113 0.937608
