1 361
1.32
1.328
1.328
1.337
1.337
1.337
1.345
1.355
1.354
1.354
1.363
1.372
1.372
1.38
1.379
1.388
1.388
1.397
1.396
1.413
1.405
1.422
1.422
1.43
1.439
1.447
1.447
1.455
1.464
1.472
1.481
1.489
1.498
1.507
1.515
1.524
1.532
1.539
1.548
1.556
1.565
1.581
1.581
1.597
1.605
1.614
1.63
1.638
1.646
1.664
1.67
1.688
1.696
1.721
1.719
1.739
1.748
1.774
1.781
1.798
1.814
1.832
1.842
1.866
1.875
1.9
1.916
1.934
1.958
1.976
1.993
2.018
2.034
2.079
2.095
2.123
2.149
2.175
2.193
2.228
2.246
2.28
2.304
2.329
2.363
2.396
2.428
2.47
2.492
2.536
2.576
2.618
2.652
2.695
2.737
2.788
2.829
2.89
2.931
2.993
3.037
3.107
3.157
3.225
3.283
3.364
3.43
3.514
3.58
3.676
3.751
3.85
3.935
4.028
4.128
4.251
4.361
4.489
4.618
4.947
6.161
6.135
6.135
6.118
6.109
6.084
6.083
6.068
6.06
6.043
6.043
6.025
6.018
6.009
6.001
5.985
5.993
5.975
5.635
5.969
5.961
4.944
4.93
4.922
4.931
4.921
4.923
4.921
4.913
4.913
4.922
4.912
4.921
4.913
4.921
4.921
4.93
4.921
4.929
4.929
4.937
4.937
4.954
4.945
4.962
4.963
4.97
4.97
4.979
4.978
5.004
5.005
5.011
5.012
5.028
5.037
5.053
5.062
5.069
5.078
5.093
5.103
5.135
6.186
6.211
6.221
6.239
6.256
6.274
6.283
6.307
6.322
6.349
6.367
6.392
6.409
6.442
6.451
6.485
6.502
6.538
6.557
6.593
6.61
6.645
6.672
6.706
6.722
6.765
6.791
6.824
6.857
6.899
6.924
6.974
7.007
7.049
7.084
7.128
7.161
7.213
7.257
7.306
7.34
7.394
7.438
7.49
7.535
7.588
7.631
7.697
7.745
7.812
7.867
7.934
7.984
8.053
8.114
8.183
8.183
8.183
8.183
8.183
8.183
8.183
8.183
8.183
8.183
7.568
7.433
7.357
7.286
7.286
7.377
7.454
7.597
7.887
7.832
7.026
6.955
6.931
6.987
7.112
7.21
7.511
6.942
6.804
6.755
6.719
6.678
6.652
6.638
5.881
5.84
5.814
5.78
5.763
5.737
5.71
5.685
5.656
5.639
5.614
5.588
5.572
5.545
5.529
5.504
5.487
5.464
5.457
5.431
5.414
5.399
5.392
5.374
5.365
5.348
5.331
5.324
5.305
5.299
5.29
5.272
5.267
5.257
5.25
5.233
5.224
5.217
5.205
5.203
5.192
5.183
5.187
5.169
5.17
5.154
5.155
5.146
5.148
5.13
5.131
5.124
5.124
5.115
5.307
6.267
6.266
6.267
6.266
6.267
6.266
6.266
6.267
6.266
6.268
6.267
6.277
6.276
6.286
6.286
6.294
6.301
6.301
6.31
6.32
6.327
6.335
6.335
6.353
6.362
6.371
6.379
6.395
6.403
6.42
6.437
6.446
6.454
6.472
11.2887 8.40894 4.9007
