1 361
1.6
1.625
1.625
1.65
1.649
1.681
1.689
1.707
1.706
1.74
1.74
1.774
1.774
1.808
1.808
1.834
1.852
1.877
1.885
1.919
1.928
1.971
1.97
2.013
2.021
2.065
2.075
2.119
2.128
2.171
2.179
2.234
2.242
2.293
2.302
2.358
2.373
2.432
2.438
2.504
2.52
2.595
2.609
2.68
2.696
2.783
2.789
2.882
2.9
2.995
3.014
3.118
3.144
3.252
3.287
3.401
3.442
3.57
3.564
3.545
3.545
3.527
3.519
3.51
3.501
3.484
3.484
3.468
3.468
3.451
3.451
3.441
3.434
3.426
3.417
1.092
1.155
1.1
1.099
1.083
1.083
3.384
3.385
1.032
1.042
1.144
1.149
3.373
1.572
2.243
2.278
2.56
2.559
3.363
3.361
3.361
3.361
3.361
3.361
3.369
3.361
3.369
3.369
3.369
3.369
3.378
3.378
3.386
3.386
3.385
3.385
3.394
3.394
3.402
3.402
3.418
3.418
3.418
3.427
3.434
3.435
3.451
3.451
3.468
3.468
3.484
3.476
3.502
3.502
3.511
3.519
3.537
3.536
3.555
3.564
3.581
3.589
3.607
3.607
3.625
3.625
3.65
3.658
3.676
3.683
3.7
3.709
3.735
3.743
3.778
3.327
2.91
2.914
3.839
3.839
3.874
3.883
3.835
3.837
3.872
3.871
3.907
3.915
3.914
3.911
3.98
3.987
4.009
4.008
4.033
4.042
4.085
4.103
4.155
4.163
4.215
4.231
4.303
4.337
4.387
4.407
4.362
4.34
4.275
4.254
4.197
4.175
4.131
4.282
4.574
4.572
4.573
4.595
4.681
4.69
4.743
4.724
1.732
1.731
1.729
1.732
4.832
4.808
5.624
5.65
5.757
5.782
5.137
5.528
6.05
6.091
3.585
6.253
3.571
3.54
6.577
6.617
6.767
6.808
6.427
6.399
6.379
5.739
5.598
5.578
5.531
5.526
5.491
5.476
5.442
5.434
5.392
5.385
5.01
5.006
4.98
4.972
4.938
4.913
4.989
4.977
5.213
5.204
5.191
5.184
5.154
4.612
4.297
4.292
4.323
4.414
4.693
4.624
4.611
4.598
4.575
4.566
4.552
4.548
4.492
4.489
4.471
4.474
4.848
5.025
7.669
7.67
7.661
7.662
7.651
7.652
7.635
7.635
7.636
7.635
7.628
7.627
7.628
7.626
7.342
7.335
7.313
7.315
7.309
7.334
7.242
7.57
7.569
7.579
7.588
7.596
7.603
7.604
7.612
7.619
7.627
7.645
7.656
7.658
7.379
7.787
7.811
7.821
7.837
7.854
7.878
7.887
7.069
6.834
6.623
6.344
6.107
5.805
5.735
5.752
5.767
5.783
5.396
5.252
4.883
4.841
4.813
4.831
4.85
4.858
4.871
4.882
4.89
4.882
4.022
4.078
3.496
3.443
3.364
3.328
3.238
3.211
3.137
3.111
3.083
3.086
2.937
2.903
2.838
2.754
2.415
2.382
2.331
2.323
2.281
2.275
2.241
2.241
2.225
2.217
2.208
2.207
2.2
2.196
2.178
2.181
2.4812 9.05719 2.89199
