1 361
1.873
1.89
1.89
1.906
1.907
1.921
1.921
1.935
1.935
1.948
1.958
1.972
1.971
1.985
1.994
2.01
2.01
2.032
2.031
2.046
2.058
2.079
2.09
2.106
2.105
2.132
2.141
2.177
2.176
2.214
2.212
2.25
2.258
2.297
2.303
2.356
2.354
2.408
2.415
2.462
2.5
2.524
2.548
2.573
2.582
2.615
2.633
2.659
2.675
2.709
2.726
2.761
2.777
2.811
2.835
2.879
2.894
2.931
2.964
2.967
2.994
4.572
4.563
4.536
4.518
4.506
4.499
4.465
4.463
4.439
4.428
4.411
4.402
4.384
4.379
4.354
4.354
4.338
4.331
4.409
4.351
4.306
4.289
4.266
4.261
4.346
4.423
4.522
4.604
4.702
4.797
4.908
5.001
5.135
5.245
5.377
5.498
5.65
5.784
5.95
6.098
6.287
6.452
6.667
6.851
7.091
7.326
7.594
7.854
8.17
8.183
8.183
8.183
8.183
8.183
8.183
8.187
8.183
8.183
8.187
8.183
8.183
8.187
8.187
8.187
8.183
8.187
8.183
8.187
8.183
8.183
8.183
8.183
8.183
8.183
8.183
8.183
8.183
8.187
8.187
8.187
8.183
8.191
8.187
8.187
8.183
8.187
8.187
8.183
8.183
8.183
8.183
7.725
7.254
6.86
6.857
6.871
5.884
5.698
5.436
5.242
5.022
4.87
4.682
4.55
4.383
4.258
4.118
3.979
3.984
3.994
4.004
4.021
3.918
3.83
3.74
3.659
3.411
3.072
3.035
2.997
2.917
2.877
2.807
2.765
2.7
2.656
2.603
2.561
2.515
2.48
2.422
2.397
2.351
2.315
2.282
2.248
2.216
2.188
2.154
2.126
2.092
2.074
2.029
2.023
1.989
1.97
1.937
1.92
1.896
1.879
1.853
1.837
1.811
1.795
1.777
1.76
1.743
1.725
1.7
1.696
1.667
1.659
1.643
1.636
1.611
1.603
1.586
1.578
1.554
1.549
1.537
1.529
1.514
1.507
1.488
1.488
1.471
1.462
1.445
1.413
1.405
1.397
1.387
1.383
1.377
1.402
1.411
1.436
1.452
1.478
1.493
1.499
1.492
1.484
1.466
1.466
1.45
1.45
1.443
1.442
1.434
1.425
1.418
1.417
1.4
1.401
1.393
1.392
1.384
1.383
1.374
1.374
1.366
1.366
1.357
1.358
1.349
1.349
1.34
1.339
1.332
1.331
1.331
1.323
1.322
1.323
1.314
1.314
1.306
1.305
1.305
1.305
1.295
1.296
1.296
1.296
1.295
1.288
1.289
1.288
1.288
1.289
1.28
1.289
1.279
1.281
1.281
1.283
1.279
1.282
1.278
1.278
1.251
1.26
1.275
1.283
1.28
1.285
1.284
1.284
1.281
1.282
1.28
1.285
1.285
1.284
1.245
1.128
1.128
1.136
1.128
1.137
1.135
1.144
1.142
1.159
1.167
1.167
1.167
1.175
1.167
1.175
1.175
1.185
1.185
1.185
1.194
1.193
1.193
1.202
1.202
1.202
1.212
1.211
1.211
1.22
1.221
1.229
1.228
1.229
7.33719 13.3462 0.362592
