1 361
2.031
2.065
2.056
2.092
2.083
2.109
2.108
2.144
2.135
2.169
2.169
2.204
2.204
2.229
2.229
2.27
2.26
2.302
2.294
2.335
2.333
2.375
2.365
2.416
2.415
2.455
2.456
2.506
2.506
2.554
2.554
2.603
2.604
2.664
2.662
2.723
2.713
2.78
2.781
4.48
4.471
4.428
4.42
4.366
4.368
4.319
4.31
4.27
4.261
4.221
4.213
4.18
4.18
4.138
4.14
4.097
4.099
4.065
4.057
4.029
4.029
3.996
3.996
3.97
3.962
3.935
3.934
3.909
3.909
3.882
3.882
3.855
3.855
3.345
3.491
3.196
3.209
2.703
2.694
2.687
2.687
2.678
2.679
2.661
2.662
2.653
2.653
2.644
2.635
2.627
2.635
2.627
2.619
2.618
2.618
2.61
2.61
2.602
2.602
2.593
2.593
2.593
2.593
2.594
2.594
2.585
2.585
2.586
2.587
2.58
2.589
2.58
2.588
2.589
2.588
2.586
2.586
2.586
2.595
2.594
2.594
2.593
2.593
2.602
2.602
2.602
2.61
2.61
2.609
2.619
2.618
2.627
2.627
2.635
2.635
2.644
2.644
2.662
2.662
2.67
2.679
2.679
2.688
2.697
2.697
2.715
2.714
2.723
2.731
2.74
2.749
2.756
2.764
2.773
2.772
3.891
3.9
3.927
3.927
3.954
3.954
3.98
3.99
4.016
4.015
4.049
4.05
4.085
4.085
4.118
4.128
4.161
4.167
4.203
4.202
4.242
4.25
4.291
4.3
4.34
4.348
4.391
4.398
4.442
4.459
4.502
4.51
4.561
4.568
4.619
4.628
4.679
4.697
4.747
4.765
4.819
4.837
4.897
4.906
4.973
4.992
5.067
5.076
5.149
5.157
5.249
5.256
5.353
5.361
5.445
5.462
5.566
5.572
5.67
5.688
5.802
5.809
5.931
5.946
6.069
6.085
6.215
6.239
6.376
6.394
6.54
6.556
6.715
6.732
6.87
6.871
6.809
6.808
6.741
6.732
6.672
6.672
6.609
6.609
5.86
5.864
5.771
5.771
5.724
5.716
5.792
5.832
6.126
6.331
6.305
6.305
6.264
6.262
5.631
5.588
5.535
5.537
5.585
5.665
6.108
6.117
6.084
6.093
5.543
5.53
5.505
5.506
5.466
5.477
5.446
5.446
5.513
5.656
5.35
5.348
5.323
5.319
4.942
4.929
4.752
4.754
4.745
4.745
4.737
4.736
4.728
4.729
4.719
4.728
4.72
4.72
4.719
4.719
4.714
4.722
4.714
4.722
4.725
4.726
4.725
4.728
4.726
4.735
4.736
4.745
4.746
4.756
4.764
4.769
4.772
4.781
4.788
4.788
4.795
4.805
4.823
4.823
4.84
4.85
4.864
4.88
4.888
4.897
4.912
4.911
4.927
4.943
4.963
4.97
4.995
5.002
5.025
5.024
5.05
5.058
5.082
5.09
5.116
5.124
5.156
5.164
6.449
6.469
6.504
6.522
6.557
6.575
6.619
6.636
6.69
6.699
6.75
6.766
6.818
6.835
6.893
6.909
6.967
6.983
7.052
7.061
11.329 5.75009 5.41252
