1 361
6.117
6.134
6.168
6.195
6.22
6.245
6.272
6.297
6.323
6.358
8.189
5.53
5.476
5.387
5.267
5.188
5.034
4.962
4.711
4.619
4.535
4.481
4.443
4.411
4.431
4.807
4.834
4.758
4.706
4.437
4.112
4.025
3.971
3.932
3.906
3.881
3.973
4.095
3.478
3.444
3.411
3.377
3.345
3.312
3.287
3.263
3.23
3.203
3.179
3.153
3.128
3.101
3.086
3.061
3.046
3.018
3.001
2.974
2.955
2.94
2.914
2.906
2.881
2.864
2.847
2.831
2.815
2.796
2.781
2.764
2.755
2.738
2.728
2.717
2.702
2.683
2.676
2.661
2.651
2.633
2.628
2.62
2.608
2.602
2.595
2.58
2.571
2.559
2.559
2.543
2.539
2.531
2.523
2.516
2.51
2.495
2.486
2.482
2.476
2.466
2.457
2.449
2.449
2.445
2.439
2.431
2.429
2.423
2.419
2.414
2.412
2.406
2.404
2.402
2.405
2.397
2.389
2.388
2.389
2.383
2.379
2.375
2.378
2.364
2.363
2.361
2.365
2.364
2.363
2.363
2.364
2.357
2.358
2.357
2.357
2.357
2.357
2.357
2.466
3.501
3.51
3.51
3.51
3.51
3.518
3.518
3.527
3.527
3.527
3.535
3.536
3.545
3.553
3.553
3.562
3.571
3.579
3.579
3.588
3.598
3.597
3.605
3.623
3.623
3.632
3.641
3.648
3.657
3.675
3.675
3.692
3.7
3.718
3.725
3.735
3.743
3.761
3.777
3.794
3.803
3.82
3.829
3.846
3.864
3.882
3.89
3.918
3.927
3.944
3.962
3.98
3.997
4.023
4.032
4.058
4.074
4.101
4.118
4.142
4.168
4.191
4.21
4.241
4.266
4.291
4.314
4.356
4.372
4.406
4.423
4.458
4.484
4.517
4.543
4.584
4.618
4.66
4.687
4.731
4.715
4.666
4.628
4.578
4.537
4.493
4.462
4.428
4.394
4.351
4.319
4.284
4.255
4.221
4.19
4.157
4.139
4.106
4.081
4.049
4.025
3.988
3.973
3.946
3.923
3.894
3.879
3.852
3.837
3.81
3.794
1.574
1.566
1.558
1.55
1.541
1.541
1.533
1.525
1.516
1.508
1.509
1.5
1.492
1.492
1.483
1.475
1.465
1.466
1.458
1.458
1.449
1.449
1.44
1.432
1.432
1.423
1.423
1.423
1.414
1.414
1.414
1.406
1.406
1.406
1.397
1.397
1.388
1.388
1.388
1.381
1.381
1.381
1.38
1.381
1.372
1.372
1.372
1.372
1.373
1.366
1.367
1.369
1.37
1.364
1.367
1.37
1.373
1.366
1.368
1.369
1.362
1.36
1.366
1.365
1.369
1.366
1.365
1.362
1.369
1.366
1.374
1.373
1.372
1.372
1.372
1.372
1.381
1.38
1.381
1.388
1.388
1.388
1.388
1.388
1.397
1.397
1.397
1.406
1.406
1.406
1.414
1.414
1.423
1.423
1.423
1.432
1.432
1.432
1.44
1.449
1.449
1.458
1.458
1.466
1.475
1.476
1.483
1.483
1.492
1.5
1.509
13.4903 7.34687 0.53661
