1 361
1.344
1.341
1.336
1.336
1.327
1.318
1.318
1.327
1.336
1.341
1.344
1.337
1.34
1.344
1.339
1.345
1.341
1.352
1.352
1.351
1.36
1.351
1.36
1.359
1.36
1.367
1.367
1.367
1.376
1.376
1.376
1.376
1.378
1.385
1.385
1.394
1.394
1.402
1.402
1.411
1.411
1.411
1.42
1.419
1.419
1.427
1.436
1.439
1.446
1.445
1.453
1.462
1.462
1.479
1.479
1.488
1.496
1.503
1.504
1.512
1.512
1.521
1.53
1.537
1.546
1.555
1.562
1.571
1.579
1.587
1.596
1.604
1.611
1.62
1.635
1.643
1.652
1.659
1.677
1.685
1.693
1.709
1.718
1.735
1.743
1.754
1.77
1.787
1.795
1.812
1.828
1.838
1.856
1.87
1.886
1.904
1.92
1.936
1.955
1.97
1.987
2.006
2.03
2.05
2.073
2.093
2.119
2.136
2.154
2.182
2.206
2.232
2.258
2.285
2.307
2.335
2.367
2.399
2.424
2.465
2.498
2.531
2.569
2.604
2.647
2.683
2.724
2.767
2.808
2.861
2.902
2.951
2.963
3.026
3.421
3.5
3.561
4.484
4.475
4.456
4.457
4.44
4.43
4.422
4.46
4.454
4.42
4.403
4.386
4.37
4.394
4.594
4.681
4.632
4.68
4.847
5.316
5.55
5.757
5.982
6.203
6.472
6.756
7.058
7.387
7.748
8.148
8.183
8.183
8.183
8.183
8.183
8.183
8.183
8.183
8.183
8.183
8.183
8.183
8.183
8.183
8.183
8.183
8.183
8.183
8.183
8.183
8.183
8.183
8.183
8.183
8.183
8.183
8.183
8.183
8.183
8.183
8.183
8.183
8.183
8.183
8.183
8.183
8.183
8.183
8.183
8.183
8.183
8.183
7.852
7.533
7.329
7.347
7.343
6.606
2.565
2.613
2.647
2.718
2.75
2.823
2.873
2.946
2.993
3.035
3.069
3.062
3.061
3.078
3.092
3.107
3.107
3.125
3.133
3.141
3.137
3.145
3.145
3.154
3.154
3.163
3.154
3.172
3.163
3.181
3.173
3.191
3.184
3.142
3.101
3.057
3.012
2.976
2.932
2.899
2.865
2.83
2.79
2.764
2.722
2.695
2.67
2.633
2.609
2.587
2.558
2.535
2.51
2.476
2.451
2.429
2.403
2.387
2.361
2.345
2.33
2.305
2.291
2.271
2.246
2.237
2.218
2.202
2.186
2.16
2.152
2.132
2.124
2.105
2.098
2.075
2.039
2.031
2.022
2.009
2.024
2.061
2.079
2.12
2.13
2.123
2.106
2.097
2.088
2.078
2.061
2.052
2.044
2.035
2.026
2.016
2.01
2.001
1.991
1.983
1.974
1.965
1.957
1.95
1.939
1.932
1.924
1.916
1.915
1.907
1.899
1.89
1.89
1.889
1.881
1.873
1.864
1.855
1.855
1.849
1.848
1.849
1.84
1.832
1.833
1.831
1.833
1.825
1.816
1.817
1.816
1.798
1.688
1.653
1.653
1.655
1.647
1.656
1.662
1.654
1.657
1.651
1.657
1.655
1.653
1.655
0.234772 13.8994 6.07432
