1 361
1.726
1.723
1.729
1.72
1.703
1.703
1.703
1.703
1.712
1.72
1.723
1.724
1.722
1.727
1.731
1.724
1.728
1.728
1.726
1.734
1.731
1.733
1.742
1.741
1.742
1.75
1.751
1.803
1.802
1.801
1.81
1.81
1.818
1.818
1.818
1.827
1.826
1.834
1.835
1.843
1.85
1.86
1.86
1.869
1.869
1.877
1.886
1.894
1.896
1.91
1.905
1.833
1.804
1.818
1.818
1.834
1.835
1.843
1.852
1.863
1.85
1.805
1.794
1.756
1.749
1.764
1.765
1.783
1.806
1.823
1.831
1.849
1.856
1.865
1.873
1.89
1.906
1.915
1.923
1.941
1.957
1.967
1.983
2
2.009
2.026
2.038
2.054
2.064
2.079
2.098
2.115
2.133
2.145
5.982
6.035
6.08
6.121
6.207
6.137
6.302
6.395
6.438
6.516
6.581
6.65
6.718
6.794
6.859
6.94
7.018
7.106
7.178
7.278
7.362
7.447
7.532
7.639
7.727
7.858
7.935
8.053
8.166
8.183
8.183
8.183
8.183
8.183
8.183
4.468
4.458
4.431
4.414
4.419
4.493
4.589
4.656
4.763
4.844
4.945
5.034
5.159
5.261
5.396
5.508
5.653
5.775
5.922
6.071
6.243
6.396
6.605
6.657
6.713
6.657
6.705
6.629
6.668
6.605
6.662
6.584
6.641
6.558
6.615
6.543
6.596
6.526
6.59
6.514
6.582
6.479
6.572
6.462
6.554
6.47
6.576
6.461
6.596
6.471
6.616
6.481
6.611
6.47
6.607
6.471
6.617
6.481
6.605
6.471
6.618
5.812
4.84
4.262
3.705
3.679
3.678
3.686
3.687
3.696
3.696
3.703
3.71
3.713
3.713
3.728
3.729
3.728
3.737
3.744
3.755
3.762
3.772
3.779
3.78
3.787
3.795
3.805
3.813
3.822
3.832
3.84
3.85
3.858
3.865
3.876
3.893
3.902
3.918
3.932
3.906
3.824
3.745
3.669
3.594
3.529
3.452
3.397
3.33
3.274
3.217
3.165
3.105
3.062
3.007
2.972
2.92
2.878
2.825
2.791
2.74
2.71
2.673
2.638
2.594
2.57
2.53
2.505
2.472
2.44
2.406
2.383
2.356
2.331
2.299
2.281
2.245
2.24
2.204
2.186
2.16
2.142
2.126
2.108
2.08
2.067
2.046
2.037
2.01
2.002
1.978
1.96
1.944
1.937
1.91
1.901
1.886
1.875
1.859
1.85
1.834
1.826
1.809
1.803
1.783
1.783
1.767
1.759
1.74
1.732
1.715
1.716
1.699
1.69
1.684
1.673
1.665
1.658
1.65
1.641
1.633
1.625
1.625
1.617
1.601
1.601
1.592
1.584
1.575
1.576
1.568
1.56
1.551
1.552
1.543
1.535
1.535
1.527
1.526
1.518
1.514
1.51
1.501
1.502
1.502
1.494
1.486
1.485
1.486
1.478
1.478
1.469
1.353
1.308
1.299
1.3
1.301
1.302
1.294
1.292
1.298
1.298
1.288
1.3
1.288
1.283
1.283
1.409
1.413
1.399
1.387
1.347
-2.27059 12.3314 4.311
