1 361
5.55
5.513
5.458
5.405
5.329
5.296
5.241
5.244
5.034
4.982
4.941
4.915
4.889
4.862
4.832
4.85
5.191
5.165
5.164
5.16
4.933
4.883
4.855
4.805
4.708
4.663
4.626
4.63
4.611
4.682
4.818
5.034
5.173
5.211
4.749
4.124
4.099
4.082
4.065
4.049
4.039
4.021
4.003
3.986
3.977
3.96
3.951
3.934
3.925
3.908
3.899
3.884
3.876
3.867
3.859
3.849
3.833
3.826
3.815
3.808
3.808
3.79
3.791
3.783
3.775
3.765
3.757
3.757
3.747
3.746
3.741
3.732
3.722
3.725
3.722
3.724
3.714
3.709
3.708
3.71
3.71
3.712
3.71
3.709
3.705
3.706
3.702
3.707
3.71
3.706
3.703
3.71
3.71
3.708
3.712
3.71
3.718
3.72
3.722
3.73
3.729
3.729
3.736
3.738
3.737
3.744
3.752
3.761
3.761
3.76
3.777
3.776
3.784
3.824
4.976
4.993
5.002
5.011
5.028
5.034
5.044
5.059
5.075
5.091
5.101
5.118
5.126
5.15
5.167
5.183
5.199
5.215
5.24
5.258
5.275
5.292
5.317
5.334
5.361
5.378
5.404
5.429
5.454
5.471
5.496
5.522
5.555
5.582
5.606
5.634
5.661
5.697
5.724
5.76
5.785
5.821
5.854
5.889
5.93
5.964
5.996
6.038
6.079
6.122
6.163
6.198
6.242
6.18
6.11
6.048
5.983
5.927
5.87
5.811
5.76
3.014
2.992
2.964
2.939
2.912
2.897
2.87
2.846
2.82
2.803
2.778
2.762
2.745
2.728
2.711
2.685
2.677
2.659
2.641
2.624
2.606
2.589
2.581
2.557
2.549
2.532
2.516
2.5
2.499
2.474
2.467
2.45
2.44
2.433
2.425
2.408
2.399
2.391
2.382
2.374
2.357
2.348
2.339
2.331
2.322
2.314
2.306
2.298
2.297
2.281
2.281
2.272
2.263
2.254
2.254
2.246
2.246
2.228
2.228
2.219
2.219
2.219
2.21
2.201
2.201
2.201
2.192
2.191
2.191
2.183
2.174
2.174
2.174
2.175
2.839
2.851
2.893
2.954
2.994
3.076
3.417
3.429
3.434
3.412
3.467
3.55
3.84
3.981
3.972
3.76
3.954
3.972
3.963
3.482
3.219
3.212
3.214
3.215
3.222
3.166
3.231
3.746
3.92
3.91
3.435
3.298
3.256
3.251
3.665
3.503
3.379
3.232
3.223
3.228
3.233
3.24
3.255
3.261
3.838
3.725
3.6
3.476
3.37
3.262
3.18
3.18
3.189
3.198
3.206
3.206
3.223
3.231
3.241
3.248
3.266
3.275
3.623
3.572
3.529
3.489
3.449
3.397
3.359
3.322
3.344
7.906
7.939
7.973
8.006
8.043
8.084
8.119
8.164
8.183
8.183
8.183
8.183
8.183
8.183
4.928
4.863
4.839
4.816
4.706
4.687
4.669
4.654
4.638
4.622
4.602
4.595
4.578
4.562
4.555
4.538
4.53
4.713
5.339
5.374
5.416
5.468
5.51
5.562
5.605
5.658
5.703
12.2952 6.08134 0.938498
