1 361
1.051
1.042
1.043
1.043
1.042
1.041
1.041
1.038
1.082
1.268
1.335
1.428
1.505
1.612
1.725
1.83
2.006
2.162
2.417
2.62
2.97
3.246
3.997
4.485
5.519
7.021
7.316
8.183
8.187
8.183
8.187
8.183
8.191
8.183
8.187
8.183
8.183
8.183
8.183
8.183
8.183
8.183
8.183
8.183
8.183
8.183
8.187
8.187
8.183
8.183
8.183
8.183
8.183
8.183
8.183
8.183
8.183
8.183
8.183
8.183
8.183
8.183
8.183
8.183
8.183
5.633
5.744
5.837
6.01
6.112
6.206
6.205
6.214
6.213
6.212
6.22
6.228
6.22
6.228
6.229
6.24
6.239
6.105
6.028
5.9
5.833
5.715
5.643
5.545
5.478
5.378
5.329
5.237
5.184
5.089
5.036
4.924
4.884
4.919
4.936
4.956
4.909
4.842
4.798
4.737
4.693
4.622
4.588
4.53
4.497
4.437
4.206
4.132
4.117
4.072
4.038
3.993
3.967
3.925
3.899
3.862
3.836
3.792
3.775
3.733
3.707
3.673
3.648
3.624
3.597
3.572
3.555
3.52
3.503
3.476
3.45
3.427
3.409
3.38
3.36
3.346
3.321
3.307
3.289
3.275
3.258
3.24
3.224
3.208
3.189
3.175
3.157
3.149
3.13
3.125
3.104
3.089
3.082
3.063
3.055
3.044
3.028
3.089
3.113
3.227
3.258
3.375
3.411
3.506
3.497
3.485
3.478
3.469
3.452
3.445
3.435
3.428
3.417
3.403
3.393
3.371
3.364
3.47
3.592
3.652
5.116
5.143
5.126
5.126
5.118
5.111
5.437
6.979
7.523
8.085
8.183
8.183
8.171
8.17
8.151
8.155
8.153
8.152
8.138
8.137
8.137
8.14
8.129
6.692
5.333
5.102
5.093
3.291
3.292
3.268
3.268
3.298
3.297
3.302
3.302
3.307
3.306
3.313
3.306
3.322
3.313
3.329
3.32
3.336
3.328
3.343
3.336
3.35
3.351
3.368
3.368
3.376
3.384
3.389
3.392
3.417
3.418
3.425
3.431
3.45
3.453
3.408
3.353
3.24
3.206
3.101
3.068
2.969
2.97
2.987
2.987
3.009
3.004
3.037
3.041
3.049
3.052
3.083
3.088
3.111
3.114
3.139
3.134
3.165
3.168
3.2
3.201
3.223
3.23
3.263
3.265
3.311
3.31
3.342
3.353
3.384
3.392
3.433
3.441
3.475
3.483
3.527
3.535
3.578
3.579
4.315
4.332
4.384
4.4
4.451
4.469
4.529
4.538
4.602
4.588
4.886
4.913
4.989
5.004
5.078
5.096
5.179
5.204
5.283
5.308
5.408
5.421
5.366
5.351
5.37
5.421
5.525
5.557
5.66
5.671
5.634
5.617
5.564
5.547
5.495
5.48
5.437
5.419
5.468
5.505
5.63
5.664
5.804
5.846
6.003
6.046
6.209
6.26
6.437
6.485
6.676
6.744
6.952
7.033
7.575
7.656
7.987
8.023
7.984
7.974
4.744
4.736
4.702
4.694
4.668
4.659
4.626
4.618
4.585
4.585
4.558
-2.72928 12.4287 1.18684
