1 361
1.419
1.428
1.453
1.462
1.487
1.496
1.521
1.528
1.552
1.561
1.594
1.603
1.635
1.643
1.676
1.684
1.719
1.735
1.77
1.787
1.82
1.828
1.878
1.887
1.937
1.955
2.003
2.022
2.074
2.092
2.145
2.162
2.223
2.239
2.316
2.331
2.405
2.432
2.512
2.537
2.636
2.655
2.764
2.789
2.909
2.943
3.066
3.111
3.252
3.295
3.46
3.512
3.689
3.751
3.951
4.02
4.263
4.349
4.59
4.588
4.578
4.57
4.559
4.552
4.551
4.542
4.535
4.526
4.526
4.519
4.519
4.511
4.519
4.511
4.513
4.511
4.511
4.504
4.503
4.504
4.503
4.505
4.503
4.505
3.715
3.715
2.216
2.216
2.222
2.209
1.861
1.633
1.503
1.486
4.539
4.544
4.546
4.554
4.563
4.564
4.572
4.578
4.587
4.589
4.604
4.605
4.621
4.619
4.636
4.646
4.671
4.671
4.688
4.689
4.713
4.714
4.73
4.741
4.767
4.765
4.794
4.803
4.819
4.829
4.855
4.854
4.887
4.897
4.064
4.13
4.965
4.964
5.007
5.016
4.976
4.971
5.015
5.024
5.058
5.05
5.091
5.098
5.123
5.129
5.155
5.16
5.195
5.212
5.267
5.284
5.348
5.393
2.77
2.762
2.75
2.755
5.281
5.261
5.201
5.387
5.53
5.547
5.628
5.646
5.725
5.745
5.726
5.706
5.747
5.763
5.849
5.821
5.89
6.074
6.539
4.513
4.508
4.48
4.549
6.814
6.92
6.955
7.071
7.096
7.215
7.25
7.387
7.412
7.554
7.591
7.265
6.648
6.404
6.389
6.323
6.319
6.254
6.24
6.09
5.807
5.744
5.736
5.689
5.727
5.902
5.969
5.925
5.918
4.956
4.955
5.015
5.14
5.743
5.51
5.224
5.206
5.178
5.171
5.119
5.097
5.037
5.039
5.091
5.122
5.384
5.51
5.618
5.684
6.964
6.935
6.953
6.841
8.183
8.183
8.153
8.144
8.119
8.11
8.084
8.076
8.058
8.05
8.032
8.024
8.007
8.007
7.991
7.769
7.652
7.643
7.613
7.618
7.585
7.848
7.848
7.838
7.84
7.84
7.832
7.83
7.824
7.826
7.825
7.825
7.818
7.816
7.918
7.929
7.929
7.937
7.944
7.948
2.153
2.141
2.064
2.053
2.008
2.008
1.969
1.969
2.066
2.128
2.594
2.568
2.416
2.407
2.398
2.391
2.403
2.403
1.073
1.073
1.029
1.031
0.994
0.994
0.97
0.978
0.954
0.952
0.94
0.935
0.917
0.925
0.907
0.899
0.884
0.885
0.877
0.887
0.89
0.89
0.856
0.856
0.829
0.83
0.804
0.806
0.781
0.781
0.765
0.773
0.773
0.779
0.779
0.788
0.789
0.795
0.796
0.804
0.804
0.812
0.812
0.821
0.829
0.829
0.837
0.848
0.846
0.846
0.854
0.864
0.873
0.872
0.881
0.888
0.899
0.906
0.906
0.915
0.923
0.932
0.94
0.947
0.956
0.966
0.973
0.974
0.998
0.999
1.016
3.36899 8.20616 2.85817
