1 361
6.29
6.313
6.356
6.382
6.415
6.442
5.643
5.508
5.435
5.38
5.276
5.224
5.09
5.037
4.931
4.77
4.677
4.623
4.568
4.535
4.5
4.533
4.765
4.799
4.784
4.758
4.484
4.199
4.128
4.084
4.053
4.017
3.997
4.018
4.213
4.172
3.594
3.568
3.531
3.505
3.472
3.454
3.421
3.396
3.364
3.339
3.324
3.3
3.275
3.251
3.234
3.205
3.196
3.17
3.153
3.127
3.109
3.093
3.076
3.058
3.042
3.024
3.015
2.998
2.981
2.962
2.954
2.936
2.927
2.91
2.896
2.889
2.882
2.864
2.847
2.837
2.832
2.817
2.808
2.8
2.792
2.777
2.769
2.766
2.757
2.744
2.743
2.738
2.728
2.723
2.717
2.703
2.701
2.693
2.687
2.679
2.678
2.669
2.664
2.656
2.656
2.647
2.641
2.632
2.633
2.63
2.631
2.627
2.622
2.621
2.623
2.606
2.606
2.606
2.606
2.598
2.599
2.59
2.598
2.589
2.59
2.59
2.59
2.59
2.59
2.582
2.59
2.582
2.59
2.59
2.589
2.611
3.743
3.743
3.751
3.743
3.752
3.752
3.761
3.761
3.768
3.768
3.787
3.778
3.795
3.795
3.803
3.803
3.821
3.821
3.83
3.839
3.847
3.847
3.865
3.874
3.883
3.892
3.901
3.909
3.918
3.927
3.945
3.954
3.972
3.981
3.999
4.008
4.026
4.026
4.052
4.06
4.086
4.095
4.111
4.128
4.154
4.161
4.187
4.194
4.218
4.227
4.26
4.267
4.301
4.316
4.35
4.367
4.389
4.408
4.443
4.451
4.486
4.505
4.536
4.563
4.596
4.614
4.656
4.671
4.715
4.734
4.778
4.804
4.848
4.874
4.917
4.937
4.887
4.849
4.797
4.759
4.709
4.672
4.623
4.586
4.54
4.511
4.467
4.438
4.403
4.369
4.334
4.305
4.272
4.251
4.205
4.184
4.153
4.127
1.756
1.743
1.725
1.718
1.708
1.7
1.692
1.684
1.667
1.659
1.65
1.642
1.634
1.625
1.617
1.608
1.608
1.6
1.592
1.583
1.575
1.568
1.567
1.558
1.551
1.542
1.542
1.534
1.534
1.526
1.517
1.517
1.509
1.509
1.509
1.5
1.493
1.492
1.483
1.475
1.475
1.475
1.475
1.466
1.466
1.458
1.459
1.45
1.449
1.449
1.45
1.44
1.44
1.44
1.44
1.441
1.433
1.424
1.424
1.434
1.427
1.427
1.43
1.422
1.425
1.42
1.43
1.424
1.428
1.42
1.432
1.421
1.43
1.428
1.427
1.424
1.428
1.426
1.424
1.422
1.428
1.427
1.425
1.424
1.433
1.432
1.433
1.433
1.44
1.44
1.44
1.44
1.449
1.449
1.458
1.458
1.458
1.458
1.466
1.466
1.475
1.475
1.475
1.483
1.483
1.492
1.5
1.5
1.499
1.509
1.509
1.516
1.517
1.526
1.534
1.534
1.534
1.541
1.551
1.558
1.568
1.567
1.575
1.576
1.592
1.592
1.6
1.608
1.617
1.625
2.695
13.3078 7.22986 0.604259
