1 361
1.045
1.05
1.044
1.047
1.037
1.047
1.046
1.039
1.013
0.889
0.898
0.89
0.888
0.894
0.893
0.897
0.885
0.894
0.894
0.908
0.907
0.911
0.91
0.91
0.919
0.918
0.918
0.918
0.926
0.926
0.926
0.927
0.927
0.927
0.927
0.935
0.936
0.935
0.944
0.944
0.944
0.944
0.944
0.953
0.953
0.953
0.961
0.961
0.962
0.969
0.968
0.968
0.978
0.977
0.978
0.986
0.986
0.986
0.995
0.995
1.003
1.012
1.012
1.013
1.02
1.029
1.028
1.037
1.044
1.053
1.053
1.053
1.06
1.069
1.078
1.078
1.085
1.095
1.104
1.102
1.112
1.121
1.13
1.137
1.145
1.145
1.153
1.16
1.17
1.178
1.188
1.195
1.205
1.213
1.223
1.23
1.248
1.256
1.264
1.283
1.282
1.298
1.308
1.325
1.334
1.351
1.36
1.368
1.386
1.402
1.41
1.426
1.445
1.461
1.478
1.496
1.511
1.526
1.545
1.558
1.575
1.61
1.624
1.65
1.666
1.692
1.719
1.734
1.759
1.785
1.809
1.844
1.869
1.902
1.936
1.968
1.995
2.038
2.068
2.117
2.151
2.207
2.228
2.255
2.323
2.745
2.8
2.867
2.928
3.021
3.087
3.173
3.176
3.168
3.167
3.141
3.142
3.184
3.318
3.433
3.522
3.607
3.597
3.57
3.56
3.536
3.519
3.494
3.486
3.46
3.453
3.429
3.42
3.397
3.389
3.364
3.355
3.33
3.329
3.319
3.349
3.376
3.409
3.432
3.475
3.501
3.535
3.578
3.605
3.637
3.679
3.713
3.764
8.183
8.183
8.183
8.183
8.183
8.183
8.183
8.183
8.183
8.183
8.183
8.183
8.183
8.183
8.183
8.183
8.183
8.183
8.183
8.183
8.183
8.183
8.183
8.183
8.183
8.183
8.157
7.943
7.662
7.454
7.231
7.045
6.831
6.665
6.471
6.333
6.161
6.04
5.884
5.76
5.612
5.514
5.382
5.289
5.171
5.077
4.971
4.886
4.784
4.712
4.618
4.541
4.469
4.401
4.322
4.271
4.184
4.092
4.077
4.108
4.125
4.148
4.093
4.042
3.977
3.932
3.88
3.835
3.784
3.75
3.691
3.729
8.183
8.183
8.183
8.183
8.183
8.183
8.183
8.183
7.208
8.183
8.183
8.183
8.183
8.183
2.916
2.905
2.873
2.876
2.841
2.812
2.497
2.445
2.407
2.393
2.375
2.363
2.345
2.343
2.336
2.332
2.332
2.329
2.333
2.344
2.341
2.358
2.367
2.383
2.413
2.45
2.45
2.447
2.435
2.419
2.401
2.395
2.386
2.377
2.362
2.353
2.336
2.329
2.319
2.311
2.306
2.295
2.288
2.28
2.261
2.262
2.252
2.245
2.235
2.221
2.218
2.21
2.208
2.201
2.192
2.192
2.182
2.173
2.164
2.157
2.153
2.144
2.144
2.132
2.121
2.11
2.1
2.091
2.088
2.076
2.065
2.057
2.055
2.045
2.034
2.025
2.017
2.014
2.003
2.002
1.994
1.988
7.53012 6.1739 1.84432
