1 361
3.884
3.875
3.856
3.839
3.821
3.811
3.792
3.785
3.709
3.692
3.673
3.656
3.648
3.631
3.618
3.61
3.603
3.603
3.601
3.647
3.642
3.634
3.62
3.619
3.606
3.489
3.357
3.324
3.324
3.317
3.307
3.301
3.299
3.292
3.292
3.282
3.281
3.273
3.274
3.265
3.264
3.256
3.266
3.256
3.255
3.246
3.248
3.246
3.239
3.239
3.24
3.24
3.24
3.239
3.24
3.24
3.239
3.24
3.247
3.239
3.248
3.248
3.247
3.257
3.256
3.256
3.264
3.264
3.274
3.277
3.283
3.282
3.29
3.291
3.302
3.309
3.316
3.317
3.325
3.331
3.347
3.347
3.357
3.368
3.383
3.384
3.395
3.399
3.415
3.418
3.437
3.445
3.458
3.457
3.48
3.481
3.502
3.507
3.529
3.537
3.555
3.556
3.581
3.59
3.606
3.614
3.639
3.649
3.671
3.672
3.705
3.713
3.739
3.748
5.112
5.129
5.159
5.176
5.226
5.244
5.287
5.302
5.346
5.364
5.413
5.431
5.482
5.498
5.559
5.576
5.638
5.645
5.707
5.734
5.796
5.821
5.881
5.907
5.972
6.006
6.073
6.105
6.173
6.208
6.284
6.318
6.395
6.429
6.526
6.552
6.649
6.635
6.556
6.531
6.471
6.437
6.378
6.351
6.29
6.261
6.209
6.182
6.13
6.113
6.07
6.045
5.99
5.976
5.917
5.901
5.86
5.842
5.798
5.783
5.742
5.745
3.569
3.558
3.543
3.534
3.517
3.509
3.481
3.474
3.459
3.449
3.434
3.425
3.417
3.409
3.385
3.386
3.368
3.361
3.353
3.344
3.328
3.328
3.321
3.312
3.304
3.296
3.287
3.288
3.279
3.271
3.262
3.261
3.254
3.253
3.245
3.237
3.237
3.228
3.22
3.22
3.22
3.212
3.212
3.205
3.206
3.197
3.198
3.199
3.194
3.196
3.192
3.193
3.196
3.196
3.195
3.194
3.191
3.196
3.191
3.199
3.316
4.44
4.589
4.67
5.042
5.043
5.052
5.052
5.059
4.899
4.308
4.306
4.309
4.307
4.226
4.311
4.954
5.111
4.854
4.847
4.669
4.602
4.4
4.355
4.361
4.37
4.385
4.4
4.826
4.75
4.549
4.493
4.33
4.327
4.35
4.358
4.366
4.376
4.4
4.41
4.425
4.48
4.704
4.669
4.591
4.555
4.474
4.472
8.183
8.183
8.183
8.183
8.183
8.183
8.183
8.183
8.183
8.183
8.183
8.183
5.995
5.956
5.848
5.826
5.785
5.774
5.74
5.73
5.697
5.691
5.662
5.646
5.629
5.751
6.425
6.452
6.511
6.539
6.612
6.637
6.706
4.757
4.685
4.66
4.591
4.566
4.496
4.482
4.422
4.403
4.345
4.319
4.27
4.245
4.197
4.18
4.13
4.114
4.063
4.054
4.013
3.995
3.951
3.942
3.9
3.891
3.857
3.849
3.813
3.804
3.771
3.762
3.727
3.719
3.686
3.678
3.653
3.638
3.615
3.605
3.579
3.571
3.545
3.536
3.512
0.556442 -0.469361 -1.01919
