1 361
1.712
1.711
1.712
1.712
1.712
1.694
1.694
1.694
1.694
1.693
1.686
1.686
1.685
1.676
1.676
1.676
1.668
1.669
1.66
1.66
1.66
1.66
1.653
1.653
1.657
1.652
1.656
1.654
1.66
1.657
1.653
1.656
1.653
1.644
1.644
1.644
1.644
1.652
1.656
1.66
1.655
1.656
1.659
1.653
1.651
1.653
1.662
1.659
1.668
1.668
1.668
1.668
1.676
1.676
1.675
1.684
1.684
1.684
1.693
1.693
1.694
1.701
1.701
1.709
1.718
1.718
1.718
1.718
1.727
1.727
1.735
1.744
1.745
1.753
1.762
1.771
1.771
1.779
1.788
1.788
1.796
1.805
1.788
1.8
1.806
1.816
1.823
2.008
2.017
2.025
2.033
2.043
2.052
2.059
2.069
2.077
2.085
2.103
2.112
2.122
2.14
2.148
2.165
2.173
2.191
2.2
2.21
2.227
2.242
2.262
2.27
2.288
2.304
2.32
2.337
2.352
2.378
2.386
2.41
2.435
2.459
2.461
2.449
2.418
2.401
2.377
2.362
2.375
2.4
2.437
2.468
2.495
2.519
2.541
2.565
2.599
2.624
2.651
2.686
2.712
2.736
2.77
2.805
2.836
2.879
2.914
2.949
2.987
3.028
3.072
3.107
3.151
3.191
3.243
3.293
3.341
3.39
3.456
3.508
3.566
3.618
3.688
3.752
3.831
3.894
4.001
5.411
5.387
5.52
5.639
5.756
5.89
6.013
6.159
6.293
6.286
6.27
6.244
6.235
6.209
6.2
6.181
6.164
6.15
6.26
6.675
6.802
6.948
7.181
8.183
8.183
8.183
8.183
8.183
8.183
8.183
8.183
8.183
8.183
8.183
8.183
8.183
8.187
8.183
8.191
8.183
8.183
8.183
8.187
8.183
8.183
8.183
8.183
8.183
8.183
8.183
8.183
8.183
8.183
8.183
8.183
8.183
8.183
8.183
8.183
8.183
8.183
8.183
8.183
8.183
8.183
8.183
8.183
8.183
7.92
7.512
7.196
6.875
6.608
6.333
6.104
5.771
5.779
5.787
5.854
5.85
5.933
6.878
7.114
7.208
7.223
7.23
4.032
3.971
3.911
3.818
3.741
3.646
3.572
3.502
3.436
3.364
3.294
3.237
3.178
3.112
3.058
3.007
2.955
2.901
2.857
2.8
2.766
2.714
2.671
2.637
2.596
2.56
2.527
2.486
2.455
2.423
2.388
2.355
2.329
2.297
2.268
2.239
2.221
2.186
2.169
2.145
2.118
2.1
2.073
2.056
2.038
2.012
1.994
1.977
1.956
1.936
1.918
1.903
1.885
1.87
1.853
1.836
1.819
1.811
1.794
1.778
1.769
1.76
1.744
1.726
1.718
1.709
1.694
1.686
1.668
1.66
1.644
1.636
1.627
1.618
1.603
1.595
1.595
1.586
1.573
1.572
1.555
1.546
1.538
1.538
1.531
1.523
1.514
1.506
1.497
1.498
1.49
1.481
1.473
1.473
1.457
1.456
1.448
1.448
1.439
1.431
1.423
1.422
1.415
1.415
1.415
1.406
1.398
1.397
1.389
3.82647 10.582 2.27441
