1 361
1.156
1.156
1.173
1.172
1.19
1.199
1.208
1.208
1.225
1.234
1.251
1.251
1.278
1.278
1.294
1.304
1.321
1.321
1.347
1.348
1.373
1.373
1.407
1.407
1.433
1.441
1.467
1.476
1.501
1.51
1.542
1.542
1.584
1.575
1.617
1.625
1.666
1.664
1.706
1.724
1.758
1.767
1.809
1.826
1.874
1.877
1.935
1.943
2.002
2.009
2.081
2.091
2.15
2.159
2.238
2.247
2.332
2.347
2.43
2.446
2.545
2.56
2.673
2.69
2.808
2.833
2.97
2.996
3.146
3.17
3.343
3.377
3.573
3.606
3.83
3.883
4.133
4.192
4.453
4.452
4.442
4.434
4.426
4.417
4.418
4.409
4.4
4.4
4.391
4.391
4.384
4.383
4.383
4.375
4.383
4.366
4.366
4.366
4.366
4.366
4.366
4.366
4.366
4.366
4.366
3.788
3.604
3.604
2.082
2.082
2.084
2.077
1.892
1.821
1.595
1.529
1.435
1.439
4.422
4.422
4.433
4.442
4.45
4.449
4.467
4.466
4.482
4.483
4.502
4.503
4.525
4.527
4.544
4.542
4.569
4.568
4.593
4.592
4.618
4.618
4.653
4.652
4.679
4.686
4.714
4.713
4.749
4.749
4.782
4.783
3.939
3.95
4.853
4.862
4.897
4.895
4.879
4.867
4.903
4.913
4.956
4.952
4.99
4.992
5.023
5.022
5.045
5.045
5.091
5.108
5.171
5.183
5.24
5.253
5.359
5.368
5.333
2.666
2.678
2.675
5.108
5.09
5.447
5.456
5.551
5.568
5.643
5.661
5.677
5.658
5.644
5.662
5.761
5.76
5.696
5.748
6.467
6.476
4.494
4.444
4.38
4.365
6.853
6.877
7.011
7.03
7.164
7.19
7.325
7.353
7.5
7.527
7.232
7.186
6.372
6.35
6.29
6.286
6.217
6.203
6.151
6.142
5.726
5.703
5.651
5.618
5.674
5.647
5.913
5.906
5.155
5.062
4.914
4.937
5.72
5.709
5.231
5.216
5.183
5.17
5.123
5.123
5.053
5.041
5.026
5.028
5.172
5.212
5.538
5.556
6.917
6.817
6.909
6.795
8.183
8.183
8.153
8.144
8.118
8.117
8.092
8.083
8.067
8.059
8.041
8.041
8.025
8.024
7.998
7.758
7.662
7.65
7.63
7.629
7.668
7.88
7.806
7.798
7.807
7.8
7.856
7.866
7.857
7.858
7.858
7.857
7.858
7.859
7.958
7.973
7.973
7.982
7.991
7.991
7.999
8.008
5.828
5.824
2.316
2.266
2.151
2.151
2.097
2.098
2.059
2.06
2.014
2.016
2.202
2.435
2.44
2.451
2.456
2.464
2.133
2.083
1.837
1.826
1.667
1.653
1.464
1.392
1.168
1.168
1.123
1.131
1.097
1.097
1.073
1.071
1.052
1.052
1.037
1.038
1.02
1.03
1.002
1.001
0.994
0.993
0.973
0.972
0.974
0.977
0.971
0.971
0.936
0.944
0.913
0.921
0.895
0.897
0.871
0.871
0.867
0.876
0.884
0.883
0.893
0.902
0.91
3.29717 8.23483 2.67213
