1 361
1.832
1.859
1.892
1.926
1.958
1.994
2.036
2.07
2.122
2.149
2.2
2.243
2.294
2.334
2.402
2.441
2.514
2.561
2.64
2.692
2.775
2.842
2.944
3.015
3.119
3.205
3.327
3.427
3.572
3.674
3.838
3.96
4.162
4.299
4.542
4.717
4.795
4.785
4.775
4.775
4.765
4.756
4.756
4.748
4.749
4.738
4.738
4.731
4.73
4.721
4.723
4.723
4.724
4.724
4.723
4.722
4.723
4.723
4.725
4.726
3.981
3.941
3.918
2.45
2.442
2.439
2.406
2.284
2.024
1.776
4.764
4.767
4.784
4.786
4.794
4.795
4.811
4.811
4.829
4.831
4.848
4.849
4.864
4.874
4.882
4.89
4.908
4.916
4.933
4.943
4.961
4.968
4.993
4.994
5.02
5.026
5.053
5.061
5.085
5.092
5.117
4.474
4.303
5.166
5.199
5.208
5.24
5.249
5.208
5.215
5.247
5.264
5.28
5.283
5.328
5.344
5.357
5.363
5.38
5.412
5.452
5.479
5.531
5.55
2.983
2.962
2.986
5.631
5.549
5.5
5.432
5.399
5.74
5.761
5.83
5.858
5.917
5.946
5.983
5.931
5.921
5.963
6.032
6.057
5.977
6.271
4.719
4.777
4.69
4.639
6.955
6.997
7.091
7.133
7.225
7.277
7.382
7.434
7.538
7.591
7.699
7.756
7.524
6.709
6.591
6.552
6.5
6.469
6.421
6.397
5.955
5.947
5.893
5.855
5.913
5.924
6.153
6.116
5.197
5.114
5.145
5.175
5.959
5.938
5.396
5.374
5.343
5.329
5.291
5.254
5.194
5.187
5.217
5.248
5.405
5.544
5.695
5.765
7.301
6.9
7.02
6.932
8.183
8.183
8.183
8.183
8.183
8.183
8.183
8.183
8.183
8.183
8.161
8.143
8.135
8.118
8.111
8.101
7.809
7.757
7.736
7.716
7.706
7.642
7.941
7.933
7.932
7.92
7.916
7.916
7.907
7.908
7.901
7.891
7.892
2.194
2.118
2.098
2.053
2.034
1.098
1.064
1.012
1.013
0.979
0.969
0.952
0.942
0.921
0.911
0.892
0.884
0.885
0.873
0.947
0.905
0.805
0.799
0.751
0.75
0.756
0.75
0.758
0.757
0.765
0.763
0.764
0.763
0.762
0.772
0.771
0.771
0.778
0.778
0.787
0.778
0.786
0.784
0.792
0.792
0.794
0.794
0.801
0.801
0.808
0.809
0.818
0.816
0.816
0.825
0.825
0.815
0.832
0.832
0.843
0.841
0.85
0.851
0.858
0.859
0.868
0.866
0.875
0.875
0.884
0.884
0.894
0.902
0.907
0.908
0.917
0.917
0.934
0.935
0.943
0.942
0.957
0.959
0.966
0.976
0.983
0.992
1
0.999
1.017
1.016
1.03
1.032
1.048
1.057
1.073
1.072
1.098
1.099
1.118
1.118
1.121
1.117
1.1
1.109
1.091
1.091
1.083
1.083
1.074
1.074
1.065
1.065
1.057
1.057
1.04
1.04
1.03
1.031
1.022
1.023
1.005
1.015
0.998
0.998
0.988
3.54956 8.18376 3.13099
