1 361
1.811
1.829
1.838
1.854
1.862
1.88
1.896
1.912
1.921
1.936
1.959
1.969
1.993
2.001
2.026
2.043
2.061
2.077
2.104
2.121
2.138
2.165
2.19
2.206
2.232
2.25
2.285
2.301
2.332
2.358
2.39
2.406
2.446
2.467
2.511
2.537
2.585
2.602
2.655
2.678
2.729
2.765
2.814
2.847
2.905
2.933
2.995
3.038
3.096
3.141
3.21
3.249
3.324
3.369
3.458
3.501
3.591
3.64
3.752
3.81
3.913
3.976
4.105
4.176
4.319
4.399
4.565
4.578
6.079
6.073
6.073
6.066
6.106
6.071
6.049
6.032
6.231
6.407
6.78
6.962
7.385
7.61
8.121
8.183
8.183
8.183
8.183
8.183
8.183
8.183
8.183
8.183
8.183
8.183
8.183
8.183
8.183
8.183
8.183
8.183
8.183
8.183
8.183
8.183
8.183
8.183
8.183
8.183
8.183
8.183
8.183
8.183
8.183
8.183
8.183
8.183
8.187
8.183
4.249
4.261
4.351
4.384
4.478
4.514
4.614
4.657
4.767
4.762
4.76
4.751
4.753
4.742
4.741
4.739
4.739
4.731
4.731
4.724
4.732
4.726
4.735
4.725
4.595
4.527
4.383
4.321
4.194
4.133
4.032
3.979
3.872
3.836
3.73
3.682
3.597
3.562
3.478
3.433
3.315
3.286
3.304
3.302
3.336
3.335
3.342
3.306
3.249
3.22
3.164
3.132
3.089
3.053
3.011
2.975
2.94
2.912
2.861
2.835
2.793
2.561
2.496
2.472
2.461
2.452
2.417
2.395
2.369
2.353
2.327
2.309
2.286
2.269
2.244
2.236
2.21
2.201
2.175
2.156
2.141
2.131
2.106
2.095
2.078
2.06
2.052
2.043
2.017
2.007
1.991
1.984
1.965
1.957
1.941
1.931
1.914
1.906
1.897
1.888
1.873
1.862
1.855
1.847
1.838
1.829
1.821
1.803
1.803
1.795
1.787
1.778
1.769
1.76
1.751
1.743
1.735
1.734
1.734
1.716
1.708
1.708
1.699
1.699
1.691
1.691
1.682
1.674
1.674
1.665
1.657
1.657
1.65
1.649
1.641
1.64
1.641
1.633
1.632
1.624
1.625
1.625
1.617
1.617
1.617
1.608
1.608
1.608
1.6
1.6
1.6
1.6
1.592
1.592
1.593
1.594
1.588
1.583
1.59
1.583
1.581
1.582
2.103
2.105
2.105
2.096
2.105
2.105
2.11
2.103
2.114
2.107
2.109
2.106
2.112
2.112
2.11
2.119
2.119
2.119
2.116
2.107
2.103
2.102
2.111
2.11
6.169
5.928
5.95
5.984
5.192
5.143
4.948
4.951
4.963
4.946
4.222
4.212
4.093
4.092
4.108
4.117
4.133
4.142
4.159
4.168
4.186
4.193
4.211
4.219
4.244
4.249
4.283
4.292
4.316
4.324
4.349
4.365
4.393
4.4
4.426
4.443
4.468
4.476
2.539
2.533
2.469
2.461
2.444
2.452
2.488
2.505
2.534
2.534
2.561
2.569
2.594
2.594
2.63
2.629
2.663
2.673
2.698
-1.58908 13.8474 0.476082
