1 361
2.33
2.312
2.304
2.287
2.279
2.261
2.26
2.237
2.23
2.212
2.203
2.195
2.185
2.176
2.167
2.15
2.14
2.13
2.121
2.113
2.113
2.105
2.095
2.078
2.078
2.068
2.068
2.059
2.05
2.042
2.042
2.033
2.033
2.015
2.015
2.007
2.007
2.004
2.001
2.003
1.994
1.994
1.987
1.989
1.98
1.973
1.975
1.962
1.963
1.954
1.954
1.951
1.951
1.946
1.946
1.945
1.946
1.938
1.941
1.946
1.937
1.937
1.937
1.938
1.937
1.945
1.943
1.942
1.942
1.934
1.943
1.943
1.942
1.936
1.937
1.939
1.939
1.939
1.938
1.945
1.949
1.947
1.947
1.955
1.955
1.955
1.96
1.969
1.969
1.975
1.975
1.986
1.985
2
2
2.003
2.003
2.01
2.009
2.01
2.012
2.021
2.023
2.037
2.033
2.04
2.039
2.057
2.062
2.068
2.076
2.086
2.087
2.095
2.097
2.104
2.113
2.121
2.122
2.139
2.146
3.439
3.448
3.465
3.473
3.499
3.508
3.534
3.542
3.568
3.577
3.613
3.613
3.646
3.654
3.689
3.697
3.731
3.739
3.782
3.788
3.826
3.833
3.877
3.887
3.931
3.938
3.984
4
4.032
4.06
4.103
4.111
4.161
4.178
4.226
4.251
4.301
4.317
4.383
4.401
4.452
4.479
4.536
4.554
4.621
4.647
4.706
4.735
4.815
4.832
4.91
4.935
5.021
5.044
5.034
5.031
4.974
4.956
4.907
4.897
4.846
4.837
4.795
4.788
4.741
4.737
4.69
4.69
4.656
4.639
4.614
4.597
4.563
4.555
4.526
4.517
4.483
4.483
4.44
4.441
4.406
4.407
4.385
4.381
4.358
4.35
4.326
4.325
4.319
4.32
4.296
4.296
4.271
4.27
4.255
4.245
4.23
4.228
4.204
4.213
4.189
4.189
4.172
4.172
4.154
4.155
2.213
2.237
2.203
2.212
2.204
2.203
2.196
2.196
2.187
2.197
2.189
2.189
2.185
2.186
2.18
2.192
2.187
2.188
2.188
2.188
2.187
2.186
2.183
2.191
2.186
2.193
2.189
2.188
2.186
2.196
2.195
2.203
2.202
2.202
2.202
2.211
2.211
2.22
2.219
2.219
2.219
2.228
2.228
2.237
2.246
2.246
2.254
2.262
2.263
2.263
2.271
2.28
2.288
2.288
2.297
2.306
2.306
2.313
2.321
2.331
2.339
2.347
2.356
2.364
2.372
2.381
2.389
2.398
2.405
2.422
2.431
2.439
2.447
2.464
2.471
2.489
2.496
2.504
2.521
2.537
2.544
2.561
2.576
2.595
2.6
2.618
2.806
3.975
3.96
4.013
4.032
4.008
3.997
4.02
4.06
4.085
4.31
4.287
4.213
4.196
4.13
4.106
4.121
4.145
4.178
4.204
4.254
4.269
4.362
4.55
4.501
4.495
4.452
4.444
6.172
6.137
6.058
6.062
5.995
5.956
5.935
5.933
5.919
5.919
5.903
5.906
5.891
5.9
5.893
5.89
6.933
6.983
7.111
7.163
1.30492 -1.50285 -0.533626
