1 361
0.681
0.689
0.69
0.698
0.698
0.706
0.706
0.706
0.716
0.714
0.722
0.73
0.728
0.738
0.737
0.737
0.745
0.752
0.751
0.761
0.76
0.767
0.766
0.782
0.783
0.791
0.8
0.808
0.807
0.816
0.814
0.825
0.832
0.84
0.85
0.858
0.858
0.867
0.874
0.885
0.893
0.909
0.908
0.916
0.933
0.931
0.948
0.955
0.968
0.974
0.984
1.026
1.073
1.092
1.097
1.097
1.089
1.099
1.115
1.116
1.132
1.131
1.147
1.157
1.166
1.183
1.19
5.309
5.265
5.218
5.185
5.144
5.102
5.069
5.038
5.004
4.982
4.948
4.722
4.706
4.7
4.664
4.639
4.606
4.587
4.554
4.531
4.504
4.479
4.461
4.435
4.41
4.392
4.374
4.349
4.334
4.316
4.291
4.275
4.248
4.234
4.217
4.21
4.184
4.168
4.162
4.143
4.126
4.117
4.101
4.094
4.067
4.067
4.05
4.041
4.025
4.016
4.008
3.998
3.99
3.982
3.977
3.966
3.955
3.946
3.936
3.915
3.907
3.992
4.047
4.046
4.039
4.03
4.023
4.022
4.015
4.013
4.005
4.006
3.999
3.998
3.999
3.998
3.989
3.991
3.983
3.985
3.98
3.986
3.983
3.984
3.982
3.979
3.985
3.989
3.823
3.839
3.846
3.855
3.864
3.862
3.863
3.869
3.87
3.877
3.877
3.886
3.886
3.892
3.894
3.904
3.912
3.913
3.921
3.935
3.93
3.948
3.948
3.965
3.966
3.974
3.983
3.999
4
4.018
4.026
4.033
4.042
4.059
4.069
4.083
4.095
4.111
4.119
4.136
4.153
4.162
4.178
4.194
4.21
4.226
4.245
4.267
4.277
4.299
4.316
4.344
4.357
4.375
4.401
4.403
4.42
4.621
4.649
4.674
4.691
4.725
4.743
4.779
4.806
4.833
4.857
4.896
1.107
1.097
1.08
1.072
1.054
1.048
1.039
1.023
1.006
1.005
0.992
1.001
1.005
0.995
0.982
0.98
0.981
0.986
0.984
0.967
0.932
0.912
0.89
0.891
0.888
0.887
0.878
0.887
0.879
0.888
0.878
0.879
0.878
0.878
0.88
0.88
0.881
0.877
0.884
0.874
0.877
0.878
0.874
0.879
0.872
0.883
0.881
0.877
0.879
0.878
0.872
0.874
0.881
0.886
0.878
0.882
0.882
0.88
0.88
0.888
0.878
0.88
0.886
0.887
0.886
0.895
0.886
0.893
0.894
0.894
0.893
0.895
0.902
0.901
0.902
0.91
0.911
0.909
0.91
0.918
0.918
0.918
0.927
0.928
0.927
0.936
0.936
0.943
0.943
0.952
0.951
0.949
0.958
0.965
0.955
4.838
4.83
2.089
4.824
2.125
4.816
2.654
2.622
2.591
2.454
2.234
2.233
2.197
2.19
2.19
2.19
2.234
2.232
2.285
2.882
2.89
2.889
2.904
2.919
2.919
2.629
2.595
2.597
2.569
2.56
2.43
2.314
2.116
2.026
1.857
1.867
1.862
1.869
1.837
1.844
1.851
1.851
1.85
4.49082 2.48262 0.374295
