1 361
1.492
1.499
1.491
1.492
1.491
1.49
1.482
1.49
1.481
1.48
1.48
1.481
1.472
1.472
1.472
1.471
1.471
1.472
1.473
1.473
1.466
1.472
1.466
1.473
1.466
1.451
1.472
1.468
1.466
1.472
1.471
1.472
1.47
1.469
1.478
1.477
1.477
1.477
1.487
1.486
1.486
1.486
1.487
1.494
1.493
1.504
1.504
1.507
1.515
1.494
1.463
1.355
1.358
1.365
1.365
1.365
1.373
1.372
1.385
1.406
1.416
1.407
1.416
1.416
1.424
1.433
1.433
1.441
1.44
1.449
1.458
1.458
1.466
1.476
1.483
1.483
1.491
1.499
1.508
1.508
1.517
1.525
1.533
1.541
1.548
1.55
1.556
1.567
1.573
1.59
1.589
1.606
1.614
1.626
1.629
1.638
1.645
1.663
1.671
1.688
1.697
1.714
1.72
1.728
1.74
1.755
1.773
1.781
1.796
1.814
1.821
1.839
1.855
1.867
1.891
1.906
1.915
1.94
1.957
1.972
1.99
2.008
2.025
2.052
2.067
2.094
2.121
2.138
2.165
2.19
2.217
2.243
2.269
2.296
2.318
2.361
2.386
2.418
2.443
2.484
2.511
2.549
2.59
2.644
5.697
4.124
4.091
4.057
4.048
4.022
4.045
4.167
4.232
4.315
4.383
4.474
4.556
4.66
4.749
4.859
4.901
4.883
4.874
4.849
4.848
4.82
4.812
4.796
4.787
4.768
4.759
4.751
4.759
5.017
5.183
5.349
5.428
5.673
5.869
8.183
8.183
8.183
8.183
8.183
8.183
8.183
8.183
8.183
8.183
8.183
8.183
8.183
8.183
8.187
8.183
8.183
8.183
8.183
8.187
8.187
8.191
8.191
7.897
7.883
7.883
7.865
7.866
7.85
7.849
7.833
7.843
7.825
7.825
7.816
7.818
7.809
7.82
7.808
7.808
7.809
7.818
7.811
7.818
7.809
7.816
7.816
7.826
7.826
7.845
7.711
7.473
7.184
6.964
6.663
6.449
6.218
6.072
5.874
5.728
5.554
5.411
5.265
5.151
5.009
4.903
4.772
4.606
4.561
4.585
4.594
4.642
4.666
4.732
6.052
6.077
6.1
6.128
6.152
6.176
6.255
6.291
6.313
6.347
6.375
6.405
6.351
6.338
6.38
6.331
6.295
6.354
2.938
2.91
2.884
2.877
2.833
2.8
2.765
2.739
2.708
2.68
2.655
2.62
2.594
2.568
2.544
2.518
2.495
2.469
2.445
2.421
2.396
2.379
2.354
2.336
2.313
2.297
2.28
2.264
2.238
2.228
2.212
2.193
2.178
2.159
2.141
2.123
2.106
2.097
2.082
2.072
2.055
2.044
2.029
2.02
2.002
1.994
1.977
1.971
1.961
1.954
1.937
1.93
1.919
1.913
1.897
1.896
1.88
1.872
1.864
1.853
1.854
1.837
1.828
1.829
1.823
1.814
1.804
1.796
1.789
1.793
1.781
1.772
1.764
1.763
1.756
1.755
1.746
1.738
1.737
1.729
1.73
1.718
1.722
1.713
1.713
1.705
1.697
1.697
1.697
1.689
2.7731 11.7569 2.3968
