1 361
2.262
2.306
2.294
4.82
4.821
4.913
4.913
4.92
4.9
4.789
4.78
4.679
4.658
4.777
4.78
5.136
5.113
5.039
5.052
5.1
5.099
5.201
5.183
5.205
5.208
5.297
5.294
5.229
5.215
5.925
5.924
3.926
3.936
4.025
4.126
6.207
6.219
6.34
6.269
6.362
6.406
6.442
6.443
5.013
4.996
4.925
4.924
4.901
4.899
4.936
5.083
5.277
5.266
5.222
5.213
5.187
5.198
5.178
5.166
5.12
5.111
5.16
5.161
4.999
5.183
5.96
5.958
4.382
4.371
4.406
4.4
4.806
4.878
4.806
4.737
4.622
4.613
4.578
4.571
4.536
4.535
4.505
4.506
4.534
4.551
4.85
4.907
5.03
5.038
6.119
6.116
6.197
6.22
7.618
7.609
7.583
7.575
7.558
7.548
7.53
7.522
7.506
7.496
7.477
7.477
7.461
7.461
7.442
7.442
7.131
7.123
7.098
7.091
7.085
7.071
7.295
7.311
7.316
7.307
7.307
7.299
7.309
7.298
7.308
7.299
7.309
7.298
7.309
7.307
6.978
6.95
7.424
7.418
7.433
7.433
7.451
7.451
8.189
6.689
5.463
5.413
5.293
5.293
5.309
5.309
4.323
4.324
3.375
3.343
3.008
3.001
1.796
1.808
1.649
1.649
1.607
1.601
1.578
1.578
1.581
1.582
1.595
1.594
1.643
1.632
2.655
2.648
2.361
2.358
2.256
2.264
1.946
1.958
1.856
1.865
1.8
1.792
1.734
1.735
1.683
1.681
1.688
1.678
1.692
1.692
1.4
1.407
1.413
1.404
1.744
1.743
1.382
1.406
1.312
1.324
1.253
1.26
1.196
1.212
0.868
0.886
0.815
0.824
0.789
0.79
0.763
0.77
0.744
0.755
0.729
0.735
0.719
0.72
0.711
0.712
0.703
0.71
0.686
0.694
0.684
0.688
0.685
0.681
0.673
0.675
0.663
0.675
0.666
0.664
0.669
0.662
0.657
0.665
0.659
0.665
0.656
0.654
0.657
0.655
0.657
0.653
0.653
0.653
0.652
0.655
0.649
0.654
0.646
0.644
0.648
0.652
0.705
0.656
0.77
0.775
0.743
0.744
0.713
0.724
0.664
0.674
0.67
0.67
0.676
0.677
0.668
0.67
0.659
0.661
0.653
0.653
0.645
0.644
0.635
0.645
0.637
0.637
0.634
0.626
0.753
0.743
0.845
0.843
0.981
0.969
1.352
1.275
1.396
1.404
1.398
1.399
1.433
1.441
1.33
1.339
1.339
1.339
1.347
1.347
1.348
1.348
1.347
1.355
1.348
1.356
1.348
1.356
1.348
1.356
1.356
1.356
1.348
1.356
1.347
1.356
1.347
1.355
1.348
1.349
1.349
1.374
1.535
1.543
1.54
1.547
1.547
1.554
1.557
1.556
1.558
1.566
1.561
1.569
1.571
1.571
1.585
1.592
1.591
1.603
1.599
1.608
1.444
1.412
1.362
1.367
1.339
1.347
1.346
1.342
1.347
1.356
1.355
1.365
1.373
1.382
1.391
1.39
1.398
1.408
1.416
1.426
2.39969 8.983 4.38294
