1 361
2.287
2.26
2.251
2.233
2.233
2.207
2.206
2.188
2.178
2.161
2.151
2.144
2.133
2.124
2.115
2.106
2.097
2.087
2.079
2.069
2.059
2.052
2.052
2.044
2.033
2.025
2.025
2.016
2.008
2.007
1.997
1.989
1.989
1.981
1.983
1.973
1.963
1.834
1.819
1.783
1.784
1.784
1.785
1.797
1.788
1.788
1.788
1.78
1.771
1.197
1.187
1.158
1.158
1.136
1.136
1.117
1.118
1.102
1.093
1.076
1.076
1.059
1.059
1.042
1.042
1.026
1.026
1.009
1.009
0.993
0.993
0.984
0.975
0.967
0.966
0.959
0.951
0.942
0.942
0.932
0.933
0.917
0.926
0.907
0.908
0.899
0.899
0.89
0.89
0.882
0.881
0.873
0.873
0.865
0.865
0.856
0.865
0.847
0.847
0.838
0.847
0.837
0.838
0.83
0.829
0.821
0.821
0.821
0.82
1.849
1.857
1.866
1.874
1.883
1.883
1.902
1.902
1.917
1.917
1.926
1.934
1.943
1.952
1.968
1.968
1.978
1.985
2.003
2.011
2.019
2.028
2.046
2.047
2.064
2.064
2.092
2.091
2.108
2.118
2.135
2.144
2.161
2.169
2.197
2.205
2.223
2.233
2.257
2.256
2.285
2.293
2.293
2.302
2.327
2.342
2.579
2.595
2.629
2.639
2.672
2.691
2.715
2.732
2.766
2.784
2.817
2.833
2.876
2.893
2.937
2.955
2.999
3.025
3.078
3.093
3.101
3.1
3.067
3.058
3.031
3.049
3.126
3.144
3.211
3.236
3.303
3.32
3.39
3.417
3.492
3.518
3.603
3.629
3.714
3.756
3.844
3.881
3.985
4.015
4.124
4.163
4.285
4.334
4.462
4.513
4.655
4.76
6.325
6.396
6.616
6.698
6.947
7.054
7.036
7.037
7.003
7.001
6.978
6.974
6.944
6.937
7.243
7.498
7.652
7.828
8.183
8.183
8.183
8.183
8.183
8.183
8.183
8.183
8.183
8.183
8.183
8.183
8.183
8.183
8.183
8.183
8.191
8.183
8.183
8.183
8.183
8.183
8.183
8.183
8.183
8.183
8.183
8.183
8.183
8.183
8.183
8.183
8.183
8.183
8.183
8.183
8.183
8.183
8.183
8.183
8.183
8.183
8.03
7.795
7.219
7.035
6.512
6.521
6.548
6.637
6.625
6.802
7.64
7.832
4.687
4.679
4.472
4.407
4.237
4.161
4.004
3.947
3.793
3.743
3.602
3.561
3.446
3.407
3.294
3.26
3.156
3.123
3.038
3.003
2.923
2.89
2.813
2.785
2.713
2.686
2.625
2.599
2.546
2.524
2.459
2.444
2.393
2.373
2.32
2.304
2.261
2.244
2.203
2.186
2.15
2.132
2.098
2.088
2.045
2.036
2.001
1.993
1.959
1.951
1.916
1.907
1.877
1.868
1.841
1.834
1.807
1.799
1.775
1.767
1.74
1.733
1.715
1.709
1.691
1.682
1.658
1.651
1.635
1.625
1.612
1.604
1.596
1.579
1.563
1.555
1.539
1.538
1.531
1.523
1.506
1.507
4.31352 9.88165 1.97755
