1 361
1.947
1.947
1.938
1.937
1.937
1.929
1.931
1.92
1.92
1.919
1.919
1.911
1.911
1.911
1.902
1.902
1.903
1.903
1.903
1.9
1.894
1.895
1.892
1.895
1.894
1.889
1.894
1.886
1.877
1.877
1.894
1.871
1.872
1.866
1.873
1.872
8.183
8.183
8.183
8.183
8.183
8.183
8.183
8.183
8.183
8.183
8.183
8.183
8.183
8.183
8.183
8.183
8.183
8.183
8.183
8.183
8.183
8.183
8.183
8.183
8.183
8.183
8.183
8.183
8.183
8.183
8.183
8.183
8.183
8.183
8.183
8.183
8.183
8.183
8.183
8.183
8.183
3.251
3.226
3.194
3.143
3.122
3.082
3.056
3.013
2.99
2.952
2.926
2.902
2.874
2.841
2.816
2.783
2.765
2.74
2.715
2.697
2.672
2.655
2.63
2.635
2.639
2.68
2.638
2.545
2.52
2.488
2.47
2.461
2.461
2.506
2.518
2.55
2.559
2.593
2.601
2.644
2.652
2.686
2.694
2.737
2.745
2.787
2.795
2.836
2.843
2.894
2.912
2.956
2.973
3.017
3.035
3.088
3.102
3.161
3.18
3.23
3.247
3.316
3.332
3.398
3.42
3.495
3.519
3.592
3.614
3.691
3.718
3.801
3.828
3.928
3.953
4.05
4.076
4.175
4.215
4.335
4.364
4.489
4.536
4.661
4.712
4.865
4.91
5.067
5.118
5.297
5.359
5.555
5.624
5.836
5.914
6.149
6.218
6.588
7.069
7.419
7.535
7.845
7.822
7.837
7.909
8.183
8.183
8.183
8.183
8.183
8.183
8.183
8.183
7.86
8.191
8.183
8.183
8.187
7.783
8.187
8.183
7.77
8.183
8.183
8.187
7.687
7.689
7.748
7.71
7.731
7.738
7.73
7.744
7.748
7.74
7.733
8.187
8.183
7.758
8.187
8.183
8.183
8.187
8.187
8.183
8.183
8.183
7.727
7.513
7.518
6.699
6.192
6.059
5.663
5.554
5.197
5.081
4.798
4.642
4.637
4.635
4.667
4.646
4.432
4.355
3.678
3.666
3.5
3.457
3.314
3.28
3.158
3.13
3.02
2.998
2.892
2.865
2.775
2.753
2.669
2.652
2.567
2.55
2.476
2.459
2.394
2.377
2.307
2.3
2.243
2.233
2.173
2.163
2.11
2.101
2.05
2.041
1.997
1.997
1.913
1.907
1.888
1.888
1.913
1.912
1.939
1.938
1.963
1.966
1.953
1.95
1.908
1.908
1.875
1.866
1.831
1.832
1.808
1.799
1.774
1.765
1.748
1.738
1.713
1.713
1.687
1.679
1.662
1.655
1.628
1.628
1.612
1.604
1.589
1.579
1.564
1.564
1.539
1.539
1.523
1.523
1.506
1.506
1.489
1.49
1.473
1.473
1.458
1.457
1.439
1.44
1.248
1.248
1.239
1.24
1.232
1.233
1.235
1.234
1.224
1.224
1.216
1.216
1.207
1.208
1.191
1.191
1.182
1.191
1.18
1.182
1.172
1.171
1.162
1.163
1.155
1.156
1.157
1.157
1.149
1.148
1.139
1.148
1.139
9.82321 13.678 5.92256
