1 361
4.85
4.791
4.775
4.713
4.698
4.636
4.615
4.558
4.552
4.499
2.042
2.021
2.012
2.003
1.994
1.969
1.968
1.943
1.942
1.926
1.917
1.907
1.899
1.882
1.874
1.857
1.857
1.84
1.84
1.823
1.823
1.805
1.805
1.788
1.788
1.78
1.771
1.763
1.763
1.745
1.744
1.736
1.728
1.719
1.719
1.71
1.71
1.702
1.702
1.694
1.684
1.685
1.677
1.677
1.669
1.669
1.66
1.66
1.652
1.652
1.643
1.643
1.636
1.636
1.635
1.628
1.628
1.629
1.62
1.62
1.62
1.62
1.612
1.612
1.613
1.605
1.605
1.607
1.609
1.602
1.604
1.601
1.602
1.607
1.608
1.602
1.603
1.603
1.602
1.608
1.607
1.61
1.607
1.604
1.602
1.607
1.608
1.605
1.613
1.613
1.613
1.612
1.612
1.62
1.62
1.629
1.629
1.629
1.629
1.637
1.637
1.645
1.637
1.645
1.645
1.654
1.654
1.662
1.662
1.67
1.671
1.679
1.687
1.693
1.702
2.878
2.866
2.85
2.848
2.859
2.867
2.878
2.865
2.806
2.815
3.443
3.445
3.337
3.32
3.228
3.22
3.136
3.119
3.04
3.032
3
3.006
3.031
3.039
3.07
3.079
3.349
3.341
3.262
3.252
3.177
3.161
3.092
3.082
3.084
3.092
3.119
3.127
3.163
3.171
3.197
3.206
3.248
3.256
3.492
3.484
3.443
3.443
3.401
3.401
3.36
3.355
8.183
8.183
5.055
5.048
4.988
4.983
4.916
4.898
4.86
4.86
4.853
4.853
4.836
4.836
4.83
4.827
4.82
4.822
4.803
4.803
5.063
5.799
5.919
5.943
6.067
6.099
6.222
6.254
6.391
6.422
6.573
6.606
6.752
6.79
5.809
6.03
4.073
4.072
4.031
4.032
3.987
3.989
3.953
3.954
3.919
3.919
3.893
3.884
3.86
3.859
3.832
3.823
3.798
3.799
3.773
3.782
3.748
3.748
3.729
3.73
3.706
3.704
3.687
3.687
3.663
3.672
3.646
3.647
3.628
3.638
3.615
3.616
3.61
3.61
3.601
3.603
3.593
3.595
3.585
3.588
3.57
3.577
3.562
3.572
3.567
3.568
3.562
3.562
3.555
3.557
3.55
3.552
3.545
3.554
3.545
3.553
3.55
3.548
3.555
3.563
3.562
3.561
3.568
3.567
3.565
3.573
3.581
3.579
3.587
3.588
3.595
3.597
3.606
3.605
3.613
3.621
3.62
3.629
3.638
3.646
3.643
3.655
3.663
3.671
3.68
3.688
3.704
3.724
3.73
3.748
3.758
3.766
3.782
3.79
3.798
3.807
3.827
3.833
3.853
3.861
3.879
3.897
3.905
3.923
3.941
3.96
3.974
3.985
4.011
4.02
4.045
4.061
4.086
4.094
4.129
4.146
4.17
4.187
4.212
4.228
4.261
4.278
4.32
4.335
4.368
4.386
4.429
4.438
4.481
4.499
4.54
4.562
4.611
4.638
4.68
4.699
4.751
4.77
4.826
4.848
4.898
4.915
4.983
5.001
2.04704 -1.36478 0.963998
