1 361
5.562
5.515
5.474
5.409
5.339
5.295
5.245
5.244
5.039
4.992
4.94
4.917
4.888
4.862
4.835
4.852
5.191
5.168
5.154
5.169
4.936
4.89
4.867
4.817
4.729
4.681
4.664
4.65
4.636
4.692
4.829
5.032
5.163
5.212
4.751
4.117
4.102
4.083
4.076
4.05
4.041
4.022
4.005
3.996
3.979
3.962
3.953
3.936
3.927
3.909
3.902
3.888
3.888
3.869
3.851
3.852
3.834
3.827
3.819
3.81
3.809
3.801
3.793
3.785
3.776
3.767
3.767
3.759
3.756
3.75
3.742
3.735
3.732
3.725
3.726
3.728
3.719
3.718
3.718
3.713
3.712
3.714
3.713
3.711
3.707
3.7
3.702
3.708
3.708
3.708
3.713
3.713
3.713
3.711
3.714
3.722
3.718
3.721
3.723
3.73
3.729
3.74
3.74
3.738
3.748
3.747
3.755
3.763
3.763
3.772
3.778
3.785
3.786
3.824
4.978
4.986
5.003
5.011
5.029
5.036
5.053
5.068
5.078
5.094
5.102
5.12
5.134
5.152
5.169
5.185
5.201
5.218
5.242
5.258
5.278
5.294
5.321
5.335
5.364
5.388
5.405
5.431
5.447
5.472
5.498
5.532
5.557
5.584
5.61
5.636
5.662
5.7
5.725
5.761
5.787
5.821
5.857
5.889
5.923
5.966
5.998
6.039
6.081
6.123
6.156
6.2
6.245
6.176
6.107
6.044
5.982
5.928
5.866
5.81
5.76
3.009
2.994
2.966
2.94
2.913
2.898
2.873
2.848
2.823
2.806
2.78
2.764
2.747
2.73
2.713
2.695
2.678
2.661
2.643
2.617
2.609
2.592
2.575
2.567
2.551
2.534
2.518
2.501
2.493
2.485
2.469
2.452
2.443
2.435
2.418
2.41
2.401
2.393
2.376
2.367
2.359
2.35
2.341
2.334
2.325
2.316
2.307
2.3
2.292
2.283
2.283
2.274
2.265
2.256
2.256
2.248
2.239
2.239
2.23
2.221
2.221
2.212
2.212
2.212
2.203
2.203
2.194
2.194
2.185
2.185
2.176
2.176
2.176
2.178
2.84
2.861
2.884
2.963
2.996
3.105
3.419
3.422
3.438
3.412
3.478
3.55
3.886
3.983
3.984
3.763
3.957
3.974
3.966
3.46
3.22
3.222
3.216
3.217
3.219
3.166
3.228
3.746
3.922
3.913
3.445
3.3
3.257
3.262
3.663
3.505
3.381
3.237
3.217
3.23
3.237
3.241
3.258
3.262
3.851
3.726
3.592
3.487
3.371
3.265
3.183
3.183
3.192
3.201
3.208
3.208
3.225
3.234
3.243
3.251
3.268
3.277
3.613
3.581
3.538
3.487
3.439
3.41
3.365
3.324
3.335
7.902
7.937
7.971
8.008
8.044
8.084
8.127
8.161
8.183
8.183
8.183
8.183
8.183
8.183
4.924
4.862
4.841
4.801
4.703
4.683
4.671
4.654
4.635
4.621
4.603
4.595
4.578
4.57
4.556
4.544
4.53
4.715
5.342
5.375
5.418
5.468
5.511
5.562
5.606
5.659
5.705
12.295 6.08102 0.938053
