1 361
1.322
1.322
1.33
1.329
1.329
1.329
1.328
1.328
1.337
1.337
1.337
1.346
1.345
1.345
1.345
1.354
1.354
1.354
1.362
1.363
1.371
1.371
1.371
1.379
1.379
1.388
1.388
1.397
1.405
1.406
1.414
1.414
1.423
1.423
1.431
1.432
1.439
1.448
1.456
1.456
1.465
1.464
1.481
1.481
1.498
1.499
1.507
1.515
1.524
1.524
1.54
1.54
1.557
1.557
1.574
1.573
1.59
1.598
1.606
1.615
1.631
1.639
1.666
1.674
1.69
1.69
1.707
1.716
1.742
1.741
1.759
1.767
1.794
1.794
1.819
1.826
1.845
1.853
1.879
1.887
1.911
1.92
1.946
1.953
1.988
1.995
2.021
2.029
2.065
2.074
2.108
2.118
2.15
2.161
2.205
2.214
2.248
2.265
2.306
2.323
2.363
2.381
2.431
2.445
2.495
2.512
2.568
2.593
2.645
2.671
2.731
2.748
2.814
2.84
2.908
2.944
3.013
3.047
3.131
3.165
3.249
3.29
3.379
3.413
3.519
3.56
3.673
3.72
3.84
3.89
4.021
4.08
5.601
5.584
5.568
5.558
5.55
5.534
5.516
5.499
5.491
5.473
5.465
5.457
5.448
5.432
5.421
5.415
5.405
5.398
5.398
5.381
5.382
5.372
5.282
5.338
5.337
4.334
4.317
4.309
4.308
4.3
4.308
4.292
4.3
4.292
4.299
4.293
4.301
4.291
4.299
4.292
4.299
4.291
4.308
4.3
4.308
4.307
4.316
4.305
4.324
4.324
4.34
4.33
4.347
4.338
4.355
4.354
4.372
4.37
4.38
4.379
4.394
4.396
4.414
4.414
4.43
4.43
4.457
4.455
4.473
4.474
4.499
4.499
4.734
5.595
5.621
5.621
5.657
5.657
5.692
5.701
5.727
5.737
5.762
5.78
5.804
5.814
5.856
5.865
5.899
5.907
5.949
5.958
6
6.008
6.056
6.074
6.122
6.131
6.183
6.192
6.244
6.25
6.31
6.317
6.38
6.396
6.456
6.482
6.534
6.561
6.624
6.642
6.711
6.726
6.804
6.828
6.904
6.92
7.003
7.02
7.106
7.132
7.219
7.242
7.342
7.371
7.464
7.49
7.594
7.627
7.735
7.767
7.874
7.908
8.02
8.054
8.172
8.139
8.058
8.023
7.955
7.921
7.039
6.995
6.927
6.877
6.917
6.983
7.126
7.28
7.466
7.439
6.697
6.606
6.567
6.558
6.709
6.757
7.149
7.131
6.503
6.465
6.416
6.404
6.348
6.339
6.315
6.351
6.179
5.612
5.535
5.527
5.493
5.484
5.459
5.45
5.417
5.409
5.384
5.375
5.352
5.341
5.326
5.316
5.291
5.282
5.263
5.257
5.239
5.239
5.215
5.207
5.198
5.189
5.192
5.176
5.167
5.157
5.15
5.15
5.142
5.143
5.127
5.136
5.125
5.127
5.108
5.113
5.106
5.102
5.094
5.104
5.093
5.091
5.098
5.099
5.095
5.091
5.09
5.092
5.089
5.1
5.132
5.101
5.091
5.101
6.252
6.261
6.26
11.3625 7.72074 4.67995
