1 361
1.117
1.118
1.119
1.118
1.12
1.12
1.113
1.113
1.116
1.111
1.113
1.115
1.118
1.111
1.113
1.113
1.113
1.113
1.118
1.107
1.113
1.109
1.115
1.112
1.119
1.118
1.116
1.124
1.124
1.124
1.124
1.124
1.124
1.123
1.132
1.131
1.132
1.131
1.139
1.15
1.149
1.149
1.158
1.158
1.167
1.167
1.167
1.167
1.174
1.175
1.175
1.185
1.185
1.193
1.194
1.194
1.201
1.211
1.212
1.211
1.221
1.22
1.228
1.228
1.238
1.238
1.246
1.246
1.255
1.265
1.273
1.273
1.272
1.282
1.29
1.298
1.298
1.308
1.316
1.325
1.325
1.334
1.343
1.352
1.36
1.369
1.377
1.386
1.395
1.404
1.412
1.421
1.43
1.437
1.454
1.454
1.471
1.48
1.496
1.506
1.513
1.531
1.538
1.556
1.564
1.58
1.589
1.606
1.622
1.638
1.653
1.671
1.686
1.697
1.712
1.739
1.755
1.772
1.79
1.805
1.822
1.849
1.865
1.889
1.915
1.94
1.965
1.991
2.018
2.042
2.068
2.095
2.121
2.157
2.19
2.218
2.252
2.286
2.322
2.364
2.403
2.437
2.478
2.519
2.569
2.61
2.662
2.706
2.764
2.816
2.873
2.935
2.986
3.057
3.12
3.195
3.271
3.355
4.844
4.828
4.82
4.793
4.783
4.767
4.767
4.748
4.741
4.722
4.721
4.705
4.706
4.69
4.689
4.672
4.672
4.655
4.654
4.637
4.638
4.629
4.629
4.612
4.612
4.604
4.192
4.222
4.269
4.41
3.788
3.55
3.56
3.542
3.552
3.543
3.553
3.535
3.553
3.536
3.544
3.544
3.552
3.543
3.552
3.551
3.56
3.559
3.567
3.558
3.575
3.567
3.582
3.574
3.582
3.581
3.598
3.59
3.608
3.607
3.617
3.616
3.633
3.631
3.65
3.64
3.657
3.658
3.675
3.674
3.699
3.699
3.718
3.715
3.734
3.74
3.758
3.765
3.783
3.79
3.801
3.807
3.834
3.834
3.86
3.867
3.98
5.015
5.051
5.067
5.09
5.099
5.125
5.14
5.174
5.189
5.223
5.246
5.273
5.297
5.333
5.35
5.385
5.408
5.442
5.468
5.508
5.528
5.57
5.595
5.641
5.666
5.712
5.747
5.782
5.815
5.867
5.902
5.953
5.984
6.043
6.083
6.133
6.177
6.237
6.282
6.34
6.39
6.45
6.502
6.567
6.618
6.678
6.738
6.816
6.863
6.944
7.011
7.09
7.158
7.244
7.308
7.394
7.464
7.558
7.639
7.726
7.813
7.862
7.818
7.768
7.727
7.684
7.642
7.59
6.805
6.747
6.694
6.661
6.617
6.75
6.793
6.746
6.573
6.482
6.439
6.615
6.437
6.415
6.401
6.461
6.614
6.46
6.344
6.277
6.262
6.195
6.146
6.017
5.994
5.96
6.446
6.541
6.163
6.086
6.041
5.531
5.498
5.481
5.463
5.456
5.447
5.429
5.422
5.405
5.396
5.389
5.38
5.366
5.367
5.356
5.349
5.34
11.2203 6.89072 4.49659
