1 361
6.077
6.092
6.118
6.142
6.169
6.195
6.221
6.247
6.273
6.297
6.323
5.565
5.428
5.367
5.279
5.185
5.105
4.966
4.884
4.634
4.547
4.483
4.428
4.387
4.354
4.638
4.739
4.757
4.703
4.481
4.102
4.002
3.941
3.89
3.858
3.835
3.839
4.036
3.444
3.394
3.36
3.327
3.295
3.27
3.236
3.212
3.178
3.152
3.126
3.1
3.076
3.049
3.022
2.998
2.983
2.955
2.939
2.922
2.894
2.879
2.853
2.828
2.812
2.796
2.779
2.762
2.745
2.729
2.719
2.702
2.683
2.677
2.655
2.647
2.631
2.614
2.606
2.597
2.58
2.573
2.559
2.547
2.529
2.526
2.512
2.504
2.493
2.489
2.476
2.466
2.453
2.455
2.443
2.436
2.424
2.425
2.417
2.405
2.399
2.391
2.379
2.372
2.375
2.365
2.355
2.355
2.345
2.345
2.334
2.331
2.327
2.328
2.319
2.319
2.316
2.31
2.31
2.303
2.303
2.294
2.289
2.291
2.286
2.288
2.283
2.278
2.272
2.27
2.27
2.269
2.268
2.269
2.269
2.262
2.262
2.262
2.262
2.262
2.262
2.261
2.355
3.409
3.409
3.418
3.418
3.418
3.426
3.426
3.426
3.434
3.432
3.443
3.443
3.452
3.449
3.46
3.466
3.468
3.474
3.483
3.483
3.491
3.5
3.509
3.517
3.526
3.526
3.535
3.544
3.561
3.561
3.579
3.587
3.597
3.604
3.623
3.631
3.64
3.647
3.665
3.674
3.691
3.708
3.716
3.733
3.75
3.758
3.785
3.802
3.811
3.828
3.845
3.863
3.881
3.898
3.916
3.934
3.961
3.978
3.996
4.022
4.047
4.065
4.091
4.109
4.133
4.157
4.182
4.206
4.231
4.256
4.288
4.319
4.353
4.386
4.413
4.439
4.473
4.508
4.533
4.574
4.61
4.645
4.641
4.588
4.544
4.502
4.472
4.427
4.393
4.352
4.316
4.287
4.252
4.22
4.178
4.159
4.134
4.099
4.074
4.048
4.026
3.99
3.973
3.947
3.911
3.896
3.87
3.844
3.828
3.799
3.785
3.768
3.742
3.724
3.708
3.693
1.497
1.515
1.507
1.499
1.491
1.491
1.482
1.474
1.465
1.465
1.457
1.448
1.448
1.439
1.431
1.431
1.431
1.422
1.422
1.413
1.413
1.405
1.405
1.396
1.396
1.387
1.387
1.387
1.379
1.379
1.379
1.37
1.37
1.37
1.372
1.361
1.363
1.363
1.354
1.354
1.354
1.354
1.354
1.345
1.348
1.348
1.352
1.351
1.345
1.347
1.343
1.346
1.348
1.351
1.344
1.344
1.344
1.343
1.35
1.347
1.345
1.342
1.349
1.345
1.352
1.349
1.348
1.347
1.346
1.354
1.354
1.352
1.352
1.363
1.352
1.361
1.37
1.37
1.37
1.37
1.379
1.37
1.379
1.379
1.387
1.387
1.396
1.396
1.396
1.405
1.405
1.405
1.413
1.413
1.422
1.422
1.422
1.431
1.441
1.439
1.448
1.457
1.457
1.465
13.5495 7.38134 0.519253
