1 361
1.318
1.308
1.308
1.299
1.299
1.29
1.289
1.282
1.282
1.273
1.272
1.263
1.263
1.262
1.262
1.253
1.253
1.244
1.244
1.244
1.244
1.235
1.236
1.235
1.235
1.225
1.236
1.225
1.226
1.217
1.226
1.218
1.219
1.217
1.219
1.211
1.221
1.214
1.223
1.216
1.22
8.183
8.183
8.183
6.347
4.235
3.294
3.064
3.026
2.97
2.981
2.934
2.903
2.941
3.024
2.934
3.062
2.964
3.041
3.023
3.041
3.041
3.067
3.076
3.095
3.103
3.119
3.129
3.138
3.146
3.163
3.18
3.188
3.251
3.549
3.434
3.445
3.298
3.214
2.876
2.856
2.763
2.725
2.241
2.211
2.154
2.128
2.067
2.052
1.991
1.984
1.925
1.918
1.868
1.854
1.811
1.804
1.76
1.744
1.709
1.691
1.657
1.65
1.609
1.609
1.577
1.568
1.536
1.527
1.51
1.526
1.528
1.526
1.564
1.611
1.44
1.432
1.399
1.391
1.366
1.358
1.331
1.326
1.338
1.347
1.348
1.365
1.385
1.403
1.412
1.43
1.435
1.454
1.461
1.478
1.488
1.504
1.514
1.525
1.521
1.512
1.492
1.481
1.475
1.475
1.453
1.455
1.448
1.457
1.437
1.451
1.452
1.463
1.48
1.482
1.49
1.487
1.499
1.504
1.653
1.616
1.628
1.621
1.628
1.628
1.693
1.591
1.663
2.161
2.189
2.232
2.266
2.301
2.335
2.384
2.415
2.466
2.507
2.556
2.606
2.658
2.703
2.777
2.826
2.89
2.946
3.027
3.091
3.161
3.243
3.319
3.399
3.491
3.586
3.686
3.797
3.916
4.033
4.177
4.312
4.461
4.622
4.819
4.988
5.191
5.402
6.907
6.968
6.922
6.91
6.908
7.29
7.744
8.183
8.183
8.183
8.183
8.183
8.183
8.183
8.187
8.187
8.183
8.187
8.183
8.183
8.183
8.183
8.183
8.183
8.183
8.183
8.183
8.183
8.187
8.183
8.187
8.183
8.187
8.187
8.187
8.187
8.187
8.187
8.183
8.183
8.183
8.183
8.183
8.183
8.183
8.183
8.183
8.183
8.183
8.069
7.809
7.537
7.3
7.049
7.066
7.077
6.947
6.767
6.108
5.981
5.834
5.68
5.544
5.41
5.292
5.175
5.062
4.957
4.851
4.755
4.656
4.568
4.477
4.401
4.303
4.225
4.254
4.265
4.298
4.278
4.191
4.125
4.067
4.011
3.946
3.895
3.834
3.791
3.551
3.406
3.373
3.353
3.311
3.27
3.228
3.194
3.15
3.116
3.075
3.047
3.011
2.977
2.94
2.917
2.891
2.865
2.83
2.806
2.774
2.755
2.72
2.704
2.678
2.662
2.629
2.609
2.585
2.568
2.552
2.535
2.512
2.496
2.471
2.453
2.43
2.421
2.404
2.388
2.372
2.356
2.339
2.33
2.313
2.301
2.289
2.273
2.265
2.253
2.242
2.235
2.219
2.209
2.192
2.182
2.176
2.167
2.159
2.151
2.133
2.134
2.116
2.116
2.108
2.099
2.065
3.99046 13.2598 5.72317
