1 361
1.243
1.243
1.243
1.242
1.243
1.234
1.234
1.234
1.234
1.234
1.227
1.228
1.229
1.231
1.235
1.23
1.228
1.225
1.22
1.211
1.211
1.202
1.211
1.211
1.229
1.231
1.231
1.232
1.234
1.231
1.228
1.226
1.234
1.232
1.232
1.24
1.236
1.24
1.24
1.24
1.249
1.248
1.248
1.248
1.257
1.257
1.257
1.257
1.266
1.266
1.266
1.275
1.274
1.275
1.28
1.283
1.291
1.291
1.3
1.3
1.309
1.309
1.31
1.31
1.318
1.328
1.327
1.336
1.345
1.344
1.354
1.354
1.36
1.361
1.37
1.379
1.387
1.388
1.396
1.404
1.403
1.412
1.429
1.429
1.437
1.448
1.454
1.461
1.47
1.479
1.486
1.495
1.502
1.512
1.529
1.526
1.543
1.551
1.562
1.567
1.581
1.59
1.607
1.615
1.63
1.639
1.656
1.673
1.681
1.699
1.715
1.724
1.75
1.76
1.775
1.794
1.809
1.819
1.843
1.86
1.885
1.903
1.92
5.682
5.724
5.778
5.805
5.811
5.727
5.714
5.654
5.682
3.451
3.411
3.372
3.347
3.338
3.315
3.303
3.351
3.44
3.483
3.545
3.588
3.664
3.705
3.781
3.835
3.904
3.966
4.052
4.12
4.158
4.152
4.134
4.11
4.101
4.085
4.067
4.058
4.049
4.034
4.024
4.015
3.999
3.991
4.001
4.104
4.368
4.48
4.617
4.638
4.836
4.97
5.155
7.54
7.525
7.508
7.497
7.481
7.471
7.456
7.448
7.691
8.183
8.183
8.183
8.183
8.183
8.183
8.183
8.183
8.191
8.183
8.183
8.183
8.187
8.187
8.191
8.191
7.131
7.132
7.134
7.125
7.116
7.108
7.108
7.091
7.1
7.09
7.091
7.081
7.081
7.072
7.082
7.072
7.081
7.072
7.072
7.072
7.078
7.081
7.09
7.081
7.099
7.098
7.105
7.096
7.113
7.12
7.114
6.94
6.68
6.525
6.293
6.144
5.922
5.788
5.61
5.496
5.342
5.237
5.095
5.001
4.867
4.778
4.664
4.577
4.476
4.409
4.315
4.236
4.142
4.075
3.938
3.906
3.942
3.951
3.992
4.103
4.065
4.153
5.514
5.535
5.561
5.634
5.688
5.713
5.747
5.773
5.808
5.825
5.755
5.785
5.821
5.773
5.732
5.764
5.838
5.87
5.918
5.954
6.011
6.044
6.092
6.127
8.183
8.183
8.183
8.183
8.183
8.183
8.183
2.422
2.399
2.384
2.385
2.367
2.342
2.333
2.308
2.292
2.283
2.266
2.249
2.242
2.224
2.206
2.188
2.181
2.163
2.154
2.144
2.127
2.11
2.112
2.098
2.091
2.075
2.059
2.049
2.041
2.024
2.022
2.008
2.007
1.991
1.989
1.975
1.965
1.957
1.951
1.941
1.941
1.925
1.916
1.909
1.911
1.899
1.891
1.884
1.884
1.874
1.867
1.867
1.859
1.851
1.85
1.842
1.839
1.833
1.834
1.827
1.827
1.818
1.818
1.809
1.81
1.801
1.801
1.793
2.14552 12.3015 2.39235
