1 361
1.307
1.358
1.369
1.361
1.361
1.352
1.352
1.342
1.342
1.334
1.334
1.325
1.325
1.324
1.324
1.315
1.315
1.306
1.305
1.296
1.305
1.297
1.296
1.296
1.296
1.288
1.288
1.28
1.288
1.281
1.289
1.281
1.281
1.282
1.282
1.272
1.273
1.274
1.274
1.267
1.273
1.274
1.28
1.275
1.28
1.275
1.273
1.274
1.279
1.269
1.274
3.099
3.061
5.657
5.665
5.659
4.933
3.649
3.537
3.242
3.187
3.13
3.12
3.121
3.135
3.142
3.16
3.176
3.184
3.201
3.218
3.227
3.252
3.26
3.278
3.29
3.403
3.696
3.565
3.442
3.35
3.238
2.992
2.937
2.886
2.814
2.452
2.325
2.295
2.246
2.217
2.172
2.148
2.098
2.081
2.036
2.019
1.977
1.96
1.916
1.901
1.866
1.849
1.814
1.808
1.773
1.765
1.73
1.713
1.687
1.679
1.655
1.646
1.62
1.634
1.646
1.638
1.696
1.67
1.561
1.545
1.512
1.503
1.48
1.479
1.448
1.453
1.459
1.475
1.476
1.495
1.521
1.544
1.546
1.571
1.567
1.591
1.605
1.618
1.637
1.658
1.658
1.645
1.614
1.611
1.591
1.599
1.583
1.579
1.578
1.575
1.573
1.583
1.568
1.577
1.572
1.586
1.584
1.596
1.592
1.608
1.619
1.645
1.639
1.671
1.676
1.727
1.948
2.311
2.334
2.384
2.41
2.467
2.501
2.549
2.581
2.643
2.684
2.753
2.786
2.855
2.904
2.983
3.022
3.115
3.164
3.254
3.309
3.41
3.47
3.586
3.656
3.777
3.86
3.993
4.088
4.251
4.359
4.536
4.659
4.871
5.01
5.246
5.425
5.64
7.049
7.075
7.041
7.032
7.045
7.637
8.044
8.183
8.183
8.183
8.183
8.183
8.183
8.183
8.183
8.183
8.183
8.183
8.183
8.183
8.183
8.183
8.183
8.183
8.183
8.183
8.183
8.183
8.187
8.187
8.187
8.183
8.187
8.187
8.187
8.187
8.187
8.187
8.183
8.183
8.183
8.183
8.183
8.183
8.183
8.183
8.183
8.183
8.183
7.874
7.634
7.346
7.151
7.168
7.178
6.987
6.41
6.138
6.004
5.815
5.697
5.52
5.421
5.253
5.165
5.022
4.926
4.814
4.735
4.62
4.546
4.432
4.33
4.322
4.331
4.361
4.368
4.285
4.229
4.137
4.096
4.016
3.962
3.895
3.848
3.481
3.45
3.429
3.391
3.335
3.302
3.251
3.227
3.167
3.135
3.09
3.064
3.02
2.994
2.949
2.932
2.889
2.871
2.831
2.806
2.771
2.753
2.712
2.704
2.661
2.651
2.618
2.608
2.574
2.559
2.535
2.518
2.485
2.477
2.453
2.437
2.411
2.404
2.379
2.372
2.347
2.339
2.311
2.305
2.287
2.276
2.254
2.247
2.239
2.232
2.204
2.207
2.179
2.179
2.155
2.154
2.138
2.129
2.122
2.113
2.104
2.096
2.052
2.054
2.037
2.037
2.078
2.088
2.157
2.175
2.156
3.87348 13.3346 5.70715
