1 361
2.115
2.125
2.122
2.141
2.14
2.155
2.151
2.16
2.229
2.306
2.314
2.316
2.331
2.339
2.356
2.364
2.373
2.389
2.398
2.405
2.423
2.429
2.444
2.453
2.468
2.485
2.491
2.509
2.521
2.543
2.557
2.572
2.579
2.606
2.615
2.633
2.624
2.642
2.659
8.183
8.183
8.183
8.183
8.183
8.183
4.336
4.293
4.256
4.24
4.199
4.184
4.153
4.136
4.113
4.099
4.065
4.048
4.023
4.006
3.979
3.974
3.946
3.931
3.914
3.902
3.876
3.876
3.874
3.913
3.865
3.813
3.789
3.78
3.751
3.776
3.858
3.911
3.965
4.024
4.082
4.142
4.2
4.272
4.333
4.408
4.477
4.549
4.625
4.709
4.779
4.876
4.957
5.059
5.155
5.257
5.361
5.493
5.594
5.734
5.837
5.984
6.112
6.288
6.432
6.606
6.781
6.976
7.17
7.386
7.606
7.87
8.183
8.183
8.183
8.183
8.183
8.183
8.183
8.183
8.187
8.183
8.183
8.183
8.187
8.183
8.187
8.183
8.187
8.183
8.187
8.187
8.187
8.187
8.183
8.183
8.187
8.183
8.183
8.183
8.183
8.183
8.183
8.183
8.187
8.187
8.183
8.187
8.187
8.183
8.187
8.183
8.183
8.183
8.183
7.723
7.258
6.699
6.178
6.096
6.094
5.323
5.085
4.792
4.584
4.388
4.206
4.042
3.903
3.756
3.624
3.5
3.388
3.209
3.206
3.223
3.224
3.239
3.242
3.216
3.127
3.05
2.982
2.91
2.847
2.503
2.305
2.275
2.262
2.215
2.179
2.129
2.091
2.056
2.021
1.986
1.952
1.92
1.886
1.852
1.828
1.803
1.767
1.741
1.716
1.691
1.675
1.65
1.626
1.602
1.58
1.561
1.544
1.519
1.502
1.496
1.469
1.454
1.436
1.428
1.412
1.395
1.379
1.368
1.352
1.345
1.328
1.318
1.302
1.293
1.277
1.268
1.26
1.242
1.233
1.224
1.216
1.207
1.197
1.19
1.18
1.171
1.163
1.154
1.147
1.137
1.128
1.12
1.111
1.111
1.095
1.095
1.086
1.077
1.069
1.069
1.06
1.052
1.044
1.044
1.035
1.029
1.02
1.019
1.01
1.01
1.002
1.003
0.993
0.994
0.984
0.984
0.977
0.976
0.969
0.969
0.969
0.96
0.96
0.96
0.951
0.951
0.943
0.936
0.936
0.934
0.934
0.934
0.925
0.926
0.925
0.925
0.917
0.916
0.917
0.917
0.908
0.908
0.907
0.908
0.908
0.907
0.899
0.902
0.893
0.878
0.878
0.87
0.877
0.871
0.874
0.87
0.872
0.881
0.881
1.027
1.02
1.019
1.019
1.018
1.021
1.029
1.024
1.008
1.017
1.008
1.018
1.025
1.023
1.019
1.017
1.016
1.017
1.025
1.025
1.024
1.024
1.025
1.024
1.025
1.025
1.031
1.033
1.032
1.031
1.041
1.033
1.041
1.042
1.05
1.049
1.049
1.051
1.058
1.057
1.066
1.057
1.067
1.076
1.075
1.075
1.084
8.14955 13.6303 0.292718
