1 361
3.325
3.623
3.732
4.151
4.297
6.443
6.431
6.425
6.433
7.541
8.004
8.183
8.183
8.183
8.183
8.183
8.183
8.183
8.183
8.183
8.183
8.183
8.183
8.183
8.183
8.183
8.183
8.183
8.187
8.183
8.183
8.183
8.183
8.183
8.183
8.183
8.183
8.187
8.187
8.187
8.183
8.183
8.183
8.183
8.183
8.183
8.183
8.183
8.183
8.183
8.183
8.183
8.183
7.889
7.75
7.452
7.364
7.069
6.977
6.768
6.776
6.805
6.775
6.536
6.455
5.856
5.838
5.67
5.622
5.459
5.399
5.261
5.209
5.069
5.03
4.893
4.854
4.743
4.705
4.599
4.573
4.463
4.434
4.34
4.314
4.225
4.192
4.069
4.055
4.086
4.104
4.136
4.126
4.041
4.024
3.956
3.931
3.862
3.853
3.783
3.775
3.709
3.69
3.636
3.625
3.374
3.331
3.289
3.296
3.251
3.244
3.193
3.176
3.142
3.126
3.09
3.082
3.041
3.031
2.995
2.987
2.95
2.941
2.91
2.91
2.874
2.865
2.83
2.831
2.798
2.801
2.765
2.765
2.732
2.733
2.706
2.706
2.68
2.673
2.645
2.647
2.622
2.622
2.596
2.594
2.578
2.57
2.554
2.556
2.531
2.531
2.515
2.507
2.49
2.49
2.474
2.474
2.45
2.458
2.441
2.441
2.425
2.424
2.416
2.408
2.399
2.399
2.391
2.391
2.373
2.374
2.357
2.366
2.35
2.35
2.341
2.35
2.333
2.341
2.312
2.311
2.304
2.303
2.419
2.459
2.445
2.445
2.437
2.447
2.438
2.438
2.431
2.431
2.422
2.431
2.424
2.423
2.425
2.426
2.421
2.431
2.427
2.43
2.42
2.426
2.424
2.433
2.422
2.43
2.43
2.437
2.43
2.437
2.444
2.443
2.444
2.452
2.454
2.461
2.461
2.468
2.467
2.477
2.486
2.493
2.498
2.502
2.355
2.341
2.35
2.35
2.371
2.39
2.39
2.398
2.406
2.414
2.414
2.423
2.431
2.439
2.447
2.456
2.462
2.473
2.48
2.488
2.498
2.505
2.51
2.384
2.116
2.031
1.895
1.895
1.886
1.895
1.877
1.886
1.877
1.877
1.869
1.869
1.869
1.869
1.869
1.86
1.86
1.86
1.852
1.86
1.852
1.851
1.852
1.852
1.852
1.852
1.843
1.852
1.843
1.852
1.843
1.843
1.843
1.852
1.843
1.852
1.843
1.852
1.852
1.859
3.266
3.29
3.322
3.346
3.387
3.411
3.425
3.456
3.745
3.767
3.822
3.858
3.91
3.937
3.987
4.021
4.087
4.122
4.193
4.229
4.266
4.246
4.214
4.191
4.255
4.322
4.396
4.449
4.528
4.574
4.659
4.723
4.814
4.872
4.974
5.025
5.147
5.204
5.334
5.403
5.547
5.61
5.77
5.85
7.352
7.507
7.709
7.835
8.067
8.183
8.183
8.183
8.151
8.14
8.098
8.099
8.067
8.183
8.183
8.183
8.183
8.183
8.183
8.183
8.183
8.183
8.183
8.183
8.183
8.183
4.12693 8.88467 0.737175
