1 361
4.598
4.548
4.539
4.499
4.489
4.445
4.436
4.396
4.375
4.346
4.326
4.285
4.286
4.245
4.237
4.204
4.195
4.17
4.162
4.129
4.119
4.093
4.087
3.463
3.549
3.292
3.293
3.278
3.271
2.889
2.879
2.83
2.822
2.806
2.806
2.798
2.789
2.781
2.772
2.763
2.756
2.747
2.747
2.738
2.73
2.73
2.721
2.713
2.714
2.705
2.696
2.696
2.687
2.688
2.678
2.679
2.678
2.67
2.662
2.67
2.662
2.663
2.654
2.654
2.654
2.655
2.646
2.647
2.647
2.649
2.64
2.642
2.642
2.651
2.643
2.651
2.642
2.648
2.647
2.655
2.646
2.655
2.655
2.663
2.664
2.663
2.663
2.671
2.671
2.68
2.68
2.688
2.688
2.698
2.689
2.707
2.706
2.715
2.715
2.724
2.724
2.74
2.732
2.758
2.75
3.822
3.822
3.848
3.847
3.874
3.874
3.892
3.892
3.919
3.919
3.937
3.936
3.963
3.963
3.997
3.998
4.024
4.023
4.05
4.058
4.092
4.093
4.127
4.125
4.158
4.159
4.2
4.2
4.233
4.242
4.282
4.283
4.33
4.331
4.379
4.382
4.423
4.433
4.475
4.486
4.526
4.533
4.586
4.586
4.653
4.653
4.722
4.722
4.784
4.785
4.856
4.862
4.933
4.933
5.008
5.01
5.091
5.091
5.182
5.183
5.275
5.275
5.37
5.37
5.463
5.472
5.574
5.574
5.689
5.689
5.804
5.812
5.938
5.939
6.072
6.08
6.216
6.224
6.369
6.378
6.525
6.534
6.689
6.69
6.637
6.627
6.556
6.555
6.494
6.493
6.434
6.433
5.657
5.668
5.578
5.582
5.522
5.528
5.558
5.561
5.771
5.792
6.109
6.11
6.06
6.068
6.011
5.978
5.321
5.319
5.302
5.307
5.495
5.496
5.835
5.806
5.842
5.843
5.304
5.298
5.268
5.273
5.246
5.241
5.22
5.215
5.72
5.73
5.093
5.095
5.068
5.076
4.675
4.667
4.496
4.505
4.488
4.495
4.479
4.486
4.47
4.479
4.471
4.471
4.462
4.471
4.463
4.471
4.453
4.462
4.462
4.463
4.462
4.471
4.462
4.471
4.471
4.469
4.477
4.477
4.478
4.485
4.493
4.494
4.502
4.509
4.509
4.517
4.524
4.531
4.539
4.547
4.565
4.568
4.576
4.593
4.597
4.611
4.627
4.627
4.654
4.657
4.672
4.68
4.695
4.705
4.728
4.738
4.752
4.759
4.78
4.789
4.806
4.815
4.843
4.85
4.872
4.877
6.176
6.184
6.227
6.236
6.281
6.295
6.339
6.356
6.398
6.415
6.467
6.476
6.528
6.546
6.599
6.616
6.678
6.687
6.749
6.765
6.833
6.841
6.923
6.931
7.015
7.023
7.102
7.119
7.203
7.213
7.298
7.315
7.412
7.43
7.526
7.535
7.561
7.551
7.418
7.4
7.292
7.281
7.172
7.157
7.049
7.045
6.932
4.403
4.353
4.353
4.296
4.295
4.229
4.231
4.181
4.173
4.124
4.125
11.4346 5.66306 5.78236
