1 361
5.124
5.21
5.263
5.357
5.407
5.507
5.565
5.663
5.731
5.843
5.913
6.034
6.159
7.577
7.554
7.642
7.751
7.924
8.041
8.183
8.183
8.183
8.183
8.183
8.183
8.183
8.183
8.183
8.183
8.183
8.183
8.183
8.183
8.183
8.183
8.183
8.183
8.183
8.183
8.183
8.183
8.183
8.183
8.183
8.183
8.183
8.183
8.183
8.187
8.183
8.183
8.183
8.183
8.183
8.183
8.183
8.183
8.183
8.183
8.183
8.183
8.183
8.183
8.183
8.183
8.183
8.183
8.183
8.183
7.419
5.566
3.826
3.272
2.621
2.346
1.88
1.739
1.468
1.45
1.06
1.07
1.068
1.068
1.067
1.068
1.067
1.077
1.077
1.077
1.085
1.085
1.086
1.085
1.086
1.095
1.098
1.089
1.046
1.029
0.969
0.952
0.901
0.893
0.853
0.845
0.812
0.805
0.772
0.77
0.74
0.731
0.701
0.703
0.677
0.674
0.655
0.65
0.627
0.627
0.611
0.615
0.591
0.599
0.574
0.581
0.576
0.575
0.601
0.603
0.651
0.628
2.573
2.594
5.351
6.243
6.21
6.251
6.286
6.321
6.364
6.404
6.447
6.49
6.536
6.565
6.594
6.65
6.696
6.758
6.843
6.734
6.653
6.605
6.529
6.73
4.094
4.096
7.042
7.11
7.202
7.382
7.295
7.265
7.183
7.191
7.918
7.979
8.064
5.882
5.865
8.183
8.183
8.183
8.183
8.183
8.183
8.183
8.183
8.183
8.183
8.183
7.834
7.931
8.183
8.169
7.381
7.191
7.138
7.109
7.215
8.183
8.183
6.58
6.363
6.399
7.087
7.283
6.643
6.611
6.579
6.547
6.469
6.454
6.443
6.579
6.765
6.937
7.009
8.183
8.183
8.183
8.183
8.183
8.183
8.183
8.183
8.183
8.183
8.183
8.183
8.183
8.183
8.183
8.183
8.183
8.183
8.183
8.183
8.183
8.183
8.183
8.183
8.183
8.183
8.183
8.183
8.183
8.183
2.246
2.176
2.132
2.096
2.09
2.095
2.104
2.101
2.111
2.111
2.121
2.128
2.138
2.138
2.147
2.146
2.155
2.155
2.164
2.172
2.184
2.19
2.198
2.198
2.205
2.258
2.504
2.771
2.83
2.523
2.403
2.329
1.926
1.871
1.499
1.294
1.264
1.218
1.18
1.129
1.101
1.067
1.043
1.028
0.993
0.98
0.956
0.942
0.915
0.909
0.893
0.878
0.864
0.844
0.839
0.824
0.809
0.798
0.782
0.775
0.76
0.752
0.745
0.727
0.719
0.711
0.703
0.697
0.681
0.681
0.671
0.662
0.648
0.648
0.638
0.632
0.624
0.617
0.608
0.606
0.6
0.593
0.592
0.582
0.575
0.575
0.566
0.567
0.558
0.558
0.55
0.541
0.541
0.532
0.531
0.532
0.524
0.525
0.517
0.51
0.512
0.505
0.523
0.526
0.532
0.534
0.54
0.536
0.531
0.531
0.534
0.542
0.614
0.608
0.598
0.599
0.555
0.537
0.509
0.518
0.509
0.508
0.477
4.93508 8.25712 3.07002
