1 361
0.692
0.699
0.7
0.699
0.701
0.7
0.699
0.698
0.706
0.707
0.706
0.706
0.714
0.714
0.714
0.714
0.714
0.722
0.714
0.722
0.722
0.722
0.722
0.722
0.729
0.738
0.738
0.746
0.746
0.746
0.753
0.753
0.754
0.762
0.761
0.77
0.771
0.77
0.778
0.778
0.785
0.793
0.793
0.793
0.801
0.801
0.809
0.809
0.809
0.818
0.827
0.827
0.835
0.835
0.843
0.853
0.851
0.862
0.86
0.868
0.877
0.886
0.884
0.895
0.895
0.902
0.911
0.92
0.928
0.928
0.946
0.946
0.955
0.963
0.97
0.979
0.988
1.005
1.013
1.021
1.029
1.038
1.046
1.063
1.071
1.08
1.097
1.106
1.123
1.131
1.149
1.166
1.175
1.184
1.202
1.22
1.237
1.246
1.264
1.282
1.299
1.316
1.342
1.359
1.377
1.402
1.417
1.445
1.46
1.494
1.512
1.537
1.562
1.594
1.625
1.652
1.684
1.719
1.761
1.795
1.829
1.87
1.903
1.954
1.997
2.048
2.1
2.163
2.216
2.276
2.334
2.408
2.482
2.565
2.65
2.735
2.819
2.931
3.048
3.159
3.285
3.431
3.586
3.761
3.806
3.796
3.796
3.788
3.779
3.779
3.77
3.762
3.763
3.753
3.754
3.744
3.745
3.744
3.744
3.737
3.745
3.737
3.737
3.737
3.737
3.737
3.737
3.737
3.745
3.745
3.745
3.745
3.753
3.754
3.754
3.754
3.696
2.971
2.985
2.966
2.845
2.577
2.394
2.273
2.142
2.031
1.918
1.852
1.852
1.512
1.496
1.504
1.514
1.495
1.564
1.525
1.479
1.511
3.925
3.935
3.945
3.953
3.973
3.982
3.992
4.008
4.025
4.035
4.042
4.06
4.077
4.085
4.111
4.12
4.144
4.162
4.177
4.193
4.21
4.226
4.251
4.268
4.292
4.309
4.333
4.349
4.383
3.67
3.489
3.651
4.479
4.495
4.438
4.457
4.484
4.507
4.535
4.523
4.582
4.597
4.631
4.634
4.656
4.697
4.75
4.768
4.813
4.843
4.879
4.964
5.015
5.021
4.968
4.936
4.892
4.844
4.801
4.767
5.199
5.187
5.152
5.184
5.25
5.294
5.366
5.337
2.367
2.372
2.371
2.383
5.576
6.281
6.365
6.246
5.815
6.59
4.236
4.223
6.725
4.225
4.144
4.197
7.248
7.34
7.449
7.158
7.035
7.007
7.006
7.116
6.809
6.676
5.683
5.662
5.643
5.614
5.686
5.63
5.606
5.546
5.565
5.565
5.661
5.585
8.187
6.114
6.094
5.697
4.979
4.894
4.879
4.923
5.092
5.22
4.94
4.935
5.191
5.187
5.218
5.214
5.202
5.222
5.579
5.571
4.972
4.963
4.838
4.829
4.891
6.111
6.257
5.195
8.187
8.183
5.873
8.187
8.171
8.163
8.163
8.163
7.293
7.203
7.132
7.087
7.072
7.078
7.128
7.285
7.679
7.674
7.173
7.148
7.127
7.123
7.153
7.174
7.392
7.717
7.719
7.721
8.183
2.90889 8.65497 2.19325
