1 361
1.129
1.122
1.124
1.127
1.12
1.125
1.118
1.125
1.12
1.122
1.122
1.122
1.122
1.123
1.129
1.124
1.122
1.124
1.121
1.126
1.125
1.125
1.132
1.132
1.132
1.131
1.131
1.131
1.14
1.141
1.14
1.14
1.14
1.149
1.149
1.159
1.149
1.158
1.158
1.167
1.167
1.167
1.166
1.175
1.175
1.185
1.184
1.184
1.185
1.193
1.201
1.201
1.201
1.212
1.211
1.22
1.22
1.228
1.228
1.238
1.246
1.246
1.256
1.265
1.265
1.273
1.273
1.283
1.289
1.299
1.298
1.308
1.316
1.325
1.325
1.333
1.342
1.36
1.36
1.369
1.369
1.377
1.386
1.404
1.412
1.42
1.429
1.446
1.446
1.463
1.471
1.488
1.488
1.513
1.513
1.53
1.539
1.555
1.564
1.587
1.588
1.612
1.621
1.643
1.651
1.677
1.686
1.703
1.713
1.737
1.754
1.771
1.789
1.813
1.832
1.857
1.874
1.906
1.915
1.948
1.965
1.999
2.016
2.05
2.069
2.105
2.13
2.167
2.184
2.227
2.246
2.296
2.32
2.368
2.394
2.445
2.477
2.525
2.567
2.618
2.653
2.713
2.755
2.822
2.874
2.952
2.995
3.1
3.12
4.532
4.532
4.508
4.508
4.484
4.483
4.456
4.456
4.439
4.432
4.414
4.414
4.396
4.396
4.372
4.37
4.355
4.355
4.339
4.347
4.33
4.33
4.314
4.314
4.298
4.307
4.29
4.289
3.874
3.885
3.933
4.043
3.308
3.239
3.232
3.233
3.224
3.233
3.225
3.226
3.225
3.225
3.216
3.225
3.225
3.233
3.223
3.233
3.232
3.24
3.239
3.239
3.248
3.248
3.247
3.255
3.255
3.263
3.264
3.28
3.271
3.288
3.288
3.297
3.295
3.304
3.313
3.321
3.32
3.328
3.336
3.342
3.344
3.361
3.368
3.385
3.385
3.401
3.408
3.419
3.425
3.441
3.448
3.465
3.472
3.49
3.498
3.515
3.523
3.54
3.558
3.566
3.583
3.691
4.763
4.78
4.798
4.824
4.84
4.867
4.885
4.912
4.938
4.962
4.987
5.014
5.047
5.071
5.106
5.129
5.162
5.193
5.226
5.253
5.294
5.321
5.355
5.39
5.431
5.466
5.506
5.55
5.593
5.629
5.674
5.719
5.762
5.806
5.857
5.908
5.958
6.006
6.065
6.115
6.175
6.237
6.297
6.346
6.422
6.474
6.542
6.607
6.694
6.751
6.825
6.897
6.989
7.05
7.144
7.218
7.316
7.401
7.496
7.576
7.693
7.677
7.625
7.591
7.539
7.512
7.468
7.44
6.658
6.615
6.556
6.53
6.479
6.483
6.644
6.621
6.611
6.396
6.334
6.308
6.478
6.312
6.282
6.273
6.371
6.502
6.842
6.333
6.299
6.236
6.199
6.125
6.078
6.041
6.022
6.282
6.618
6.614
6.028
6.011
5.966
5.559
5.414
5.414
5.397
5.389
5.38
5.372
5.364
5.356
5.346
5.338
5.338
5.33
5.323
5.313
5.315
5.305
11.1597 6.54688 4.59539
