1 361
0.935
0.959
0.959
0.974
0.984
0.999
1
1.016
1.025
1.04
1.039
1.111
1.121
2.268
2.245
2.188
2.161
2.105
2.086
2.029
2.047
2.064
2.074
2.102
2.108
2.145
2.146
2.153
2.154
2.135
2.125
2.134
2.151
2.182
2.199
2.23
2.235
2.277
2.288
2.302
2.289
1.974
1.897
1.87
1.87
1.89
1.897
1.897
1.902
1.918
1.918
1.93
1.934
1.958
1.97
1.99
2.005
2.036
2.07
2.112
2.157
2.576
2.585
2.604
2.611
2.637
2.66
2.706
2.735
2.774
2.809
2.869
2.903
2.926
2.991
2.977
2.993
2.999
3.024
3.11
3.142
3.195
3.222
2.811
2.801
2.816
2.826
2.85
2.866
2.902
2.942
1.479
1.49
1.525
1.541
1.566
1.582
1.622
1.639
1.672
1.698
1.732
1.758
1.799
1.825
1.868
1.893
1.942
1.986
2.03
2.073
2.126
2.17
2.222
2.273
2.339
2.388
2.468
2.533
2.623
2.69
2.799
2.888
3.014
3.113
3.258
3.378
3.547
3.684
3.877
4.049
4.297
4.581
4.866
5.141
5.524
5.866
6.345
6.811
7.278
8.183
8.183
8.183
8.183
8.183
8.183
8.183
8.183
8.183
8.183
8.183
8.183
8.183
7.631
7.638
7.638
7.646
7.634
7.651
7.648
7.665
7.659
7.676
7.675
7.689
7.697
7.709
7.715
7.732
7.732
7.748
7.756
7.78
7.786
7.804
7.815
7.841
7.852
7.871
7.962
8.183
8.183
8.183
8.183
8.183
8.183
8.183
8.183
8.183
8.183
8.183
8.183
8.183
8.183
8.183
8.183
8.183
8.183
8.183
8.183
8.183
8.183
8.183
8.183
8.183
8.183
8.183
8.183
8.183
8.183
8.183
8.183
8.183
8.183
8.183
8.183
8.183
8.183
8.183
8.183
8.183
8.183
8.183
0.917
0.91
0.894
0.895
0.875
0.877
0.868
0.868
0.86
0.861
0.842
0.842
0.834
0.834
0.824
0.817
0.806
0.809
0.808
0.799
0.79
0.792
0.783
0.782
0.774
0.774
0.767
0.774
0.758
0.759
0.749
0.759
0.742
0.742
0.743
0.743
0.734
0.733
0.726
0.726
0.727
0.726
0.717
0.717
0.718
0.719
0.709
0.71
0.7
0.702
0.701
0.7
0.694
0.703
0.693
0.694
0.694
0.693
0.685
0.694
0.685
0.686
0.685
0.685
0.677
0.684
0.676
0.686
0.678
0.677
0.668
0.677
0.67
0.679
0.668
0.678
0.671
0.674
0.672
0.677
0.679
0.675
0.667
0.658
0.65
0.658
0.667
0.675
0.675
0.672
0.669
0.674
0.671
0.669
0.668
0.677
0.676
0.677
0.677
0.676
0.676
0.684
0.676
0.684
0.685
0.684
0.683
0.684
0.684
0.685
0.683
0.692
0.692
0.691
0.692
0.693
0.692
0.701
0.702
0.709
0.709
0.709
0.709
0.715
0.715
0.725
0.715
0.727
0.719
0.732
0.724
0.748
0.739
0.822
0.824
0.823
0.822
0.799
10.9732 11.4837 4.85619
