1 361
5.563
5.515
5.468
5.408
5.331
5.286
5.238
5.243
5.036
4.992
4.936
4.908
4.889
4.862
4.832
4.859
5.199
5.167
5.157
5.192
4.935
4.89
4.875
4.816
4.729
4.691
4.655
4.659
4.627
4.701
4.83
5.033
5.155
5.212
4.752
4.126
4.102
4.083
4.066
4.058
4.04
4.022
4.004
3.989
3.981
3.971
3.953
3.935
3.927
3.91
3.903
3.894
3.877
3.87
3.862
3.851
3.843
3.828
3.819
3.81
3.802
3.8
3.793
3.785
3.776
3.768
3.768
3.76
3.757
3.749
3.742
3.735
3.733
3.726
3.727
3.717
3.717
3.719
3.72
3.712
3.711
3.713
3.714
3.711
3.707
3.709
3.702
3.708
3.698
3.708
3.705
3.714
3.714
3.711
3.714
3.713
3.719
3.72
3.723
3.724
3.73
3.73
3.74
3.739
3.738
3.748
3.756
3.754
3.764
3.771
3.779
3.784
3.786
3.825
4.977
4.994
5.003
5.012
5.029
5.036
5.053
5.063
5.079
5.093
5.103
5.119
5.134
5.151
5.168
5.185
5.2
5.216
5.243
5.259
5.276
5.303
5.32
5.346
5.363
5.387
5.405
5.421
5.448
5.472
5.498
5.532
5.558
5.584
5.61
5.637
5.672
5.7
5.725
5.762
5.787
5.822
5.857
5.89
5.932
5.966
5.999
6.039
6.081
6.122
6.156
6.2
6.244
6.177
6.116
6.042
5.984
5.929
5.868
5.809
5.758
3.008
2.993
2.958
2.939
2.915
2.898
2.873
2.847
2.82
2.806
2.79
2.765
2.747
2.731
2.713
2.686
2.678
2.661
2.643
2.626
2.609
2.591
2.584
2.559
2.551
2.534
2.526
2.502
2.493
2.485
2.469
2.452
2.443
2.435
2.418
2.41
2.401
2.393
2.384
2.367
2.359
2.351
2.341
2.334
2.325
2.317
2.308
2.3
2.3
2.283
2.283
2.274
2.265
2.265
2.256
2.248
2.239
2.239
2.23
2.221
2.221
2.212
2.212
2.203
2.203
2.204
2.194
2.194
2.194
2.185
2.176
2.177
2.177
2.177
2.841
2.861
2.894
2.965
3.005
3.096
3.418
3.43
3.437
3.421
3.469
3.544
3.895
3.984
3.984
3.771
3.956
3.975
3.966
3.467
3.22
3.222
3.216
3.217
3.222
3.167
3.223
3.747
3.922
3.912
3.442
3.301
3.248
3.261
3.664
3.506
3.369
3.238
3.225
3.23
3.237
3.24
3.258
3.27
3.849
3.727
3.601
3.487
3.372
3.264
3.184
3.182
3.192
3.2
3.208
3.208
3.225
3.234
3.243
3.251
3.268
3.277
3.624
3.583
3.53
3.489
3.439
3.409
3.369
3.32
3.333
7.902
7.938
7.971
8.006
8.049
8.076
8.126
8.16
8.183
8.183
8.183
8.183
8.183
8.183
4.929
4.862
4.842
4.808
4.704
4.687
4.67
4.653
4.646
4.621
4.609
4.596
4.576
4.562
4.552
4.537
4.529
4.715
5.342
5.376
5.417
5.47
5.511
5.563
5.606
5.659
5.705
12.295 6.08102 0.938053
