1 361
1.168
1.158
1.158
1.15
1.15
1.141
1.132
1.123
1.123
1.123
1.114
1.105
1.106
1.096
1.096
1.088
1.087
1.081
1.072
1.071
1.071
1.061
1.061
1.053
1.053
1.054
1.044
1.044
1.045
1.036
1.037
1.029
1.029
1.029
1.02
1.02
1.02
1.021
1.021
1.013
1.021
1.013
1.013
1.004
1.004
1.004
1.004
0.996
1.004
0.996
0.997
0.997
0.997
0.988
0.989
0.99
0.99
0.985
0.987
0.985
0.99
0.995
0.995
0.968
0.968
0.977
0.986
0.995
0.996
0.986
0.988
0.989
0.984
0.991
0.99
0.989
0.989
0.997
0.997
0.997
0.996
0.996
1.004
1.005
1.005
1.001
1.002
1.004
1.013
1.013
1.013
1.013
1.021
1.021
1.029
1.029
1.029
1.029
1.037
1.037
1.037
1.037
1.045
1.045
1.054
1.054
1.054
1.062
1.07
1.07
1.071
1.08
1.08
1.087
1.087
1.096
1.105
1.113
1.112
1.114
1.122
1.123
1.133
1.113
1.122
1.127
1.126
1.135
1.143
1.143
1.151
1.341
1.348
1.357
1.366
1.375
1.383
1.392
1.401
1.41
1.417
1.436
1.434
1.452
1.46
1.477
1.486
1.494
1.502
1.518
1.525
1.544
1.552
1.568
1.577
1.591
1.601
1.625
1.633
1.658
1.667
1.684
1.7
1.717
1.736
1.761
1.778
1.795
1.812
1.835
1.852
1.88
1.897
1.871
1.88
1.854
1.854
1.839
1.828
1.812
1.818
1.839
1.864
1.925
1.95
1.983
2.011
2.055
2.07
2.113
2.14
2.185
2.215
2.26
2.287
2.344
2.37
2.435
2.466
2.541
2.575
2.642
2.695
2.77
2.816
2.898
2.952
3.042
3.099
3.208
3.276
3.404
3.462
3.623
3.687
4.249
4.54
4.672
4.664
4.646
4.646
4.846
5.003
5.103
5.099
5.057
5.048
5.005
4.997
4.964
4.955
4.915
4.913
4.878
4.869
4.842
4.861
4.913
4.957
5.016
5.048
5.105
5.147
5.206
5.247
8.191
8.183
8.183
8.183
8.183
8.183
8.183
8.183
8.183
8.183
8.183
8.183
8.183
8.183
8.183
8.183
8.187
8.183
8.183
8.183
8.183
8.183
8.183
8.183
8.183
8.183
8.183
8.183
8.074
7.887
7.549
7.401
7.106
6.962
6.709
6.579
6.352
6.232
6.034
5.925
5.748
5.651
5.416
5.415
5.441
5.469
5.383
5.304
5.181
5.102
4.987
4.997
8.183
8.183
8.183
8.183
8.183
3.627
3.53
3.497
3.456
3.437
3.426
3.429
3.414
3.415
3.415
3.43
3.437
3.463
3.446
3.417
3.369
3.334
3.296
3.262
3.215
3.195
3.145
3.12
3.086
3.062
3.023
2.996
2.963
2.944
2.912
2.884
2.858
2.833
2.809
2.791
2.759
2.744
2.716
2.699
2.664
2.655
2.622
2.602
2.575
2.557
2.522
2.505
2.47
2.453
2.427
2.399
2.372
2.356
2.317
2.302
2.278
2.269
2.253
2.237
7.65467 4.49432 1.32806
