1 361
1.288
1.287
1.314
1.323
1.332
1.341
1.358
1.366
1.384
1.393
1.409
1.418
1.443
1.452
1.477
1.485
1.51
1.518
1.542
1.551
1.584
1.584
1.625
1.634
1.666
1.674
1.708
1.717
1.76
1.767
1.811
1.828
1.869
1.878
1.927
1.943
1.994
2.004
2.065
2.072
2.142
2.152
2.22
2.238
2.305
2.321
2.405
2.423
2.51
2.536
2.638
2.653
2.766
2.782
2.91
2.935
3.068
3.111
3.264
3.303
3.47
3.514
3.717
3.759
3.978
4.037
4.308
4.376
4.52
4.511
4.51
4.5
4.494
4.483
4.484
4.476
4.467
4.46
4.46
4.452
4.451
4.451
4.451
4.444
4.443
4.435
4.434
4.435
4.433
4.435
4.435
4.435
4.444
4.436
3.655
3.648
2.145
2.145
2.147
2.148
1.931
1.84
1.437
1.442
1.429
1.411
4.486
4.485
4.493
4.503
4.513
4.512
4.528
4.52
4.546
4.537
4.553
4.561
4.579
4.579
4.595
4.592
4.621
4.628
4.643
4.644
4.678
4.68
4.703
4.704
4.729
4.731
4.756
4.766
4.791
4.801
4.826
4.827
3.991
4.002
4.896
4.906
4.941
4.939
4.971
4.921
4.948
4.955
4.997
4.999
5.032
5.043
5.067
5.064
5.082
5.092
5.13
5.138
5.199
5.207
5.277
5.284
5.39
5.398
2.719
2.71
2.709
5.248
5.156
5.13
5.466
5.475
5.565
5.574
5.651
5.671
5.732
5.717
5.672
5.682
5.78
5.791
5.745
5.728
6.476
6.483
4.54
4.482
4.399
4.42
6.854
6.872
7.003
7.02
7.149
7.175
7.31
7.335
7.487
7.513
7.519
7.266
6.402
6.389
6.327
6.31
6.247
6.233
6.177
6.17
5.744
5.73
5.68
5.659
5.744
5.751
5.92
5.916
5.118
4.986
4.925
4.967
5.777
5.768
5.232
5.226
5.18
5.183
5.137
5.131
5.041
5.045
5.019
5.022
5.189
5.213
5.531
5.551
6.765
6.975
6.761
6.874
8.183
8.183
8.152
8.152
8.117
8.116
8.093
8.083
8.058
8.059
8.033
8.034
8.015
8.016
7.998
7.99
7.66
7.654
7.628
7.622
7.513
7.502
7.855
7.857
7.849
7.848
7.839
7.84
7.839
7.831
7.84
7.84
7.833
7.833
7.495
7.902
7.946
7.947
7.954
7.964
7.974
7.974
6.002
2.268
2.125
2.124
2.064
2.062
2.016
2.024
1.981
1.982
2.487
2.462
2.412
2.417
2.414
2.416
2.434
2.433
2.564
2.565
1.321
1.323
1.107
1.116
1.072
1.07
1.037
1.045
1.018
1.02
0.994
0.994
0.978
0.985
0.962
0.961
0.951
0.95
0.935
0.933
0.917
0.926
0.925
0.932
0.906
0.915
0.88
0.88
0.854
0.854
0.829
0.829
0.811
0.811
0.814
0.813
0.821
0.823
0.831
0.841
0.847
0.849
0.856
0.865
0.872
0.874
0.883
0.882
0.89
0.899
0.907
0.907
0.926
0.926
0.934
0.933
0.95
3.33217 8.21892 2.76115
