1 361
1.049
1.032
1.032
1.024
1.025
1.008
1.012
1.026
1.027
1.016
1.016
1.007
1.007
0.999
0.999
0.99
0.99
0.98
0.981
0.973
0.973
0.965
0.965
0.956
0.956
0.948
0.948
0.947
0.947
0.939
0.939
0.929
0.93
0.93
0.921
0.922
0.921
0.913
0.913
0.904
0.913
0.904
0.912
0.904
0.904
0.904
0.904
0.895
0.895
0.895
0.888
0.887
0.887
0.887
0.887
0.887
0.887
0.879
0.879
0.88
0.879
0.871
0.872
0.872
0.872
0.865
0.868
0.869
0.873
0.868
0.875
0.871
0.876
0.868
0.876
0.918
0.874
3.585
3.587
3.586
3.586
3.586
3.594
3.595
3.604
3.595
3.605
3.604
3.62
3.621
3.629
3.628
3.636
3.636
3.644
3.654
3.669
3.67
3.679
3.678
3.687
3.695
3.712
3.712
3.728
3.728
3.745
3.754
3.763
3.771
3.788
3.789
3.806
3.814
3.832
3.84
3.859
3.866
3.884
3.892
3.92
3.927
3.947
3.954
3.981
3.99
4.015
4.024
4.059
4.067
4.091
4.109
4.134
4.15
4.175
4.184
4.217
4.234
4.266
4.282
4.315
4.331
4.366
4.382
4.426
4.444
4.48
4.487
4.537
4.554
4.588
4.599
4.656
4.683
4.677
4.624
4.802
4.838
4.882
4.904
4.954
4.979
5.044
5.068
5.126
5.16
5.217
5.253
5.313
5.344
5.42
5.454
5.523
5.558
5.637
5.682
5.769
5.813
5.897
5.941
6.038
6.08
6.176
6.236
6.336
6.391
6.506
6.559
6.675
6.748
6.863
6.935
7.064
7.134
2.843
2.825
2.816
2.801
2.795
2.772
2.808
2.841
2.91
2.947
3.023
3.057
3.143
3.179
3.262
3.311
3.408
3.45
3.561
3.614
3.74
3.799
3.931
3.993
4.142
4.218
4.386
4.463
4.652
4.752
4.967
5.007
4.999
4.981
4.974
4.968
4.958
4.95
4.942
4.931
4.926
4.912
4.908
4.9
4.899
4.89
4.89
4.878
4.883
4.873
4.874
4.865
4.864
4.865
4.861
4.859
4.858
4.856
4.861
4.851
4.857
4.856
4.857
4.855
4.863
4.855
4.872
4.863
4.877
4.871
4.877
4.88
4.89
4.896
4.894
4.904
4.915
4.912
4.918
4.926
4.941
4.941
4.703
4.583
4.322
4.22
4.017
3.919
3.759
3.672
3.519
3.44
3.31
3.247
3.125
3.064
2.973
2.918
2.825
2.776
2.694
2.656
2.575
2.54
2.469
2.437
2.387
2.394
2.403
2.411
2.427
2.428
2.443
2.45
2.466
2.47
2.49
2.492
2.515
2.522
2.539
2.547
2.564
2.572
2.589
2.597
2.624
2.632
2.651
2.66
2.684
2.695
2.712
2.718
2.752
2.762
2.785
2.795
2.82
2.836
2.862
2.87
2.905
2.915
2.951
2.958
2.993
3.016
3.049
3.03
2.99
2.981
2.947
2.932
2.904
2.888
2.852
2.844
2.813
2.8
2.771
2.756
2.741
2.724
2.697
2.681
2.664
-3.30797 10.8155 3.64964
