1 361
1.732
1.729
1.72
1.712
1.712
1.712
1.72
1.729
1.734
1.737
1.735
1.737
1.731
1.73
1.737
1.743
1.735
1.744
1.743
1.742
1.748
1.795
1.794
1.803
1.802
1.811
1.809
1.81
1.818
1.818
1.827
1.826
1.836
1.835
1.835
1.843
1.844
1.852
1.861
1.869
1.87
1.878
1.879
1.89
1.889
1.82
1.795
1.8
1.801
1.809
1.817
1.826
1.836
1.845
1.842
1.782
1.756
1.719
1.731
1.739
1.747
1.757
1.779
1.796
1.805
1.814
1.822
1.839
1.849
1.857
1.865
1.881
1.891
1.907
1.916
1.924
1.942
1.949
1.957
1.984
1.991
2.01
2.017
2.037
2.045
2.063
2.072
2.09
2.107
5.844
5.886
5.946
5.987
6.039
6.084
6.163
6.174
6.255
6.326
6.395
6.447
6.527
6.579
6.657
6.726
6.802
6.86
6.948
7.016
7.112
7.174
7.289
7.358
7.453
7.531
7.65
7.735
7.854
7.941
8.073
8.173
8.183
8.183
8.183
8.183
8.183
8.183
4.397
4.379
4.353
4.348
4.435
4.506
4.6
4.668
4.776
4.843
4.968
5.055
5.175
5.273
5.405
5.516
5.661
5.783
5.943
6.077
6.253
6.399
6.571
6.579
6.579
6.571
6.558
6.542
6.532
6.513
6.504
6.488
6.477
6.469
6.46
6.439
6.439
6.427
6.426
6.409
6.409
6.393
6.392
6.384
6.387
6.37
6.374
6.369
6.375
6.359
6.38
6.361
6.372
6.354
6.386
6.345
6.385
6.36
6.376
6.36
6.376
5.752
4.733
4.18
3.625
3.611
3.617
3.619
3.618
3.627
3.627
3.627
3.64
3.643
3.643
3.652
3.652
3.669
3.67
3.669
3.675
3.685
3.685
3.701
3.71
3.717
3.719
3.735
3.735
3.752
3.754
3.771
3.778
3.787
3.796
3.805
3.814
3.831
3.832
3.858
3.855
3.81
3.714
3.652
3.57
3.516
3.437
3.378
3.307
3.264
3.199
3.149
3.087
3.052
2.992
2.955
2.902
2.867
2.809
2.774
2.733
2.699
2.656
2.62
2.579
2.561
2.52
2.494
2.447
2.431
2.399
2.374
2.338
2.316
2.291
2.274
2.24
2.222
2.194
2.178
2.153
2.134
2.116
2.099
2.072
2.054
2.037
2.022
2.002
1.986
1.968
1.951
1.935
1.919
1.909
1.892
1.878
1.859
1.851
1.834
1.826
1.818
1.8
1.793
1.775
1.767
1.76
1.742
1.733
1.724
1.716
1.707
1.689
1.681
1.673
1.665
1.657
1.65
1.64
1.64
1.625
1.617
1.609
1.601
1.6
1.592
1.584
1.576
1.568
1.559
1.551
1.551
1.543
1.542
1.534
1.535
1.518
1.517
1.509
1.51
1.509
1.501
1.502
1.493
1.494
1.481
1.477
1.477
1.477
1.467
1.469
1.461
1.461
1.461
1.452
1.452
1.443
1.444
1.336
1.284
1.284
1.284
1.277
1.278
1.271
1.263
1.274
1.28
1.264
1.264
1.255
1.246
1.27
1.328
-2.30105 12.2576 4.3288
