1 361
1.343
1.343
1.344
1.335
1.335
1.334
1.335
1.325
1.325
1.325
1.325
1.326
1.317
1.317
1.317
1.318
1.319
1.313
1.316
1.167
1.142
1.133
1.142
1.158
1.152
1.16
1.153
1.147
1.15
1.159
1.158
1.159
1.159
1.157
1.158
1.194
1.219
1.326
1.326
1.323
1.322
1.331
1.329
1.338
1.335
1.336
1.344
1.347
1.345
1.356
1.354
1.354
1.353
1.366
1.359
1.373
1.371
1.378
1.375
1.378
1.383
1.385
1.384
1.393
1.401
1.4
1.407
1.407
1.41
1.422
1.425
1.43
1.438
1.447
1.447
1.454
1.454
1.463
1.472
1.475
1.488
1.493
1.496
1.502
1.511
1.52
1.519
1.464
1.455
1.417
1.405
1.416
1.425
1.442
1.45
1.459
1.468
1.498
1.548
1.569
1.574
1.566
1.572
1.586
1.595
1.611
1.619
1.635
1.636
5.966
5.935
5.862
5.889
5.952
5.927
5.855
5.83
5.764
5.737
5.668
5.641
5.58
5.56
5.501
5.475
5.222
5.194
5.168
5.15
5.101
5.085
5.036
5.019
4.968
4.952
4.909
4.891
4.857
4.839
4.805
4.788
4.751
4.733
4.699
4.691
4.656
4.638
4.604
4.595
4.561
4.552
4.52
4.521
4.487
4.477
4.451
4.443
4.418
4.408
4.382
4.382
4.357
4.349
4.323
4.315
4.291
4.309
4.466
4.564
4.754
4.787
4.766
4.765
4.739
4.739
4.721
4.721
4.703
4.681
4.657
4.741
4.926
6.028
6.427
6.429
6.41
6.457
8.183
8.183
8.183
8.183
8.183
8.183
8.183
8.183
8.183
8.183
8.183
8.183
8.183
8.183
6.382
4.623
4.554
4.563
4.567
4.575
4.564
4.568
4.568
4.574
4.586
4.59
4.579
4.586
4.585
4.593
4.591
4.604
4.601
4.608
4.616
4.625
4.626
4.633
4.643
4.656
4.486
4.367
4.132
4.14
4.15
4.16
4.158
4.191
4.308
4.289
4.342
4.305
4.33
4.322
4.354
4.339
4.357
4.338
4.344
4.317
4.328
4.346
4.372
4.382
4.397
4.415
4.433
4.449
4.469
4.486
4.503
4.526
4.545
4.648
1.22
1.206
1.183
1.175
1.149
1.135
1.134
1.134
1.126
1.113
1.111
1.112
1.102
1.101
1.07
1.064
1.065
1.06
1.045
1.032
1.028
1.035
1.036
1.044
1.044
1.05
1.051
1.06
1.063
1.061
1.068
1.078
1.251
1.284
1.291
1.309
1.308
1.327
1.336
1.35
1.359
1.384
1.392
1.409
1.426
1.434
1.452
1.472
1.483
1.506
1.532
1.547
1.57
1.588
1.616
1.647
1.631
1.66
1.676
1.71
1.742
1.763
1.766
1.796
1.796
1.835
1.866
1.878
1.874
1.863
1.847
1.681
1.559
1.53
1.524
1.511
1.517
1.559
1.565
1.597
1.794
1.794
1.786
1.786
1.777
1.778
1.769
1.76
1.751
1.74
1.719
1.719
1.71
1.71
1.703
1.767
1.832
1.829
1.827
1.816
-3.10006 11.0144 1.27941
