1 361
0.999
1.016
1.008
1.025
1.017
1.024
1.023
1.04
1.03
1.048
1.048
1.055
1.047
1.065
1.063
1.08
1.071
1.088
1.088
1.095
1.094
1.111
1.112
1.128
1.119
1.135
1.135
1.153
1.144
1.161
1.161
1.179
1.179
1.197
1.197
1.215
1.215
1.233
1.233
1.25
1.25
1.268
1.268
1.294
1.293
1.311
1.311
1.338
1.338
1.364
1.364
1.391
1.382
1.416
1.416
1.441
1.441
1.476
1.476
1.51
1.51
1.543
1.543
1.567
1.575
1.609
1.617
1.651
1.659
1.692
1.701
1.744
1.751
1.795
1.795
1.846
1.854
1.904
1.913
1.965
1.972
2.033
2.04
2.103
2.111
2.182
2.19
2.259
2.276
2.343
2.367
2.451
2.466
2.557
2.572
2.667
2.693
2.802
2.825
2.957
2.982
3.114
3.157
3.307
3.338
3.486
3.487
3.476
3.468
3.46
3.459
3.442
3.443
3.426
3.427
3.418
3.41
3.41
3.401
3.395
3.394
3.385
3.386
3.385
3.377
3.378
3.378
3.368
3.368
3.369
3.369
3.361
3.361
3.361
3.368
3.361
3.361
3.361
3.361
2.634
2.583
2.583
2.574
1.425
1.25
1.086
1.085
1.086
1.086
1.078
1.07
1.169
1.164
1.049
1.053
3.418
3.427
3.428
3.435
3.443
3.453
3.452
3.46
3.469
3.477
3.486
3.494
3.502
3.511
3.521
3.528
3.537
3.546
3.564
3.572
3.581
3.59
3.608
3.625
3.633
3.642
3.658
3.676
3.693
3.7
3.719
3.726
3.743
3.761
3.787
3.795
3.813
3.83
3.848
3.866
3.883
3.901
3.927
3.936
3.031
3.051
4.014
4.024
4.031
3.981
4.011
4.027
4.062
4.071
4.064
4.087
4.145
4.156
4.18
4.186
4.213
4.232
4.298
4.319
4.368
4.377
4.428
4.444
4.549
4.572
4.569
4.555
4.491
4.469
4.419
4.406
4.345
4.354
4.759
4.75
4.739
4.766
4.837
4.863
4.935
4.911
4.988
5.031
5.08
5.07
5.018
1.943
1.956
1.93
1.946
5.374
6.267
6.329
6.447
3.821
6.628
6.694
3.816
3.743
7.055
7.115
6.631
6.629
6.227
6.004
5.979
5.985
5.904
5.895
5.752
5.71
5.562
5.459
5.75
5.611
5.251
5.24
5.163
5.152
5.245
5.131
5.097
5.162
5.571
5.589
5.41
5.491
4.624
4.567
4.543
4.592
5.381
5.328
4.821
4.844
4.846
4.845
4.827
4.827
4.816
4.82
4.832
4.927
5.283
5.311
7.936
7.936
7.927
7.929
7.921
7.921
7.912
7.92
7.905
7.912
7.905
7.905
7.905
7.879
7.573
7.575
7.555
7.563
7.91
7.49
7.654
7.594
7.593
7.589
7.587
7.749
7.777
7.681
7.69
7.686
7.68
7.673
7.539
8.053
6.786
6.703
8.099
6.136
5.983
8.146
5.575
5.516
5.437
7.083
4.285
4.288
4.641
4.742
5.363
5.377
5.517
5.284
4.9
4.862
5.075
4.496
2.59818 8.99631 2.52793
