1 361
2.323
2.289
2.264
2.228
2.202
2.172
2.145
2.126
2.093
2.073
2.05
2.036
2.013
1.982
1.95
1.92
1.906
1.882
1.859
1.836
1.818
1.83
1.808
1.804
1.777
1.753
1.732
1.709
1.706
1.698
1.696
1.681
1.664
1.649
1.645
1.63
1.62
1.605
1.596
1.588
1.583
1.567
1.561
1.553
1.55
1.557
1.567
1.56
1.474
1.434
1.435
1.418
1.418
1.409
1.401
1.384
1.385
1.376
1.369
1.367
1.358
1.352
1.343
1.334
1.334
1.325
1.325
1.317
1.308
1.307
1.299
1.29
1.29
1.279
1.313
1.329
1.364
1.397
1.429
1.473
1.505
1.539
1.597
1.621
1.688
1.724
1.793
1.836
1.911
1.972
2.052
1.397
1.163
1.166
1.182
1.185
1.209
1.2
1.194
5.315
5.309
5.299
5.298
5.281
5.282
5.269
5.274
5.266
5.244
5.231
5.395
5.376
5.38
5.371
5.387
5.373
5.378
5.362
5.353
5.353
5.376
5.375
5.376
5.374
5.38
5.377
5.383
5.383
5.391
5.391
5.246
5.246
5.28
5.281
5.297
5.293
5.315
5.314
5.323
5.324
5.34
5.339
5.368
5.367
5.384
5.383
5.399
5.399
5.426
5.433
5.451
5.451
5.478
5.484
5.51
5.51
5.537
5.545
5.571
5.579
5.606
5.614
5.649
5.649
5.686
5.694
2.498
2.477
2.415
2.381
2.375
2.354
2.266
2.235
2.229
2.212
2.203
2.186
2.185
2.168
2.159
2.149
2.14
2.131
2.124
2.115
2.106
2.097
2.087
2.08
2.08
2.06
2.063
2.053
2.044
2.044
2.036
2.027
2.026
2.019
2.019
2.065
2.809
2.817
2.851
2.859
2.902
2.902
2.946
2.956
2.999
3.009
3.054
3.071
3.115
3.123
3.176
3.191
3.241
3.251
3.307
3.318
3.372
3.39
3.444
3.463
3.531
3.548
3.617
3.633
3.701
3.725
3.803
3.83
3.9
3.108
4.013
4.038
1.27
1.252
1.201
1.202
1.193
1.183
1.175
1.175
1.166
1.166
1.157
1.157
1.149
1.14
1.132
1.131
1.131
1.123
1.122
1.114
1.114
1.106
1.106
1.097
1.097
1.097
1.088
1.088
1.08
1.08
1.071
1.071
1.071
1.071
1.062
1.062
1.062
1.054
1.054
1.054
1.054
1.045
1.045
1.045
1.045
1.045
1.037
1.038
1.038
1.038
1.038
1.029
1.032
1.032
1.035
1.036
1.029
1.031
1.034
1.029
1.033
1.034
1.037
1.036
1.038
1.029
1.035
1.034
1.037
1.027
1.031
1.029
1.036
1.035
1.032
1.031
1.039
1.038
1.037
1.037
1.045
1.037
1.045
1.045
1.045
1.045
1.054
1.044
1.054
1.053
1.054
1.061
1.061
1.061
1.07
1.071
1.07
1.07
1.079
1.079
1.087
1.087
1.087
1.096
1.105
1.105
1.113
1.113
1.113
1.122
1.122
1.131
1.131
1.14
1.148
1.139
1.157
1.156
1.166
1.166
1.175
1.174
1.183
3.12328 1.76591 0.596824
