1 361
1.083
1.116
1.124
1.168
1.176
1.21
1.227
1.261
1.286
1.33
1.346
1.387
1.412
1.47
1.487
1.552
1.584
1.651
1.684
1.771
1.804
1.896
1.947
2.052
2.105
2.228
2.304
2.444
2.527
2.699
2.809
3.017
3.163
3.439
3.651
4.004
4.272
4.781
4.971
4.968
4.967
4.958
4.958
4.959
4.948
4.957
4.95
4.95
4.95
4.949
4.95
4.951
4.959
4.96
4.96
4.967
4.967
4.967
4.977
4.977
4.984
4.985
4.992
4.21
4.213
4.183
3.979
3.634
3.503
3.293
3.181
2.763
2.737
2.737
2.734
2.628
2.517
2.398
2.355
2.263
2.223
2.146
2.098
2.035
2.043
5.248
5.268
5.285
5.303
5.32
5.338
5.354
5.38
5.389
5.404
5.428
5.454
5.471
5.497
5.523
4.831
4.713
5.591
5.617
5.644
5.615
5.617
5.644
5.67
5.687
5.709
5.741
5.765
5.769
5.783
5.832
5.876
5.915
5.942
5.987
6.07
6.11
6.123
3.423
3.418
5.895
5.834
6.288
6.281
6.235
6.244
6.286
6.332
6.407
6.355
6.415
6.467
6.512
6.452
7.117
7.179
5.234
7.314
5.094
5.23
7.531
7.6
7.683
7.761
7.848
7.923
8.019
8.096
8.183
8.183
7.624
7.094
7.048
7.012
6.948
6.913
6.867
6.563
6.419
6.38
6.302
6.302
6.356
6.616
6.575
5.618
5.587
5.628
6.431
6.311
5.894
5.851
5.81
5.79
5.761
5.703
5.669
5.65
5.717
5.811
6.012
6.162
6.254
8.088
7.386
7.466
7.451
8.183
8.183
8.183
8.183
8.183
8.183
8.183
8.183
8.183
8.183
8.183
8.183
8.183
8.183
8.183
8.183
8.183
8.183
8.177
8.146
8.024
1.448
1.401
1.359
1.33
1.299
1.291
1.166
1.169
1.158
1.159
1.153
1.154
1.154
1.153
1.154
1.16
1.17
1.187
1.181
1.187
1.166
1.166
1.162
1.171
1.162
1.17
1.173
1.171
1.171
1.178
1.176
1.175
1.173
1.181
1.171
1.181
1.178
1.187
1.187
1.196
1.187
1.196
1.195
1.196
1.196
1.205
1.205
1.205
1.211
1.214
1.211
1.222
1.222
1.229
1.222
1.239
1.238
1.237
1.237
1.247
1.256
1.257
1.264
1.263
1.272
1.281
1.281
1.29
1.289
1.299
1.307
1.307
1.296
1.278
1.269
1.252
1.242
1.23
1.215
1.202
1.192
1.171
1.16
1.137
1.129
1.109
1.089
1.073
1.055
1.03
1.02
1.208
1.301
1.307
1.294
1.277
1.268
1.25
1.241
1.223
1.214
1.206
1.197
1.179
1.17
1.161
1.126
0.755
0.74
0.725
0.724
0.716
0.708
0.71
0.701
0.692
0.692
0.692
0.683
0.676
0.676
0.668
0.668
0.659
0.661
0.659
0.652
0.653
0.644
0.645
0.636
0.636
0.637
0.634
0.635
0.629
0.629
0.628
0.619
0.619
0.619
0.621
0.611
0.615
0.612
0.604
0.605
0.605
4.07975 8.23463 3.25828
