1 361
1.402
1.391
1.391
1.382
1.381
1.381
1.384
1.492
1.524
1.528
1.525
1.524
1.524
1.515
1.516
1.515
1.514
1.514
1.514
1.505
1.514
1.508
1.508
1.511
1.504
1.507
1.512
1.508
1.509
1.511
1.501
1.508
1.507
1.512
1.508
1.508
1.515
1.515
1.515
1.515
1.514
1.519
1.522
1.521
1.52
1.529
1.53
1.52
1.53
1.53
1.53
1.538
1.535
1.537
1.545
1.546
1.554
1.553
1.562
1.562
1.562
1.569
1.579
1.579
1.587
1.587
1.596
1.605
1.604
1.612
1.62
1.62
1.629
1.64
1.636
1.583
1.574
1.526
1.516
1.5
1.501
1.508
1.517
1.525
1.547
1.557
1.566
1.574
1.581
1.59
1.599
1.606
1.615
1.622
1.631
1.639
1.648
1.664
1.673
1.69
1.698
1.706
1.716
1.724
1.739
1.749
1.759
1.783
1.782
1.792
1.81
1.825
1.834
1.86
1.869
1.887
1.902
1.909
1.926
1.943
1.959
1.988
2.001
2.018
2.037
2.055
2.07
2.098
2.115
2.141
2.159
2.186
2.202
2.229
2.255
2.28
2.304
2.338
2.362
2.397
2.421
2.454
2.485
2.518
2.559
2.593
2.627
2.671
2.705
2.746
2.784
2.837
2.881
4.402
4.371
4.338
4.331
4.312
4.382
4.495
4.566
4.672
4.746
4.862
4.944
5.053
5.171
5.187
5.176
5.162
5.146
5.128
5.119
5.095
5.088
5.071
5.063
5.047
5.067
5.257
5.415
5.623
5.825
6.086
6.226
8.183
8.183
8.183
8.183
8.183
8.183
8.183
8.183
8.183
8.183
8.183
8.183
8.183
8.187
8.183
8.183
8.187
8.183
8.183
8.187
8.187
8.183
8.183
8.183
8.17
8.173
8.155
8.154
8.141
8.14
8.119
8.131
8.113
8.118
8.115
8.112
8.106
8.105
8.104
8.104
8.107
8.115
8.106
8.114
8.114
8.119
8.122
8.167
7.831
7.582
7.276
7.003
6.702
6.491
6.265
6.093
5.896
5.74
5.563
5.436
5.275
5.143
4.994
4.828
4.835
4.856
4.885
4.986
4.956
6.25
6.309
6.331
6.359
6.394
6.41
6.436
6.507
6.543
6.571
6.606
6.63
6.662
6.57
6.605
3.169
3.133
3.113
3.077
3.024
2.988
2.951
2.916
2.874
2.848
2.806
2.773
2.738
2.708
2.679
2.653
2.618
2.583
2.559
2.535
2.51
2.477
2.455
2.431
2.405
2.38
2.364
2.337
2.321
2.298
2.279
2.266
2.238
2.221
2.203
2.186
2.168
2.152
2.135
2.128
2.108
2.091
2.082
2.066
2.046
2.037
2.022
2.012
1.998
1.988
1.971
1.962
1.946
1.938
1.919
1.911
1.903
1.886
1.881
1.871
1.862
1.854
1.846
1.838
1.828
1.82
1.812
1.803
1.795
1.787
1.779
1.769
1.77
1.761
1.752
1.753
1.735
1.735
1.727
1.718
1.709
1.704
1.701
1.702
1.693
1.693
1.685
1.686
1.677
1.676
1.668
1.66
3.01902 11.5192 2.34606
