1 361
1.66
1.677
1.677
1.685
1.685
1.693
1.693
1.701
1.701
1.717
1.709
1.726
1.726
1.734
1.735
1.751
1.743
1.76
1.759
1.777
1.777
1.786
1.794
1.81
1.801
1.821
1.821
1.836
1.836
1.853
1.86
1.869
1.877
1.895
1.895
1.911
1.919
1.938
1.937
1.961
1.96
1.986
1.994
2.011
2.011
2.036
2.039
2.063
2.071
2.096
2.099
2.124
2.133
2.15
2.16
2.186
2.196
2.22
2.231
2.234
2.239
2.269
2.276
2.528
2.543
2.575
2.593
2.635
2.645
2.687
2.696
2.745
2.762
2.851
3.08
3.774
3.776
3.741
3.733
3.7
3.69
3.658
3.648
3.624
3.616
3.59
3.591
3.566
3.558
3.584
3.648
3.545
3.527
3.495
3.495
3.47
3.471
3.593
3.626
3.733
3.736
3.688
3.689
3.687
3.688
3.699
3.712
3.728
3.751
3.83
4.175
4.822
4.881
5.065
5.143
5.34
5.422
5.652
5.752
6.007
6.103
6.399
6.529
6.848
7.003
7.389
7.591
8.183
8.183
8.183
8.183
8.183
8.183
8.183
8.183
8.183
8.183
8.183
8.183
8.183
8.183
8.183
8.183
8.183
8.183
8.183
8.183
8.183
8.183
8.183
8.183
8.183
8.183
8.183
8.183
8.183
8.183
8.183
8.183
8.183
8.183
8.183
8.183
8.183
8.183
8.183
8.183
8.183
8.183
8.183
8.133
7.565
7.361
6.91
6.728
6.305
6.218
6.224
6.236
6.053
5.399
1.458
1.457
1.497
1.517
1.548
1.571
1.611
1.642
1.683
1.709
1.76
1.794
1.854
1.887
1.955
2.004
2.024
2.032
2.03
2.04
2.03
2.038
2.039
2.039
2.039
2.048
2.048
2.055
2.046
2.054
2.055
2.065
2.063
2.071
2.068
2.078
2.078
2.087
2.088
2.096
2.097
2.107
2.106
2.115
2.125
2.134
2.134
2.144
2.146
2.155
2.114
2.102
2.078
2.068
2.035
2.025
2
1.991
1.965
1.957
1.931
1.914
1.891
1.889
1.864
1.855
1.831
1.831
1.805
1.805
1.779
1.781
1.755
1.755
1.737
1.73
1.71
1.713
1.694
1.688
1.671
1.67
1.648
1.646
1.629
1.629
1.614
1.613
1.597
1.596
1.581
1.579
1.563
1.563
1.555
1.549
1.539
1.539
1.523
1.523
1.514
1.514
1.505
1.505
1.497
1.488
1.48
1.48
1.463
1.466
1.464
1.464
1.455
1.455
1.438
1.438
1.429
1.438
1.429
1.429
1.421
1.421
1.421
1.412
1.41
1.413
1.404
1.404
1.404
1.404
1.395
1.396
1.396
1.396
1.388
1.388
1.388
1.369
1.366
1.365
1.367
1.362
1.364
1.372
1.52
1.519
1.514
1.517
1.521
1.52
1.495
1.513
1.517
1.517
1.518
1.514
1.515
1.522
1.513
1.52
1.519
1.518
1.519
1.527
1.52
1.529
1.528
1.528
1.529
1.538
1.538
1.538
1.546
1.546
1.545
1.554
1.547
1.555
1.563
1.563
1.46885 13.8311 0.166321
