1 361
1.404
1.396
1.404
1.387
1.388
1.386
1.386
1.377
1.377
1.368
1.377
1.368
1.368
1.343
1.335
1.334
1.334
1.333
1.333
1.33
1.477
1.484
1.48
1.479
1.472
1.472
1.472
1.472
1.472
1.473
1.474
1.466
1.469
1.467
1.47
1.47
1.476
1.469
1.47
1.468
1.476
1.474
1.474
1.473
1.472
1.471
1.473
1.472
1.48
1.479
1.488
1.479
1.488
1.487
1.497
1.487
1.496
1.497
1.497
1.497
1.513
1.505
1.513
1.513
1.527
3.434
3.46
3.467
3.494
3.502
3.533
3.539
3.567
3.577
4.26
4.161
4.044
3.972
3.84
3.552
3.288
3.237
3.19
3.128
3.073
2.802
2.659
2.616
2.587
2.545
2.512
2.479
2.447
2.406
2.382
2.348
2.324
2.29
2.273
2.239
2.222
2.188
2.17
2.144
2.126
2.099
2.081
2.054
2.046
2.02
2.003
1.979
1.995
1.999
1.997
2.072
1.954
1.906
1.89
1.864
1.856
1.83
1.826
1.815
1.841
1.84
1.888
1.9
1.933
1.931
1.966
1.975
2.011
2.019
2.045
2.006
2.001
1.977
1.98
1.972
1.97
1.953
1.966
1.948
1.967
1.963
1.968
1.969
1.978
1.973
2.016
2.02
2.042
2.045
2.103
2.168
2.691
2.716
2.783
2.8
2.876
2.9
2.972
2.997
3.077
3.112
3.188
3.233
3.321
3.353
3.459
3.495
3.597
3.646
3.765
3.81
3.945
4.001
4.146
4.216
4.369
4.433
4.618
4.694
4.898
4.992
5.223
5.327
5.58
5.7
5.965
7.386
7.476
7.425
7.396
7.384
7.781
8.034
8.183
8.183
8.183
8.183
8.183
8.183
8.183
8.183
8.183
8.183
8.183
8.183
8.183
8.183
8.183
8.183
8.183
8.183
8.183
8.183
8.183
8.183
8.183
8.183
8.183
8.183
8.183
8.183
8.183
8.183
8.183
8.183
8.183
8.183
8.183
8.183
8.183
8.183
8.183
8.183
8.183
8.183
7.791
7.593
7.431
7.444
7.333
6.631
6.301
6.18
5.913
5.809
5.583
5.485
5.285
5.187
5.001
4.932
4.771
4.699
4.531
4.539
4.563
4.575
4.543
4.473
4.355
4.303
4.187
4.142
3.694
3.645
3.598
3.57
3.481
3.454
3.372
3.338
3.265
3.241
3.174
3.149
3.079
3.061
2.999
2.98
2.928
2.901
2.85
2.825
2.775
2.758
2.707
2.699
2.656
2.64
2.595
2.587
2.546
2.529
2.489
2.472
2.44
2.423
2.389
2.382
2.348
2.342
2.306
2.307
2.274
2.265
2.23
2.231
2.198
2.199
2.171
2.163
2.136
2.136
2.111
2.098
2.066
2.056
2.035
2.031
2.084
2.094
2.137
2.147
2.145
2.141
2.122
2.112
2.095
2.087
2.077
2.068
2.051
2.051
2.033
2.025
2.006
2.008
1.99
1.991
1.974
1.973
1.957
1.957
1.94
1.939
1.923
1.923
1.915
1.906
1.898
1.899
1.89
1.892
1.874
1.874
1.866
3.51042 13.5596 5.7748
