1 361
0.629
0.638
0.646
0.646
0.653
0.652
0.653
0.67
0.669
0.67
0.677
0.677
0.685
0.693
0.692
0.701
0.7
0.709
0.708
0.724
0.723
0.732
0.732
0.739
0.749
0.757
0.764
0.771
0.778
0.778
0.796
0.804
0.803
0.821
0.822
0.83
0.838
0.856
0.854
0.873
0.882
0.889
0.896
0.906
0.913
0.929
0.938
0.956
0.964
0.98
0.987
1.006
1.012
1.026
1.041
1.06
1.074
1.1
1.106
1.126
1.143
1.163
1.224
1.284
1.281
1.287
1.298
1.323
1.331
1.355
1.362
1.388
1.4
4.912
4.885
4.853
4.834
4.799
4.782
4.757
4.728
4.711
4.686
4.661
4.643
4.616
4.6
4.584
4.559
4.541
4.525
4.507
4.491
4.474
4.455
4.439
4.429
4.412
4.395
4.377
4.367
4.351
4.345
4.328
4.319
4.302
4.294
4.279
4.269
4.253
4.253
4.236
4.237
4.222
4.212
4.204
4.203
4.174
4.175
4.257
4.317
4.307
4.315
4.299
4.298
4.282
4.284
4.283
4.278
4.278
4.275
4.269
4.27
4.262
4.263
4.257
4.259
4.254
4.258
4.25
4.258
4.261
4.267
4.264
4.122
4.104
4.129
4.115
4.133
4.132
4.139
4.139
4.146
4.156
4.156
4.155
4.163
4.163
4.172
4.18
4.186
4.187
4.199
4.203
4.221
4.22
4.228
4.237
4.253
4.252
4.269
4.28
4.295
4.296
4.31
4.319
4.336
4.344
4.362
4.369
4.386
4.395
4.421
4.43
4.449
4.455
4.483
4.49
4.516
4.525
4.55
4.557
4.586
4.601
4.635
4.643
4.653
4.655
4.86
4.883
1.343
1.317
1.302
1.284
1.267
1.249
1.224
1.215
1.232
1.228
1.205
1.197
1.219
1.2
1.113
1.103
1.102
1.103
1.102
1.094
1.092
1.086
1.085
1.076
1.077
1.077
1.067
1.068
1.068
1.061
1.059
1.06
1.06
1.052
1.051
1.052
1.042
1.042
1.043
1.042
1.043
1.042
1.043
1.036
1.038
1.04
1.036
1.04
1.035
1.029
1.038
1.036
1.036
1.031
1.033
1.033
1.042
1.037
1.038
1.031
1.03
1.034
1.033
1.04
1.037
1.034
1.043
1.034
1.043
1.034
1.051
1.042
1.05
1.049
1.05
1.05
1.223
2.644
2.716
2.76
2.843
2.903
2.991
3.044
3.157
3.216
3.332
3.404
3.532
3.626
3.773
3.877
4.033
4.146
4.339
2.154
4.698
2.182
4.917
4.917
4.898
4.897
2.649
2.29
2.254
2.224
2.221
2.223
2.222
2.242
2.26
2.251
2.646
2.663
2.775
2.903
2.904
2.904
2.912
2.919
2.628
2.605
2.577
2.564
2.561
2.562
2.562
2.566
2.571
2.579
2.54
2.276
2.184
2.159
2.093
2.087
2.039
1.991
1.925
1.909
1.88
1.862
1.867
1.882
1.891
1.65
1.517
1.522
1.513
1.513
1.515
1.518
1.518
1.513
1.517
1.513
1.51
1.52
1.529
1.532
1.537
4.23399 2.37204 0.45485
