1 361
4.003
4.019
4.03
2.213
2.18
2.135
2.135
2.145
2.152
2.186
2.186
2.203
2.202
2.212
2.219
2.229
2.239
2.246
2.254
2.262
2.271
2.289
2.288
2.304
2.304
2.318
2.326
2.344
2.351
2.369
2.377
2.391
2.399
2.416
2.423
2.448
2.455
2.471
2.479
2.503
2.519
2.538
2.552
2.566
2.585
2.605
2.622
2.586
2.57
2.528
2.52
2.479
2.47
2.431
2.423
2.389
2.382
2.349
2.339
2.306
2.3
2.274
2.256
2.247
2.243
2.278
2.295
2.329
2.337
2.371
2.388
2.421
2.446
2.48
2.498
2.533
2.556
2.594
2.622
2.659
2.683
2.727
2.75
2.805
2.83
2.885
2.918
2.971
3.006
3.06
3.103
3.163
3.197
3.315
4.805
4.89
4.958
5.051
5.129
5.239
5.237
5.196
5.188
5.282
5.382
5.516
5.584
5.554
5.545
5.528
5.511
5.493
5.478
5.451
5.451
5.426
5.438
5.63
5.78
6.005
6.167
6.418
6.612
6.908
7.174
8.183
8.183
8.183
8.183
8.183
8.183
8.183
8.183
8.183
8.183
8.187
8.187
8.183
8.187
8.183
8.183
5.013
5.005
4.988
4.988
4.98
4.98
4.964
4.964
4.956
4.955
4.946
4.937
4.938
4.939
4.922
4.93
4.922
4.922
4.912
4.922
4.913
4.912
4.912
4.913
4.913
4.913
4.912
4.921
4.912
4.922
4.922
4.931
4.931
4.938
4.939
4.937
4.938
4.956
4.955
4.963
4.971
4.984
4.971
4.858
4.712
4.61
4.475
4.388
4.261
4.172
4.072
3.99
3.891
3.824
3.744
3.674
3.59
3.533
3.453
3.404
3.331
3.29
3.223
3.173
3.113
3.078
3.015
2.983
2.928
2.893
2.842
2.816
2.764
2.732
2.689
2.665
2.62
2.594
2.553
2.537
2.496
2.471
2.438
2.423
2.382
2.374
2.339
2.313
2.289
2.273
2.245
2.229
2.193
2.185
2.15
2.139
2.113
2.096
2.078
2.043
2.009
1.991
1.977
1.989
2.007
2.024
2.051
2.094
2.158
2.17
2.259
4.031
3.994
3.976
3.99
4.078
4.129
4.18
4.236
4.294
4.345
4.405
4.457
4.502
8.183
8.183
8.183
8.183
8.183
8.183
8.183
8.183
8.183
8.183
8.183
8.183
8.183
6.908
6.884
6.859
6.916
7.05
7.197
7.338
7.498
7.659
7.858
8.011
8.183
8.183
8.183
8.183
8.183
8.183
8.183
8.183
8.183
8.183
8.183
8.183
8.183
8.183
8.183
8.183
8.183
8.183
8.183
8.183
8.183
8.183
8.183
8.183
8.183
8.183
8.183
8.183
5.991
5.992
5.982
5.975
5.972
5.971
5.965
5.957
5.954
5.953
5.955
5.96
5.956
5.954
5.951
5.951
5.95
5.956
5.956
5.955
5.962
5.961
5.961
5.935
5.518
5.122
4.576
4.242
3.982
2.514
2.435
2.446
2.439
2.468
2.398
2.377
2.283
2.219
1.827
1.781
1.735
1.697
1.697
1.711
0.035501 13.477 2.94823
