1 361
0.827
0.827
0.838
0.837
0.845
0.846
0.852
0.852
0.86
0.861
0.869
0.869
0.879
0.878
0.889
0.894
0.893
0.919
0.981
0.966
0.974
0.979
0.978
0.987
0.987
0.98
0.976
0.986
0.985
0.993
0.993
1.001
1.002
1.01
1.019
1.027
1.027
1.034
1.042
1.042
1.044
6.148
6.072
5.99
5.925
5.86
5.795
5.734
5.66
5.601
5.54
5.486
5.433
5.373
5.329
5.277
5.2
5.179
5.23
5.276
5.236
5.187
5.137
5.095
5.045
5.007
4.963
4.922
4.887
4.857
4.821
4.789
4.69
4.525
4.52
4.492
4.467
4.433
4.407
4.381
4.347
4.323
4.29
4.274
4.24
4.216
4.2
4.168
4.159
4.135
4.109
4.094
4.067
4.05
4.032
4.016
3.99
3.973
3.953
3.946
3.928
3.91
3.893
3.874
3.866
3.849
3.833
3.822
3.814
3.796
3.786
3.778
3.761
3.753
3.736
3.728
3.72
3.711
3.703
3.686
3.685
3.678
3.649
3.64
3.629
3.771
3.778
3.768
3.758
3.76
3.751
3.751
3.743
3.733
3.733
3.727
3.726
3.718
3.717
3.709
3.71
3.701
3.702
3.701
3.694
3.694
3.696
3.684
3.687
3.667
3.675
3.685
3.69
3.688
3.533
3.532
3.556
3.563
3.567
3.565
3.562
3.561
3.571
3.571
3.578
3.58
3.587
3.587
3.604
3.596
3.603
3.604
3.612
3.62
3.624
3.629
3.638
3.645
3.654
3.655
3.671
3.68
3.687
3.697
3.706
3.714
3.73
3.729
3.746
3.753
3.771
3.78
3.79
3.797
3.815
3.823
3.842
3.851
3.87
3.886
3.895
3.914
3.929
3.947
3.966
3.974
4
4.009
4.034
4.052
4.068
4.093
4.11
4.109
4.133
4.325
4.365
4.382
4.418
4.433
4.46
4.485
4.518
4.535
4.567
4.592
4.636
4.66
4.694
4.721
4.762
4.799
4.749
4.716
4.698
4.746
4.805
4.842
4.877
4.905
0.842
0.825
0.825
0.817
0.808
0.809
0.8
0.792
0.791
0.783
0.775
0.777
0.768
0.768
0.75
0.75
0.746
0.754
0.756
0.761
0.745
0.744
0.735
0.741
0.741
0.741
0.748
0.747
0.748
0.754
0.706
0.706
0.709
0.706
0.672
0.661
0.665
0.662
0.665
0.67
0.675
0.666
0.669
0.666
0.664
0.675
0.675
0.664
0.673
0.673
0.674
0.673
0.672
0.674
0.682
0.681
0.68
0.688
0.688
0.688
0.688
0.688
0.696
0.688
0.697
0.696
0.705
0.697
0.703
0.703
0.713
0.712
0.719
0.721
0.721
0.72
0.729
0.73
0.728
0.736
0.737
0.744
0.744
0.743
0.752
0.753
0.761
0.76
0.768
0.767
0.777
0.776
0.783
0.783
0.792
0.791
0.799
0.801
0.808
0.818
0.818
0.818
0.827
0.835
0.843
0.843
0.852
0.86
0.871
0.869
0.886
0.887
0.895
0.903
0.896
2.928
2.787
2.602
2.581
2.586
2.557
4.79097 2.60649 0.362723
