1 361
1.644
1.653
1.652
1.653
1.636
1.623
1.695
1.695
1.695
1.695
1.703
1.72
1.725
1.719
1.723
1.721
1.722
1.724
1.721
1.728
1.717
1.726
1.726
1.732
1.733
1.733
1.733
1.741
1.742
1.751
1.75
1.75
1.75
1.803
1.811
1.811
1.811
1.819
1.819
1.829
1.827
1.845
1.844
1.852
1.851
1.852
1.861
1.878
1.877
1.886
1.894
1.896
1.903
1.913
1.915
1.934
1.925
1.85
1.83
1.836
1.844
1.853
1.854
1.87
1.88
1.888
1.873
1.825
1.814
1.771
1.784
1.791
1.8
1.818
1.847
1.857
1.865
1.883
1.899
1.908
1.916
1.931
1.943
1.959
1.966
1.994
2.002
2.02
2.027
2.053
2.053
2.08
2.089
2.105
2.124
2.143
2.16
2.175
2.192
6.147
6.157
6.227
6.212
6.396
6.45
6.519
6.581
6.661
6.71
6.796
6.862
6.951
7.014
7.11
7.18
7.271
7.36
7.456
7.544
7.653
7.735
7.847
7.941
8.06
8.175
8.183
8.183
8.183
8.183
8.183
8.183
8.183
4.527
4.502
4.485
4.463
4.483
4.588
4.656
4.764
4.835
4.943
5.036
5.16
5.26
5.391
5.51
5.654
5.776
5.937
6.086
6.263
6.406
6.605
6.767
6.966
6.949
6.935
6.917
6.905
6.895
6.865
6.863
6.838
6.837
6.821
6.823
6.808
6.802
6.781
6.785
6.767
6.756
6.751
6.747
6.734
6.734
6.721
6.724
6.716
6.716
6.714
6.705
6.705
6.705
6.698
6.705
6.704
6.703
6.701
6.708
6.697
5.82
4.875
4.304
3.771
3.756
3.756
3.765
3.765
3.764
3.773
3.778
3.782
3.782
3.789
3.798
3.799
3.807
3.807
3.815
3.824
3.832
3.833
3.852
3.859
3.858
3.868
3.876
3.887
3.895
3.903
3.912
3.913
3.94
3.948
3.957
3.957
3.984
3.993
3.996
3.91
3.842
3.745
3.672
3.595
3.535
3.464
3.402
3.338
3.283
3.224
3.172
3.116
3.07
3.017
2.973
2.921
2.886
2.833
2.802
2.751
2.717
2.682
2.649
2.605
2.57
2.538
2.514
2.473
2.457
2.416
2.39
2.366
2.34
2.316
2.291
2.267
2.239
2.222
2.195
2.169
2.152
2.136
2.116
2.097
2.081
2.055
2.045
2.02
2.013
1.987
1.978
1.962
1.935
1.926
1.911
1.903
1.886
1.869
1.853
1.843
1.835
1.818
1.811
1.793
1.785
1.777
1.768
1.751
1.742
1.733
1.716
1.716
1.707
1.691
1.683
1.675
1.667
1.658
1.65
1.642
1.634
1.626
1.618
1.61
1.609
1.602
1.593
1.585
1.577
1.577
1.569
1.561
1.552
1.552
1.545
1.544
1.535
1.528
1.528
1.519
1.52
1.512
1.512
1.511
1.503
1.406
1.326
1.326
1.317
1.318
1.319
1.311
1.31
1.311
1.309
1.31
1.301
1.302
1.303
1.306
1.447
1.457
1.44
1.442
1.44
1.435
1.437
1.434
1.428
-2.24022 12.4012 4.2932
