1 361
1.049
1.049
1.048
1.041
1.041
1.042
1.041
1.033
1.032
1.032
1.032
1.032
1.032
1.033
1.03
1.028
1.029
1.032
1.027
1.029
1.025
1.028
1.021
1.021
1.012
1.005
1.004
1.012
1.021
1.036
1.029
1.035
1.029
1.029
1.028
1.034
1.033
1.032
1.03
1.03
1.039
1.04
1.039
1.047
1.038
1.047
1.045
1.047
1.046
1.056
1.047
1.056
1.055
1.062
1.062
1.073
1.063
1.071
1.075
1.081
1.081
1.089
1.088
1.098
1.088
1.097
1.106
1.106
1.106
1.113
1.113
1.123
1.131
1.131
1.13
1.148
1.148
1.149
1.15
1.164
1.164
1.174
1.172
1.183
1.181
1.19
1.199
1.207
1.207
1.226
1.225
1.235
1.234
1.252
1.253
1.26
1.26
1.276
1.284
1.295
1.299
1.307
1.31
1.381
1.562
4.415
4.431
4.484
4.5
4.553
4.576
4.629
4.653
4.707
4.732
4.795
4.822
4.874
4.909
4.962
4.988
5.062
5.098
5.099
5.182
4.997
5.137
2.803
2.781
2.718
2.717
2.684
2.675
2.65
2.641
2.693
2.712
2.785
2.801
2.859
2.886
2.938
2.955
3.018
3.051
3.113
3.148
3.216
3.249
3.315
3.357
3.438
3.469
3.467
3.467
3.442
3.442
3.42
3.418
3.395
3.392
3.368
3.368
3.353
3.352
3.328
3.328
3.312
3.303
3.309
3.389
3.516
3.595
3.768
3.833
3.953
4.065
4.265
4.367
6.856
6.858
6.828
6.823
6.809
6.808
6.793
6.782
6.766
6.968
7.557
7.875
8.183
8.183
8.183
8.183
8.183
8.183
8.183
8.183
8.183
8.187
8.187
8.191
8.191
8.191
8.191
8.191
6.492
6.487
6.481
6.48
6.472
6.471
6.462
6.462
6.454
6.454
6.453
6.454
6.453
6.461
6.454
6.453
6.453
6.46
6.454
6.461
6.461
6.469
6.47
6.479
6.479
6.488
6.487
6.504
6.504
6.523
6.523
6.54
6.554
6.555
6.325
6.218
6.011
5.91
5.717
5.633
5.456
5.377
5.226
5.151
5.004
4.938
4.812
4.759
4.636
4.575
4.465
4.426
4.323
4.274
4.183
4.133
4.053
4.015
3.942
3.897
3.818
3.79
3.711
3.671
3.612
3.578
3.466
3.442
3.46
3.487
3.52
3.559
3.602
3.655
5.266
5.293
5.336
5.37
5.42
5.433
5.355
5.373
5.436
5.404
5.348
5.373
5.455
5.5
5.553
5.592
5.658
5.693
5.752
5.795
8.183
8.183
8.183
8.183
8.183
8.183
8.183
8.183
8.183
8.183
8.183
8.183
8.183
8.183
8.183
8.183
8.183
8.078
8.018
8.015
8.167
8.183
8.183
8.183
8.183
8.183
8.183
2.199
2.191
2.182
2.165
2.164
2.163
2.164
2.147
2.146
2.141
2.136
2.12
2.12
2.11
2.11
2.094
2.093
2.084
2.076
2.068
2.068
2.058
2.058
2.051
2.042
2.042
2.042
2.025
2.026
2.026
2.017
2.018
2.017
1.60434 12.858 2.43641
