1 361
2.577
2.595
2.606
2.595
2.565
2.561
2.585
2.585
2.593
2.544
2.538
2.522
2.522
2.525
2.514
2.503
2.558
2.612
2.687
2.772
2.501
2.457
2.449
2.445
2.449
2.444
2.448
2.44
2.448
2.468
2.856
2.859
2.845
2.824
2.829
3.01
2.299
2.291
2.299
2.291
2.291
2.291
2.29
2.291
2.291
2.291
2.291
2.291
2.291
2.291
2.291
2.291
2.298
2.995
2.944
2.869
2.773
2.697
2.621
2.56
2.485
2.427
2.36
2.313
2.263
2.289
2.324
6.46
6.477
6.484
6.505
6.513
6.529
6.541
6.557
6.564
6.593
6.602
6.62
6.625
6.655
6.662
6.697
6.707
6.741
6.747
6.773
6.79
6.823
6.832
6.871
6.88
6.915
6.931
6.97
6.985
7.027
3.75
3.698
3.642
3.619
3.54
3.503
3.477
3.469
3.443
3.434
3.417
3.402
3.385
3.377
3.36
3.354
3.328
3.322
3.314
3.298
3.289
3.282
3.983
4.033
4.053
4.093
4.112
4.154
4.168
4.21
4.226
4.275
4.293
4.341
4.366
4.419
4.445
2.415
2.383
2.359
2.343
2.317
2.301
2.284
2.258
2.242
2.224
2.206
2.189
2.17
2.152
2.145
2.126
2.108
2.101
2.082
2.074
2.055
2.047
2.029
2.012
2.003
1.986
1.977
1.969
1.953
1.945
1.936
1.919
1.92
1.902
1.894
1.886
1.878
1.869
1.861
1.854
1.845
1.836
1.827
1.818
1.818
1.8
1.802
1.793
1.785
1.784
1.775
1.768
1.768
1.76
1.75
1.741
1.74
1.737
1.734
1.725
1.725
1.716
1.716
1.708
1.708
1.7
1.699
1.7
1.699
1.691
1.69
1.682
1.682
1.683
1.69
1.676
1.676
1.675
1.677
1.668
1.669
1.662
1.673
1.673
1.668
1.66
1.664
1.666
1.669
1.662
1.671
1.662
1.669
1.661
1.666
1.664
1.669
1.668
1.673
1.664
1.669
1.668
1.675
1.674
1.673
1.673
1.679
1.679
1.689
1.68
1.685
1.686
1.695
1.686
1.695
1.695
1.703
1.703
1.711
1.711
1.72
1.72
1.727
1.729
1.735
1.737
1.746
1.744
1.753
1.753
1.77
1.762
1.779
1.779
1.788
1.788
1.796
1.804
1.823
1.813
1.83
1.823
1.839
1.848
1.856
1.864
1.873
1.882
1.89
1.899
1.915
1.915
1.932
1.931
1.957
1.958
1.974
1.983
2
1.999
2.026
2.027
2.042
2.051
2.07
2.077
2.095
2.104
2.14
2.15
2.166
2.175
2.202
2.201
2.236
2.236
2.269
2.277
2.303
2.31
2.346
2.353
2.387
2.386
2.428
2.427
2.466
2.476
2.517
2.526
2.565
2.582
2.625
2.633
2.677
2.694
2.737
2.754
2.803
2.821
2.872
2.888
2.948
2.958
3.019
3.038
3.1
3.125
3.194
3.219
3.285
3.303
3.383
3.416
3.492
3.524
3.61
3.652
3.737
3.772
3.866
3.903
4.005
4.039
4.162
4.205
4.327
2.33178 0.682824 1.27643
