1 361
0.552
0.543
0.542
0.534
0.534
0.527
0.525
0.515
0.518
0.509
0.508
0.508
0.509
0.498
0.5
0.489
0.489
0.489
0.481
0.481
0.48
0.481
0.472
0.471
0.472
0.462
0.462
0.461
0.462
0.461
0.454
0.453
0.454
0.452
0.442
0.443
0.443
0.445
0.445
0.444
0.436
0.435
0.435
0.435
0.436
0.434
0.427
0.435
0.435
0.425
0.426
0.425
0.425
0.425
0.426
0.418
0.426
0.417
0.416
0.408
0.409
0.417
0.41
0.408
0.417
0.407
0.418
0.409
0.408
0.408
0.409
0.41
0.409
0.407
0.408
0.408
0.41
0.409
0.41
0.401
0.401
0.401
0.401
0.404
0.403
0.406
0.408
0.404
0.4
0.407
0.411
0.414
0.409
0.403
0.398
0.403
0.402
0.402
0.401
0.402
0.41
0.409
0.41
0.41
0.41
0.41
0.41
0.409
0.408
0.41
0.41
0.409
0.409
0.41
0.41
0.409
0.417
0.419
0.41
0.419
0.419
0.419
0.426
0.419
0.419
0.421
0.419
0.43
0.428
0.42
0.429
0.43
0.429
0.429
0.429
0.438
0.438
0.439
0.438
0.44
0.447
0.447
0.447
0.446
0.446
0.492
0.497
0.529
0.539
0.529
0.543
0.515
0.524
0.522
0.523
0.522
0.523
0.532
0.534
0.531
0.534
0.515
0.52
0.522
0.523
0.531
0.532
0.53
0.54
0.54
0.54
0.548
0.547
0.547
0.557
0.559
0.565
0.565
0.573
0.574
0.583
0.582
0.59
0.59
0.598
0.599
0.606
0.602
4.859
4.8
4.815
4.868
4.896
4.838
4.811
4.762
4.742
4.68
4.664
4.62
4.594
4.545
4.525
4.484
4.461
4.421
4.413
4.169
4.161
4.148
4.131
4.088
4.08
4.047
4.028
3.995
3.986
3.951
3.942
3.907
3.898
3.871
3.862
3.836
3.819
3.792
3.793
3.767
3.759
3.733
3.724
3.699
3.689
3.666
3.665
3.638
3.639
3.613
3.614
3.589
3.588
3.571
3.57
3.552
3.544
3.527
3.526
3.51
3.511
3.493
3.492
3.476
3.471
3.458
3.458
3.451
3.444
3.436
3.434
3.419
3.418
3.411
3.411
3.403
3.389
3.381
3.373
3.526
3.527
3.517
3.527
3.509
3.519
3.508
3.509
3.502
3.502
3.496
3.499
3.493
3.5
3.492
3.499
3.495
3.504
3.502
3.501
3.501
3.509
3.508
3.517
3.517
3.525
3.526
3.536
3.534
3.546
3.396
3.389
3.389
3.416
3.42
3.42
3.426
3.436
3.445
3.453
3.453
3.461
3.468
3.487
3.465
2.892
2.866
2.858
2.85
2.841
2.823
2.824
2.808
2.808
2.791
2.783
2.774
2.774
2.757
2.757
2.74
2.74
2.723
2.724
2.714
2.715
2.706
2.697
2.688
2.83
3.82
3.839
3.856
3.868
3.891
3.918
3.934
3.953
3.972
3.997
4.014
4.048
4.065
4.091
4.117
4.142
4.17
4.178
4.227
4.43
4.465
4.489
4.528
4.559
3.09926 8.5311 6.22281
