1 361
2.544
2.547
2.534
2.501
2.501
2.497
2.559
2.542
2.533
2.536
2.535
2.543
2.55
2.552
2.553
2.598
2.612
2.655
2.748
2.602
2.504
2.499
2.493
2.49
2.494
2.489
2.493
2.495
2.514
2.888
2.878
2.884
2.873
2.965
3.109
2.35
2.349
2.342
2.349
2.34
2.348
2.34
2.34
2.341
2.348
2.34
2.348
2.348
2.349
2.349
2.358
2.36
3.001
2.93
2.84
2.766
2.697
2.631
2.561
2.502
2.452
2.397
2.345
2.346
2.371
6.548
6.571
6.582
6.598
6.61
6.627
6.637
6.659
6.666
6.686
6.707
6.726
6.738
6.77
6.78
6.804
6.82
6.855
6.864
6.898
6.912
6.944
6.959
7.005
7.013
7.056
7.072
7.116
7.13
3.812
3.758
3.731
3.696
3.596
3.582
3.555
3.539
3.522
3.514
3.495
3.478
3.47
3.452
3.436
3.419
3.419
3.402
3.388
3.37
3.369
3.602
4.128
4.144
4.186
4.202
4.244
4.26
4.308
4.335
4.375
4.401
4.444
4.47
4.522
4.537
2.501
2.473
2.45
2.424
2.4
2.384
2.368
2.343
2.326
2.302
2.293
2.276
2.258
2.242
2.225
2.207
2.198
2.18
2.162
2.145
2.135
2.118
2.109
2.091
2.082
2.064
2.055
2.047
2.039
2.021
2.012
2.003
1.995
1.977
1.971
1.96
1.953
1.945
1.936
1.92
1.92
1.911
1.903
1.895
1.886
1.878
1.878
1.861
1.861
1.852
1.844
1.836
1.835
1.827
1.825
1.818
1.819
1.809
1.803
1.802
1.793
1.794
1.794
1.785
1.785
1.776
1.776
1.769
1.768
1.759
1.769
1.76
1.76
1.75
1.761
1.751
1.752
1.744
1.744
1.745
1.746
1.739
1.742
1.734
1.746
1.739
1.741
1.733
1.736
1.737
1.737
1.737
1.735
1.734
1.742
1.739
1.744
1.743
1.74
1.738
1.744
1.743
1.742
1.744
1.75
1.748
1.757
1.748
1.756
1.757
1.765
1.764
1.772
1.772
1.772
1.772
1.781
1.781
1.79
1.79
1.796
1.796
1.805
1.805
1.814
1.814
1.823
1.823
1.831
1.831
1.849
1.849
1.857
1.857
1.874
1.873
1.883
1.882
1.899
1.899
1.916
1.916
1.933
1.933
1.949
1.949
1.967
1.967
1.984
1.992
2.01
2.01
2.027
2.027
2.044
2.053
2.071
2.071
2.097
2.098
2.114
2.123
2.161
2.159
2.186
2.193
2.213
2.22
2.238
2.244
2.271
2.281
2.305
2.313
2.337
2.345
2.378
2.388
2.421
2.42
2.452
2.469
2.503
2.509
2.55
2.56
2.592
2.609
2.644
2.661
2.704
2.712
2.763
2.771
2.813
2.839
2.88
2.898
2.95
2.969
3.03
3.037
3.1
3.117
3.184
3.21
3.27
3.295
3.367
3.392
3.466
3.501
3.578
3.61
3.687
3.72
3.805
3.848
3.944
3.978
4.079
4.129
4.233
4.276
4.399
4.447
4.781
6.025
5.993
5.983
5.959
2.30497 0.588152 1.31604
