1 361
1.34
1.393
1.391
1.442
1.45
1.498
1.505
1.565
1.571
1.63
1.645
1.706
1.721
1.793
1.802
1.888
1.897
1.984
2.01
2.107
2.125
2.237
2.264
2.379
2.403
2.559
2.584
2.749
2.782
2.951
2.978
3.182
3.238
3.298
3.29
3.29
3.282
3.281
3.28
3.272
3.272
3.264
3.264
3.263
3.263
3.257
3.257
3.256
3.257
3.255
3.248
3.257
3.248
3.248
3.247
3.257
3.257
3.257
3.257
3.263
3.257
3.265
3.266
3.274
3.274
3.274
3.273
3.282
3.28
3.289
3.281
3.289
3.29
3.306
3.298
3.313
3.313
3.323
3.324
3.338
3.338
3.355
3.354
3.365
3.362
3.378
3.388
3.404
3.404
3.42
3.42
3.436
3.445
3.462
3.462
3.488
3.487
3.513
3.512
3.537
3.547
3.564
3.573
3.589
3.599
3.623
3.632
3.658
3.657
3.684
3.69
3.726
3.733
3.768
3.768
3.803
3.81
3.846
3.845
3.881
3.89
3.925
3.944
3.975
3.978
4.028
4.035
3.952
3.968
4.135
4.147
4.188
4.197
4.254
4.263
4.311
4.328
4.379
4.397
4.448
4.464
4.514
4.541
4.596
4.617
4.679
4.691
4.764
4.779
4.85
4.864
4.95
4.966
5.048
5.073
5.157
5.179
5.265
5.292
5.382
5.407
5.511
5.546
5.643
5.678
5.793
5.828
5.946
5.983
6.121
6.157
6.29
6.331
2.145
2.145
2.126
2.126
2.117
2.108
2.091
2.091
2.087
2.107
2.169
2.186
2.246
2.268
2.346
2.363
2.434
2.453
2.542
2.567
2.659
2.686
2.795
2.822
2.936
2.972
3.087
3.133
3.275
3.322
3.492
3.537
3.731
3.774
3.986
4.053
4.315
4.391
4.612
4.597
4.563
4.553
4.534
4.494
4.474
4.465
4.443
4.416
4.416
4.398
4.389
4.372
4.356
4.357
4.349
4.333
4.325
4.32
4.323
4.306
4.296
4.304
4.297
4.297
4.292
4.291
4.287
4.295
4.291
4.288
4.288
4.291
4.291
4.293
4.299
4.306
4.305
4.313
4.319
4.321
4.325
4.329
4.33
4.338
4.347
4.354
4.358
4.367
4.372
4.381
4.388
4.409
4.406
4.417
4.391
4.34
4.145
4.088
3.923
3.877
3.731
3.696
3.566
3.524
3.41
3.38
3.279
3.247
3.144
3.121
3.034
3.009
2.916
2.896
2.821
2.805
2.736
2.709
2.644
2.626
2.559
2.55
2.492
2.476
2.419
2.402
2.352
2.336
2.286
2.276
2.233
2.216
2.182
2.166
2.131
2.113
2.087
2.077
2.035
2.032
2.049
2.058
2.075
2.094
2.11
2.127
2.146
2.145
2.181
2.193
2.214
2.222
2.257
2.267
2.291
2.308
2.332
2.35
2.382
2.39
2.429
2.438
2.482
2.489
2.532
2.549
2.59
2.598
2.641
2.667
2.7
2.727
2.77
2.794
2.835
2.871
2.915
2.916
2.886
2.887
2.86
2.854
2.83
2.828
2.804
2.796
2.771
2.771
-3.94081 10.441 3.9465
