1 361
4.434
4.463
4.472
4.495
4.49
4.528
4.512
4.559
4.552
4.59
4.59
2.193
2.183
2.191
2.167
4.705
4.705
4.782
4.795
4.86
4.851
4.806
4.796
4.676
4.667
4.571
4.578
4.878
4.895
5.026
5.007
4.965
4.962
5.01
5.009
5.087
5.073
5.15
5.15
5.223
5.226
5.14
5.207
5.87
5.872
3.857
3.855
4.067
4.009
6.197
6.197
6.323
6.318
6.361
6.37
6.468
6.487
4.968
6.724
4.876
4.886
4.847
6.914
6.578
6.585
5.219
5.217
5.161
5.156
5.122
5.129
5.117
5.118
5.061
5.064
5.079
5.066
4.919
4.912
5.896
5.723
4.33
4.316
4.341
4.339
4.712
4.76
5.027
4.882
4.573
4.564
4.531
4.531
4.495
4.486
4.427
4.418
4.457
4.445
4.634
4.628
4.935
4.928
6.226
6.218
6.228
6.259
7.565
7.565
7.54
7.54
7.513
7.505
7.487
7.477
7.46
7.46
7.442
7.442
7.425
7.424
7.408
7.408
7.144
7.123
7.071
7.066
7.05
7.04
6.989
7.058
7.281
7.283
7.282
7.273
7.273
7.272
7.273
7.274
7.273
7.272
7.282
7.283
7.248
7.169
7.398
7.399
7.409
7.408
7.426
7.425
7.451
7.443
6.347
6.342
5.268
5.276
5.291
5.291
4.487
4.469
4.317
4.308
3.308
3.346
3.011
3.011
2.949
2.952
1.88
1.935
1.724
1.735
1.647
1.67
1.625
1.641
1.604
1.621
1.616
1.616
1.659
1.659
1.989
1.758
2.307
2.316
2.218
2.222
1.941
1.953
1.867
1.876
1.809
1.819
1.755
1.751
1.712
1.713
1.682
1.681
1.709
1.709
1.73
1.722
1.426
1.454
1.456
1.445
1.784
1.786
1.439
1.572
1.338
1.368
1.31
1.311
1.255
1.276
1.204
1.221
0.933
0.947
0.877
0.887
0.841
0.85
0.815
0.822
0.803
0.804
0.789
0.789
0.771
0.772
0.755
0.762
0.744
0.755
0.736
0.743
0.736
0.746
0.729
0.736
0.725
0.733
0.72
0.724
0.711
0.718
0.722
0.723
0.716
0.716
0.708
0.715
0.704
0.721
0.708
0.714
0.713
0.707
0.704
0.713
0.705
0.714
0.705
0.712
0.709
0.705
0.707
0.716
0.711
0.714
0.792
0.807
0.774
0.786
0.744
0.745
0.75
0.757
0.737
0.746
0.728
0.729
0.721
0.728
0.713
0.721
0.715
0.715
0.707
0.706
0.699
0.708
0.698
0.701
0.854
0.852
1.025
1.021
1.399
1.349
1.471
1.479
1.501
1.495
1.408
1.417
1.409
1.418
1.417
1.425
1.417
1.426
1.425
1.425
1.425
1.434
1.425
1.435
1.426
1.434
1.426
1.435
1.426
1.435
1.426
1.426
1.426
1.426
1.426
1.426
1.617
1.625
1.621
1.631
1.631
1.63
1.633
1.643
1.641
1.652
1.646
1.655
1.655
1.663
1.674
1.675
1.678
1.689
1.685
1.687
1.443
1.444
1.435
1.432
1.427
1.435
2.40327 8.99177 4.25788
