1 361
1.706
1.721
1.721
1.737
1.737
1.747
1.747
1.762
1.761
1.778
1.778
1.795
1.794
1.81
1.81
1.826
1.826
1.852
1.85
1.876
1.876
1.893
1.892
1.918
1.918
1.943
1.951
1.969
1.976
2.003
2.003
2.028
2.036
2.063
2.063
2.089
2.099
2.124
2.134
2.166
2.17
2.16
2.149
2.116
2.115
2.079
2.078
2.095
2.095
2.153
2.167
2.202
2.211
2.237
2.249
2.289
2.305
2.336
2.346
2.397
2.408
2.454
2.457
2.413
2.395
2.354
2.344
2.297
2.286
2.255
2.245
2.203
2.202
2.161
2.159
2.123
2.123
2.079
2.081
2.047
2.046
2.012
2.012
1.99
1.999
2.008
2.016
2.025
2.043
2.051
2.06
2.069
2.078
2.086
2.095
2.113
2.112
2.139
2.14
2.158
2.167
2.185
2.194
2.211
2.22
2.238
2.247
2.263
2.282
2.298
2.306
8.183
8.183
8.183
8.183
8.183
8.183
8.183
8.183
8.183
8.187
8.183
8.183
8.183
8.183
8.183
8.183
8.187
8.187
8.191
8.183
8.183
8.183
8.183
8.183
8.183
8.183
8.183
8.183
8.183
8.183
8.183
8.183
8.183
8.183
8.183
8.183
8.183
8.183
8.183
8.183
8.183
8.183
8.183
8.183
8.183
8.183
8.183
8.183
6.683
6.567
6.268
6.149
5.872
5.763
5.531
5.434
5.226
5.131
4.939
4.857
4.681
4.619
4.471
4.408
4.269
4.217
4.091
4.039
3.926
3.884
3.772
3.734
3.63
3.597
3.506
3.472
3.382
3.357
3.274
3.249
3.175
3.15
3.071
3.057
2.984
2.966
2.905
2.888
2.829
2.804
2.754
2.738
2.687
2.669
2.596
2.574
2.527
2.549
2.564
2.581
2.596
2.616
2.611
2.591
2.55
2.543
2.5
2.492
2.45
2.444
2.411
2.403
2.371
2.361
2.327
2.32
2.296
2.287
2.261
2.254
2.226
2.239
8.183
8.183
8.183
7.592
8.183
8.183
8.183
8.183
8.183
8.183
8.183
8.183
8.183
8.183
8.183
8.183
8.183
8.183
8.183
8.183
8.183
8.183
8.073
8.084
8.183
8.183
8.183
8.183
8.183
8.149
8.119
8.183
8.183
8.183
8.183
8.183
8.183
8.183
1.63
1.636
1.628
1.629
1.62
1.617
1.629
1.627
1.617
1.618
1.61
1.61
1.602
1.601
1.593
1.602
1.593
1.593
1.586
1.571
1.439
1.471
1.541
1.547
1.536
1.537
1.54
1.54
1.537
1.543
1.532
1.534
1.527
1.531
1.534
1.533
1.528
1.526
1.526
1.53
1.527
1.532
1.534
1.53
1.528
1.534
1.531
1.535
1.542
1.541
1.537
1.537
1.539
1.534
1.477
1.491
1.559
1.571
1.561
1.53
1.528
1.528
1.526
1.527
1.531
1.523
1.522
1.53
1.52
1.521
1.519
1.528
1.518
1.527
1.528
1.529
1.529
1.536
1.537
1.545
1.545
1.546
1.547
1.557
1.558
1.565
1.566
1.578
1.576
1.585
6.65235 7.65662 2.43937
