1 361
5.561
5.515
5.476
5.406
5.34
5.286
5.247
5.243
5.038
4.984
4.946
4.908
4.89
4.869
4.831
4.857
5.189
5.168
5.165
5.17
4.936
4.891
4.867
4.808
4.728
4.665
4.646
4.64
4.626
4.693
4.828
5.033
5.172
5.213
4.749
4.126
4.109
4.084
4.066
4.05
4.039
4.023
4.005
3.989
3.97
3.963
3.953
3.935
3.918
3.909
3.893
3.895
3.879
3.87
3.852
3.853
3.836
3.827
3.819
3.811
3.801
3.802
3.793
3.785
3.777
3.768
3.768
3.751
3.756
3.749
3.742
3.736
3.733
3.726
3.725
3.717
3.719
3.717
3.718
3.713
3.711
3.713
3.712
3.711
3.708
3.707
3.711
3.708
3.7
3.708
3.705
3.704
3.713
3.71
3.715
3.713
3.718
3.722
3.73
3.731
3.73
3.731
3.741
3.738
3.748
3.746
3.754
3.763
3.763
3.772
3.771
3.785
3.785
3.823
4.977
4.996
5.004
5.02
5.028
5.036
5.054
5.07
5.076
5.094
5.103
5.12
5.144
5.152
5.176
5.186
5.201
5.218
5.234
5.259
5.277
5.294
5.32
5.347
5.364
5.379
5.406
5.43
5.456
5.473
5.498
5.524
5.556
5.583
5.61
5.637
5.663
5.7
5.725
5.762
5.786
5.822
5.857
5.891
5.923
5.966
5.998
6.04
6.081
6.121
6.165
6.199
6.243
6.176
6.118
6.046
5.986
5.917
5.868
5.808
5.757
3.008
2.991
2.967
2.941
2.915
2.9
2.872
2.848
2.823
2.807
2.79
2.764
2.747
2.73
2.713
2.687
2.67
2.652
2.643
2.627
2.609
2.592
2.575
2.559
2.552
2.535
2.527
2.502
2.493
2.485
2.469
2.452
2.443
2.435
2.427
2.41
2.401
2.393
2.384
2.376
2.359
2.35
2.342
2.334
2.325
2.317
2.308
2.3
2.3
2.292
2.283
2.274
2.265
2.256
2.256
2.248
2.248
2.239
2.23
2.221
2.221
2.212
2.213
2.212
2.203
2.203
2.194
2.194
2.185
2.185
2.176
2.176
2.168
2.171
2.84
2.861
2.893
2.954
2.996
3.088
3.418
3.423
3.436
3.421
3.471
3.542
3.792
3.984
3.983
3.761
3.957
3.975
3.966
3.476
3.22
3.222
3.216
3.217
3.221
3.166
3.227
3.748
3.923
3.903
3.447
3.301
3.259
3.253
3.665
3.506
3.371
3.236
3.225
3.23
3.236
3.241
3.257
3.263
3.849
3.726
3.602
3.486
3.371
3.264
3.182
3.182
3.191
3.2
3.208
3.217
3.225
3.234
3.243
3.251
3.26
3.277
3.623
3.572
3.533
3.488
3.447
3.409
3.365
3.323
3.342
7.903
7.938
7.973
8.008
8.051
8.08
8.118
8.159
8.183
8.183
8.183
8.183
8.183
8.183
4.929
4.864
4.833
4.81
4.704
4.683
4.669
4.663
4.635
4.621
4.605
4.595
4.577
4.564
4.556
4.547
4.531
4.706
5.333
5.384
5.418
5.47
5.511
5.564
5.607
5.659
5.705
12.295 6.08102 0.938053
