1 361
1.625
1.633
1.641
1.64
1.649
1.658
1.665
1.665
1.682
1.681
1.698
1.698
1.706
1.713
1.723
1.732
1.74
1.75
1.765
1.775
1.791
1.79
1.808
1.807
1.824
1.824
1.842
1.849
1.867
1.875
1.891
1.909
1.916
1.925
1.95
1.958
1.974
1.983
2.008
2.017
2.032
2.04
2.066
2.077
2.102
2.105
2.135
2.145
2.18
2.19
2.214
2.233
2.26
2.276
2.302
2.316
2.351
2.367
2.4
2.418
2.457
2.474
2.515
2.54
2.581
2.596
2.648
2.664
2.706
2.732
2.783
2.808
2.866
2.894
2.954
2.972
3.043
3.07
3.137
3.163
3.241
3.258
3.347
3.377
3.463
3.503
3.598
3.634
3.736
3.778
3.888
3.943
4.06
4.101
4.389
4.731
5.603
5.586
5.577
5.561
5.648
5.608
5.558
5.543
5.524
5.587
5.91
6.042
6.357
6.482
6.841
6.986
7.407
7.581
8.093
8.183
8.183
8.183
8.183
8.183
8.183
8.183
8.183
8.183
8.183
8.183
8.183
8.183
8.183
8.183
8.183
8.183
8.183
8.183
8.183
8.183
8.183
8.183
8.183
8.183
8.183
8.183
8.183
8.183
8.183
8.183
8.183
8.183
8.183
8.183
8.183
3.666
3.736
3.752
3.828
3.854
3.951
3.976
4.073
4.107
4.212
4.199
4.206
4.198
4.19
4.19
4.189
4.181
4.187
4.178
4.178
4.171
4.18
4.172
4.172
4.173
4.173
4.175
4.067
4.02
3.897
3.849
3.745
3.702
3.594
3.56
3.464
3.43
3.348
3.303
3.235
3.201
3.119
3.1
3.03
3.002
2.944
2.916
2.849
2.804
2.761
2.758
2.784
2.791
2.826
2.825
2.815
2.791
2.747
2.723
2.689
2.671
2.63
2.602
2.568
2.553
2.512
2.503
2.462
2.453
2.412
2.395
2.371
2.363
2.33
2.315
2.289
2.273
2.04
2.032
2.004
2.008
2.005
1.987
1.97
1.959
1.938
1.936
1.91
1.91
1.884
1.875
1.858
1.849
1.843
1.835
1.816
1.808
1.791
1.792
1.775
1.765
1.757
1.748
1.74
1.732
1.723
1.714
1.706
1.697
1.689
1.68
1.673
1.672
1.656
1.656
1.638
1.639
1.631
1.623
1.623
1.615
1.606
1.606
1.598
1.589
1.581
1.581
1.573
1.573
1.564
1.564
1.556
1.556
1.548
1.548
1.539
1.539
1.531
1.532
1.531
1.523
1.524
1.514
1.514
1.515
1.515
1.515
1.506
1.506
1.506
1.506
1.499
1.499
1.499
1.5
1.492
1.493
1.491
1.486
1.489
1.492
1.491
1.486
1.468
1.46
1.46
1.468
1.477
1.486
1.491
1.486
1.493
1.488
1.492
1.5
1.499
1.499
1.498
1.498
1.506
1.506
1.506
1.506
1.515
1.505
1.514
1.515
1.524
1.515
1.524
1.524
1.531
1.532
1.534
1.534
1.54
1.54
1.549
1.549
1.557
1.557
1.565
1.565
2.118
2.127
2.136
2.136
2.155
2.155
2.164
-1.02917 14.0333 0.166321
