1 361
3.557
3.564
3.564
3.575
3.556
3.564
3.564
3.573
3.563
3.573
3.572
3.582
3.582
3.589
3.58
3.597
3.588
3.603
3.594
3.612
3.604
3.62
3.621
3.627
3.626
3.652
3.645
3.669
3.66
3.678
3.677
3.703
3.693
3.719
3.71
3.744
3.734
3.768
3.767
3.786
3.786
3.812
3.811
3.838
3.836
3.864
3.864
3.89
3.892
3.927
3.918
3.962
3.952
3.989
3.989
4.022
4.023
4.066
4.066
4.109
4.1
4.15
4.151
4.193
4.185
4.237
4.239
4.283
4.279
4.212
4.213
4.4
4.391
4.452
4.451
4.501
4.51
4.569
4.562
4.627
4.637
4.698
4.696
4.767
4.768
4.838
4.838
4.921
4.921
5.007
5.004
5.085
5.082
5.18
5.181
5.278
5.276
5.378
5.376
5.498
5.487
5.608
5.607
5.726
5.725
2.235
2.235
2.211
2.202
2.175
2.174
2.186
2.186
2.246
2.237
2.298
2.298
2.362
2.363
2.429
2.429
2.51
2.51
2.585
2.585
2.672
2.664
2.765
2.763
2.867
2.858
2.968
2.968
3.09
3.091
3.219
3.218
3.354
3.352
3.509
3.509
3.68
3.677
3.856
3.866
4.072
4.073
4.317
4.327
4.456
4.468
4.435
4.47
4.466
4.484
4.491
4.491
4.474
4.476
4.498
4.499
4.506
4.506
4.488
4.497
4.49
4.491
4.486
4.485
4.485
4.476
4.477
4.478
4.469
4.468
4.46
4.47
4.465
4.466
4.465
4.465
4.457
4.465
4.459
4.459
4.468
4.467
4.476
4.476
4.481
4.471
4.488
4.479
4.494
4.494
4.503
4.503
4.511
4.51
4.527
4.525
4.542
4.541
4.551
4.55
4.441
4.418
4.104
4.103
3.825
3.824
3.572
3.566
3.361
3.359
3.19
3.181
3.023
3.02
2.876
2.877
2.741
2.741
2.625
2.625
2.513
2.511
2.407
2.407
2.316
2.325
2.241
2.239
2.152
2.161
2.083
2.09
2.018
2.019
1.959
1.957
1.891
1.899
1.842
1.85
1.798
1.798
1.785
1.786
1.802
1.811
1.828
1.828
1.843
1.853
1.877
1.877
1.893
1.901
1.917
1.927
1.951
1.951
1.986
1.986
2.012
2.02
2.047
2.046
2.082
2.083
2.116
2.116
2.152
2.151
2.185
2.193
2.228
2.23
2.271
2.272
2.312
2.322
2.362
2.362
2.412
2.42
2.468
2.476
2.523
2.532
2.584
2.597
2.587
2.586
2.554
2.561
2.529
2.539
2.505
2.513
2.481
2.482
2.45
2.459
2.433
2.432
2.41
2.417
2.393
2.393
2.376
2.375
2.35
2.35
2.336
2.336
2.317
2.318
2.302
2.302
2.285
2.294
2.275
2.275
2.258
2.268
2.25
2.25
2.232
2.241
2.225
2.233
2.216
2.225
2.206
2.216
2.198
2.207
2.198
2.198
2.18
2.198
2.181
2.19
2.172
2.181
2.163
2.173
2.164
2.164
2.157
2.166
2.152
2.153
2.151
2.154
2.152
2.154
2.149
2.149
-3.93948 10.4433 4.48057
