1 361
1.526
1.525
1.525
1.516
1.516
1.516
1.516
1.515
1.515
1.507
1.507
1.507
1.508
1.507
1.5
1.5
1.503
1.496
1.503
1.496
1.495
1.501
1.496
1.488
1.479
1.488
1.496
1.501
1.499
1.469
1.475
1.473
1.481
1.479
1.479
1.624
1.639
1.638
1.638
1.637
1.647
1.647
1.647
1.647
1.654
1.654
1.663
1.664
1.663
1.663
1.671
1.671
1.68
1.68
1.688
1.687
1.697
1.697
1.707
1.706
1.715
1.722
1.732
1.724
1.742
1.74
1.75
1.758
1.766
1.766
1.786
4.271
4.154
4.077
3.92
3.618
3.553
3.507
3.459
3.405
3.375
3.561
3.027
2.948
2.915
2.882
2.848
2.806
2.781
2.748
2.723
2.688
2.663
2.638
2.604
2.575
2.561
2.528
2.511
2.487
2.461
2.436
2.42
2.395
2.379
2.354
2.346
2.322
2.336
2.336
2.396
2.351
2.268
2.241
2.226
2.199
2.192
2.16
2.191
2.207
2.245
2.265
2.29
2.306
2.34
2.356
2.402
2.383
2.361
2.348
2.338
2.333
2.337
2.319
2.332
2.329
2.33
2.333
2.351
2.345
2.381
2.386
2.421
2.436
2.75
3.073
3.14
3.166
3.234
3.275
3.349
3.389
3.472
3.515
3.604
3.648
3.749
3.794
3.903
3.962
4.064
4.137
4.26
4.331
4.465
4.534
4.696
4.781
4.946
5.043
5.24
5.336
5.547
5.67
5.918
6.057
6.277
7.755
7.826
7.791
7.761
7.743
8.09
8.183
8.183
8.183
8.183
8.183
8.183
8.183
8.183
8.183
8.183
8.183
8.183
8.183
8.183
8.183
8.183
8.183
8.183
8.183
8.183
8.183
8.183
8.183
8.183
8.183
8.183
8.183
8.183
8.183
8.183
8.183
8.183
8.183
8.183
8.183
8.183
8.183
8.183
8.183
8.183
8.183
8.183
7.959
7.729
7.727
7.046
6.744
6.434
6.269
5.982
5.845
5.589
5.473
5.258
5.159
4.967
4.805
4.81
4.817
4.841
4.828
4.658
4.596
4.447
4.141
3.874
3.853
3.743
3.69
3.592
3.544
3.458
3.418
3.336
3.295
3.223
3.189
3.119
3.086
3.015
2.99
2.935
2.909
2.849
2.816
2.765
2.738
2.687
2.661
2.618
2.6
2.558
2.534
2.497
2.478
2.437
2.42
2.377
2.37
2.331
2.313
2.288
2.28
2.245
2.236
2.185
2.168
2.148
2.153
2.179
2.188
2.223
2.224
2.249
2.24
2.205
2.196
2.171
2.162
2.135
2.126
2.109
2.091
2.073
2.065
2.047
2.038
2.021
2.012
1.987
1.987
1.96
1.96
1.944
1.935
1.918
1.918
1.902
1.893
1.885
1.876
1.867
1.859
1.842
1.843
1.834
1.826
1.809
1.809
1.8
1.801
1.793
1.785
1.602
1.595
1.015
1.016
0.944
0.946
0.92
0.92
0.885
0.894
0.866
0.867
0.842
0.843
0.817
0.826
0.801
0.8
0.782
0.782
0.761
0.77
0.746
0.757
0.731
3.13266 13.7422 5.89051
