1 361
1.629
1.62
1.619
1.533
1.511
1.501
1.502
1.494
1.493
1.492
1.493
1.427
1.354
1.344
1.347
1.346
1.347
1.339
1.351
1.36
1.363
1.363
1.361
1.363
1.361
1.365
1.363
1.363
1.363
1.354
1.363
1.363
1.365
1.359
1.365
1.366
1.369
1.367
1.37
1.368
1.373
1.363
1.369
1.369
1.376
1.375
1.384
1.375
1.375
1.374
1.387
1.384
1.384
1.384
1.393
1.393
1.401
1.4
1.401
1.401
1.41
1.41
1.418
1.418
1.426
1.468
4.301
4.303
4.329
4.336
4.353
4.362
4.381
4.388
4.414
4.423
4.449
4.459
4.475
4.483
4.509
4.516
4.552
4.56
4.594
4.602
4.637
4.655
4.687
4.696
4.732
4.751
4.785
4.792
4.828
4.845
4.886
4.902
4.934
4.961
5.006
5.018
5.058
5.077
5.125
5.151
5.197
5.207
5.255
5.285
5.344
5.353
5.35
5.445
5.508
5.533
5.593
5.62
5.688
5.717
5.785
5.813
5.886
5.922
5.996
6.027
6.121
6.147
6.234
6.274
6.378
6.412
6.507
6.554
6.65
6.694
6.802
6.846
6.974
7.016
7.141
7.186
7.321
7.379
3.438
3.421
3.394
3.379
3.414
3.436
3.515
3.541
3.616
3.651
3.74
3.769
3.857
3.901
4.002
4.036
4.141
4.183
4.31
4.352
4.48
4.523
4.667
4.72
4.871
4.933
5.107
5.185
5.366
5.439
5.548
5.541
5.54
5.522
5.514
5.494
5.475
5.464
5.462
5.436
5.437
5.417
5.407
5.397
5.391
5.382
5.374
5.368
5.361
5.354
5.344
5.334
5.335
5.32
5.324
5.312
5.312
5.313
5.302
5.304
5.301
5.294
5.303
5.294
5.304
5.291
5.294
5.298
5.301
5.29
5.303
5.289
5.302
5.29
5.304
5.295
5.01
4.754
4.194
4.035
3.624
3.514
3.186
3.088
2.85
2.761
2.658
2.658
2.657
2.658
2.665
2.666
2.674
2.675
2.689
2.683
2.696
2.699
2.708
2.717
2.723
2.723
2.732
2.739
2.749
2.757
2.775
2.774
2.791
2.79
2.808
2.809
2.823
2.824
2.85
2.849
2.875
2.875
2.893
2.893
2.918
2.918
2.936
2.944
2.971
2.971
2.999
2.997
3.024
3.025
3.062
3.055
3.02
3.003
2.941
2.926
2.87
2.853
2.794
2.786
2.735
2.719
2.676
2.659
2.608
2.591
2.558
2.543
2.501
2.493
2.453
2.439
2.409
2.403
2.361
2.353
2.32
2.311
2.287
2.27
2.252
2.235
2.211
2.201
2.176
2.175
2.149
2.14
2.113
2.104
2.079
2.078
2.063
2.053
2.035
2.026
2.009
2
1.984
1.975
1.958
1.958
1.934
1.934
1.917
1.908
1.892
1.891
1.873
1.874
1.858
1.858
1.842
1.842
1.824
1.825
1.807
1.807
1.79
1.79
1.783
1.783
1.765
1.765
1.757
1.756
1.74
1.74
1.732
1.732
1.723
1.724
1.715
1.708
1.698
1.699
1.699
-2.78653 11.2273 4.02304
