1 361
6.785
6.796
6.802
6.798
6.797
6.817
6.806
6.816
6.851
6.805
6.809
6.871
6.859
6.859
6.855
6.869
6.881
6.895
6.902
6.919
6.927
6.942
6.952
6.975
6.976
7.001
7.01
7.033
7.033
7.061
7.079
7.146
7.252
7.113
7.003
6.901
6.906
6.998
6.974
6.937
6.14
5.903
5.813
5.65
5.583
5.436
5.364
5.232
5.172
5.037
4.991
4.871
4.82
4.707
4.663
4.559
4.522
4.418
4.385
4.272
4.238
4.23
4.244
4.285
4.292
4.198
4.166
4.09
4.065
3.992
3.967
3.896
3.87
3.811
3.794
3.734
3.537
3.423
3.413
3.386
3.363
3.315
3.299
3.257
3.241
3.2
3.175
3.14
3.123
3.087
3.071
3.038
3.028
2.992
2.976
2.948
2.931
2.907
2.888
2.862
2.856
2.82
2.812
2.789
2.779
2.753
2.746
2.712
2.712
2.687
2.678
2.654
2.654
2.627
2.618
2.601
2.592
2.577
2.571
2.552
2.546
2.527
2.518
2.504
2.495
2.479
2.473
2.455
2.455
2.439
2.44
2.423
2.423
2.406
2.406
2.389
2.389
2.382
2.372
2.365
2.356
2.338
2.323
2.307
2.307
2.306
2.365
2.449
2.456
2.434
2.443
2.427
2.426
2.418
2.419
2.411
2.41
2.402
2.41
2.402
2.401
2.396
2.394
2.388
2.387
2.387
2.386
2.379
2.379
2.382
2.382
2.382
2.384
2.377
2.377
2.372
2.381
2.366
2.366
2.373
2.379
2.377
2.376
2.372
2.379
2.379
2.387
2.38
2.387
2.389
2.399
2.25
2.242
2.232
2.25
2.258
2.273
2.272
2.282
2.281
2.289
2.289
2.298
2.298
2.308
2.306
2.314
2.314
2.322
2.331
2.338
2.338
2.347
2.349
2.365
2.364
2.381
2.381
2.398
2.398
2.406
2.415
2.423
2.43
2.439
2.447
2.456
2.472
2.48
2.489
2.497
2.507
2.52
2.527
2.545
2.561
2.568
2.576
2.593
2.604
2.619
2.635
2.652
2.661
2.679
2.697
2.713
2.719
2.737
2.754
2.77
2.787
2.812
2.829
2.843
2.87
2.885
2.905
2.929
2.949
2.974
2.991
3.017
3.042
3.07
3.095
3.112
3.146
3.173
3.197
3.202
3.242
3.492
3.522
3.558
3.599
3.635
3.665
3.706
3.756
3.783
3.827
3.87
3.922
3.967
4.031
4.043
4.005
3.994
3.965
3.987
4.086
4.138
4.195
4.25
4.316
4.37
4.442
4.498
4.582
4.64
4.727
4.796
4.883
4.95
5.054
5.139
5.251
5.336
5.462
5.546
5.695
5.755
6.364
6.429
6.615
6.721
6.685
6.676
6.855
6.984
7.13
7.088
7.033
7.001
6.943
6.908
6.86
6.829
6.784
6.812
6.861
6.893
6.95
6.994
7.052
7.085
7.147
8.183
8.183
8.183
8.183
8.183
8.191
8.183
8.183
8.191
8.191
8.183
8.187
8.183
8.183
8.183
8.183
8.183
8.183
8.183
8.183
8.183
8.183
8.183
6.28197 2.74194 0.215409
