1 361
2.158
2.132
2.123
2.104
2.093
2.077
2.068
2.04
2.03
2.013
2.014
1.986
1.987
1.958
1.951
1.934
1.924
1.907
1.906
1.889
1.88
1.863
1.865
1.846
1.838
1.829
1.821
1.805
1.804
1.796
1.789
1.771
1.617
1.583
1.583
1.567
1.576
1.567
1.575
1.565
1.565
1.557
1.557
1.548
1.548
1.532
1.532
1.523
1.523
1.517
1.516
1.507
1.507
1.498
1.498
1.499
1.491
1.491
1.482
1.482
1.482
1.474
1.475
1.466
1.466
1.458
1.466
1.458
1.458
1.449
1.458
1.45
1.449
1.441
1.45
1.441
1.442
1.434
1.442
1.438
1.436
1.432
1.437
1.434
1.434
1.43
1.43
1.421
1.421
1.412
1.421
1.43
1.437
1.437
1.439
1.433
1.438
1.433
1.441
1.433
1.441
1.441
1.45
1.44
1.449
1.449
1.458
1.449
1.458
1.458
1.458
1.458
1.466
1.466
1.475
1.475
1.483
1.483
1.483
1.483
1.493
1.5
1.5
1.51
1.509
1.518
1.517
1.521
1.526
1.525
1.534
1.542
1.55
1.55
1.559
1.559
1.567
1.567
1.584
1.584
1.601
1.593
1.608
1.609
1.626
1.626
1.642
1.642
1.659
1.658
1.676
1.683
1.692
1.692
1.709
1.717
1.727
1.734
1.752
1.761
1.769
1.778
1.795
1.804
1.823
1.83
1.848
1.856
1.873
1.881
1.898
1.907
1.923
1.909
1.935
1.942
2.029
2.19
2.215
2.233
2.257
2.275
2.301
2.318
2.35
2.367
2.391
2.408
2.433
2.456
2.49
2.505
2.547
2.571
2.597
2.632
2.665
2.699
2.734
2.737
2.728
2.712
2.703
2.686
2.671
2.704
2.777
2.815
2.857
2.895
2.942
2.986
3.039
3.084
3.149
3.192
3.256
3.307
3.371
3.43
3.507
3.563
3.648
3.712
3.808
3.873
3.973
4.051
4.168
4.259
4.376
4.507
4.62
5.203
5.373
5.485
5.475
5.459
5.477
5.706
5.908
5.915
5.886
5.844
5.819
5.783
5.757
5.732
5.697
5.67
5.643
5.619
5.671
5.718
5.762
5.804
5.856
5.907
5.956
6.005
8.183
8.183
8.187
8.187
8.191
8.191
8.183
8.183
8.183
8.183
8.183
8.183
8.183
8.183
8.183
8.183
8.183
8.183
8.183
8.183
8.183
8.187
8.183
8.183
8.183
8.183
8.183
8.183
8.183
8.183
8.075
7.737
7.419
7.137
6.859
6.6
6.37
6.163
5.974
5.981
6.012
5.967
5.757
5.597
5.499
4.032
3.958
3.932
3.903
3.876
3.877
3.877
3.875
3.871
3.892
3.883
3.8
3.727
3.656
3.593
3.518
3.471
3.404
3.348
3.292
3.246
3.183
3.151
3.092
3.056
3.004
2.967
2.915
2.88
2.838
2.805
2.762
2.731
2.679
2.658
2.596
2.569
2.52
2.494
2.435
2.41
2.365
2.339
2.297
2.27
2.232
2.209
2.178
2.16
2.126
2.109
2.075
2.068
2.034
2.026
2.003
7.26252 3.62894 1.04188
