1 361
6.084
6.108
6.134
6.159
6.177
6.212
6.228
6.264
6.289
6.314
6.34
5.544
5.47
5.415
5.296
5.213
5.128
4.971
4.798
4.636
4.55
4.484
4.433
4.399
4.365
4.792
4.78
4.766
4.716
4.506
4.147
4.029
3.955
3.922
3.876
3.858
3.896
4.058
3.471
3.411
3.386
3.353
3.312
3.286
3.261
3.228
3.194
3.17
3.145
3.118
3.101
3.067
3.049
3.026
3.001
2.984
2.964
2.938
2.92
2.905
2.881
2.853
2.838
2.821
2.806
2.789
2.771
2.755
2.746
2.73
2.712
2.694
2.685
2.674
2.658
2.639
2.63
2.616
2.605
2.591
2.585
2.575
2.564
2.551
2.536
2.538
2.53
2.507
2.509
2.502
2.488
2.48
2.476
2.462
2.452
2.445
2.444
2.431
2.425
2.416
2.415
2.407
2.402
2.393
2.39
2.389
2.384
2.372
2.363
2.362
2.36
2.353
2.354
2.355
2.345
2.336
2.337
2.329
2.329
2.32
2.318
2.312
2.32
2.312
2.313
2.305
2.305
2.306
2.306
2.305
2.305
2.297
2.297
2.297
2.297
2.297
2.298
2.297
2.298
2.306
3.442
3.442
3.451
3.451
3.45
3.46
3.46
3.468
3.467
3.467
3.475
3.476
3.484
3.484
3.492
3.492
3.501
3.51
3.518
3.518
3.527
3.536
3.536
3.553
3.562
3.562
3.57
3.579
3.588
3.606
3.605
3.614
3.632
3.641
3.657
3.657
3.675
3.683
3.7
3.709
3.725
3.742
3.76
3.768
3.785
3.802
3.82
3.829
3.845
3.864
3.882
3.899
3.917
3.935
3.952
3.97
3.997
4.014
4.032
4.049
4.074
4.1
4.125
4.142
4.174
4.192
4.223
4.242
4.273
4.297
4.329
4.354
4.388
4.413
4.448
4.483
4.508
4.54
4.584
4.609
4.652
4.683
4.65
4.605
4.55
4.518
4.475
4.434
4.411
4.375
4.334
4.301
4.267
4.236
4.194
4.172
4.139
4.113
4.082
4.056
4.03
4.006
3.982
3.944
3.93
3.903
3.878
3.858
3.843
3.819
3.793
3.776
3.757
3.742
3.728
1.569
1.533
1.525
1.516
1.508
1.499
1.499
1.492
1.483
1.474
1.475
1.466
1.466
1.458
1.449
1.44
1.44
1.432
1.432
1.423
1.423
1.414
1.414
1.414
1.406
1.406
1.406
1.397
1.397
1.388
1.388
1.388
1.38
1.38
1.38
1.371
1.372
1.372
1.363
1.363
1.363
1.363
1.363
1.363
1.354
1.356
1.357
1.358
1.351
1.352
1.355
1.358
1.353
1.356
1.349
1.35
1.351
1.351
1.35
1.349
1.349
1.354
1.35
1.356
1.353
1.359
1.358
1.357
1.354
1.363
1.363
1.363
1.363
1.362
1.362
1.371
1.371
1.371
1.371
1.38
1.38
1.38
1.38
1.388
1.388
1.388
1.397
1.406
1.397
1.406
1.414
1.414
1.414
1.423
1.423
1.432
1.432
1.44
1.44
1.449
1.449
1.458
1.467
1.466
1.476
1.483
13.5331 7.37189 0.523704
