1 361
3.879
3.921
3.922
3.917
3.917
3.924
4.012
5.253
5.036
4.984
4.946
4.918
4.889
4.865
4.833
4.852
5.192
5.168
5.165
5.186
4.935
4.885
4.867
4.807
4.718
4.672
4.646
4.641
4.618
4.693
4.831
5.034
5.164
5.213
4.751
4.127
4.1
4.082
4.075
4.051
4.033
4.024
4.007
3.988
3.981
3.963
3.953
3.936
3.919
3.92
3.902
3.888
3.877
3.871
3.861
3.845
3.836
3.827
3.827
3.821
3.811
3.802
3.794
3.785
3.776
3.769
3.761
3.752
3.757
3.748
3.743
3.735
3.732
3.726
3.727
3.726
3.718
3.719
3.712
3.714
3.713
3.712
3.715
3.711
3.708
3.708
3.704
3.708
3.709
3.708
3.716
3.715
3.715
3.711
3.705
3.722
3.718
3.721
3.723
3.731
3.732
3.732
3.74
3.741
3.748
3.747
3.756
3.754
3.764
3.773
3.779
3.786
3.786
3.823
4.978
4.997
5.002
5.011
5.029
5.036
5.052
5.062
5.077
5.094
5.103
5.121
5.127
5.159
5.17
5.184
5.201
5.218
5.242
5.26
5.278
5.294
5.32
5.346
5.364
5.39
5.406
5.421
5.447
5.472
5.498
5.524
5.558
5.583
5.609
5.636
5.664
5.7
5.726
5.762
5.787
5.822
5.858
5.89
5.924
5.966
5.999
6.04
6.081
6.122
6.165
6.2
6.245
6.182
6.107
6.048
5.987
5.929
5.87
5.812
5.756
3.017
2.984
2.967
2.939
2.914
2.9
2.873
2.848
2.822
2.807
2.78
2.772
2.748
2.732
2.704
2.696
2.679
2.661
2.643
2.627
2.609
2.592
2.575
2.559
2.552
2.534
2.518
2.502
2.493
2.477
2.469
2.46
2.443
2.436
2.427
2.41
2.402
2.394
2.385
2.377
2.36
2.351
2.341
2.334
2.325
2.317
2.308
2.3
2.292
2.292
2.283
2.275
2.265
2.257
2.257
2.249
2.239
2.239
2.231
2.23
2.222
2.222
2.212
2.213
2.203
2.204
2.195
2.194
2.185
2.185
2.185
2.177
2.177
2.178
2.848
2.861
2.885
2.954
2.996
3.079
3.417
3.423
3.437
3.423
3.46
3.546
3.835
3.975
3.984
3.761
3.957
3.975
3.966
3.468
3.22
3.215
3.217
3.217
3.223
3.168
3.225
3.747
3.923
3.903
3.446
3.3
3.257
3.262
3.665
3.503
3.37
3.245
3.225
3.23
3.236
3.243
3.256
3.263
3.851
3.727
3.603
3.487
3.38
3.273
3.182
3.183
3.192
3.201
3.208
3.218
3.225
3.235
3.243
3.251
3.268
3.277
3.624
3.581
3.525
3.487
3.444
3.408
3.357
3.324
3.344
7.904
7.938
7.973
8.008
8.053
8.086
8.12
8.161
8.183
8.183
8.183
8.183
8.183
8.183
4.931
4.862
4.843
4.816
4.705
4.687
4.669
4.654
4.635
4.629
4.601
4.588
4.577
4.563
4.555
4.545
4.531
4.699
5.333
5.375
5.418
5.468
5.512
5.563
5.608
5.66
5.705
12.2949 6.08091 0.937608
