1 361
1.382
1.412
1.461
1.517
1.571
1.632
1.689
1.761
1.83
1.905
1.994
2.09
2.18
2.29
2.441
2.561
2.738
2.888
3.139
3.335
3.674
3.957
4.416
4.821
5.463
6.973
7.053
7.248
7.281
8.191
8.191
8.183
8.183
8.183
8.191
8.187
8.191
8.191
8.183
8.183
8.191
8.187
8.191
8.183
8.191
8.183
8.187
8.183
8.183
8.187
8.183
8.183
8.183
8.183
8.183
8.183
8.183
8.183
8.183
8.183
8.183
8.183
8.183
8.183
8.183
8.183
5.55
5.618
5.768
5.861
6.046
6.086
6.094
6.086
6.094
6.095
6.098
6.092
6.1
6.102
6.111
6.111
6.112
6.035
5.895
5.813
5.692
5.614
5.509
5.435
5.341
5.274
5.178
5.117
5.033
4.972
4.892
4.827
4.751
4.755
4.8
4.818
4.761
4.714
4.655
4.612
4.541
4.503
4.441
4.397
4.348
4.305
4.043
3.982
3.963
3.93
3.888
3.862
3.817
3.791
3.748
3.714
3.68
3.654
3.62
3.595
3.562
3.537
3.499
3.475
3.45
3.424
3.401
3.376
3.343
3.33
3.305
3.287
3.264
3.238
3.214
3.196
3.179
3.162
3.137
3.129
3.114
3.094
3.076
3.059
3.042
3.024
3.017
3.001
2.982
2.974
2.963
2.946
2.93
2.922
2.906
2.895
2.888
2.871
2.864
2.854
2.946
2.985
3.081
3.124
3.231
3.285
3.336
3.322
3.314
3.306
3.289
3.29
3.281
3.273
3.256
3.248
3.239
3.228
3.206
3.197
3.236
3.36
3.456
3.509
4.971
4.958
4.951
4.951
4.946
5.008
6.802
7.556
8.03
8.022
8.013
8.004
8.014
8
7.995
7.994
7.987
7.983
7.987
7.975
7.976
7.976
7.975
6.928
4.964
4.942
4.945
4.951
4.947
3.142
3.122
3.112
3.14
3.148
3.147
3.146
3.155
3.156
3.163
3.162
3.17
3.17
3.177
3.178
3.19
3.183
3.202
3.193
3.211
3.209
3.226
3.227
3.235
3.235
3.253
3.252
3.276
3.277
3.288
3.292
3.311
3.309
3.333
3.327
3.238
3.193
3.103
3.061
2.973
2.947
2.855
2.842
2.863
2.864
2.89
2.892
2.91
2.917
2.935
2.944
2.961
2.971
2.998
2.998
3.025
3.023
3.05
3.058
3.086
3.095
3.12
3.127
3.162
3.163
3.199
3.209
3.252
3.26
3.284
3.3
3.331
3.339
3.382
3.391
3.432
3.447
3.482
3.498
4.249
4.273
4.331
4.348
4.398
4.425
4.486
4.502
4.532
4.552
4.87
4.895
4.968
4.996
5.069
5.106
5.179
5.214
5.3
5.327
5.363
5.335
5.29
5.291
5.422
5.456
5.554
5.591
5.629
5.601
5.565
5.547
5.497
5.479
5.446
5.428
5.388
5.4
5.525
5.569
5.711
5.757
5.913
5.968
6.134
6.191
6.363
6.432
6.62
6.701
6.902
6.994
7.325
7.696
8.012
8.028
7.996
7.984
8.183
8.183
4.748
4.74
4.713
-2.65508 12.6104 1.16637
