1 361
2.341
2.356
2.359
2.361
2.349
2.691
2.683
2.68
2.679
2.679
2.682
2.68
2.684
2.689
2.683
2.698
2.701
2.699
2.719
2.729
2.759
2.772
2.788
2.794
2.803
2.767
2.806
2.935
2.954
2.794
2.787
2.798
2.8
2.805
2.804
3.004
3.144
3.005
2.94
2.823
2.819
2.824
2.832
2.84
2.847
2.854
2.868
3.373
3.31
3.176
3.115
2.994
2.941
2.829
2.788
2.788
2.796
2.805
2.813
2.82
2.828
2.837
2.846
2.854
2.863
2.88
2.889
3.201
3.206
3.16
3.133
3.091
3.076
3.024
2.998
2.954
2.948
7.655
7.688
7.727
7.76
7.804
7.841
7.897
7.906
8.148
8.183
8.183
8.183
8.183
4.612
4.54
4.518
4.478
4.459
4.376
4.361
4.343
4.332
4.318
4.307
4.291
4.284
4.266
4.266
4.253
4.243
4.227
4.227
4.323
5.065
5.121
5.155
5.221
5.254
5.323
5.358
5.416
5.468
5.536
5.58
5.651
5.695
5.772
3.404
3.384
3.367
3.336
3.319
3.295
3.279
3.255
3.246
3.211
3.204
3.171
3.162
3.145
3.14
3.111
3.093
3.075
3.068
3.051
3.041
3.015
3.008
2.99
2.981
2.963
2.955
2.938
2.937
2.919
2.911
2.894
2.894
2.868
2.868
2.85
2.851
2.834
2.824
2.816
2.816
2.801
2.802
2.784
2.784
2.776
2.775
2.759
2.759
2.75
2.749
2.742
2.742
2.733
2.733
2.724
2.724
2.716
2.716
2.707
2.707
2.699
2.699
2.7
2.7
2.683
2.692
2.685
2.687
2.691
2.691
2.688
2.69
2.683
2.695
2.684
2.684
2.683
2.691
2.688
2.693
2.681
2.686
2.683
2.692
2.691
2.699
2.699
2.707
2.707
2.716
2.707
2.716
2.715
2.723
2.723
2.732
2.732
2.741
2.741
2.748
2.749
2.757
2.765
2.774
2.783
2.791
2.791
2.8
2.808
2.816
2.816
2.832
2.832
2.857
2.868
2.875
2.883
2.901
2.9
2.918
2.927
2.942
2.943
2.961
2.969
2.98
2.996
3.007
3.023
3.031
3.049
3.065
3.076
3.093
3.101
3.117
3.134
3.151
3.169
3.186
3.202
3.226
3.234
3.26
3.276
3.301
3.317
3.339
3.357
3.38
3.396
3.429
3.454
3.48
3.497
3.531
3.547
3.582
3.6
3.632
3.667
3.692
3.725
3.76
3.794
3.829
3.859
3.896
3.931
3.965
4
4.042
4.076
4.126
4.167
4.202
4.247
4.298
4.34
4.393
4.444
4.489
4.546
4.598
4.657
4.717
6.385
6.351
6.308
6.283
6.24
6.214
6.17
6.147
6.11
6.079
6.046
6.021
5.988
5.963
5.938
5.914
5.882
5.864
5.83
5.812
5.112
5.117
4.788
4.597
4.579
4.573
4.555
4.537
4.523
4.505
4.488
4.48
4.461
4.454
4.446
4.436
4.42
4.411
4.393
4.395
4.376
4.37
4.361
4.353
4.347
4.336
4.328
4.32
4.311
4.306
2.22669 -0.541297 1.57195
