1 361
1.946
1.928
1.919
1.893
1.884
1.867
1.859
1.84
1.831
1.816
1.806
1.788
1.789
1.772
1.761
1.575
1.547
1.539
1.532
1.523
1.517
1.523
1.521
1.513
1.504
1.488
1.496
1.479
1.48
1.472
1.463
1.456
1.455
1.447
1.438
1.43
1.429
1.421
1.413
1.413
1.404
1.404
1.395
1.387
1.387
1.378
1.378
1.37
1.369
1.36
1.36
1.351
1.351
1.352
1.352
1.344
1.344
1.335
1.335
1.326
1.336
1.327
1.327
1.318
1.32
1.318
1.318
1.309
1.309
1.309
1.309
1.31
1.309
1.3
1.301
1.301
1.301
1.293
1.293
1.296
1.301
1.291
1.3
1.287
1.287
1.279
1.279
1.279
1.287
1.287
1.303
1.295
1.297
1.291
1.294
1.289
1.294
1.293
1.302
1.301
1.303
1.3
1.309
1.309
1.309
1.309
1.318
1.318
1.318
1.318
1.318
1.318
1.326
1.327
1.336
1.336
1.336
1.336
1.346
1.345
1.354
1.353
1.362
1.353
1.362
1.362
1.371
1.371
1.38
1.38
1.389
1.39
1.397
1.399
1.415
1.415
1.423
1.423
1.432
1.432
1.449
1.449
1.458
1.458
1.475
1.475
1.492
1.492
1.5
1.509
1.517
1.525
1.533
1.541
1.55
1.558
1.574
1.573
1.591
1.6
1.609
1.615
1.632
1.64
1.657
1.657
1.674
1.691
1.7
1.702
1.695
1.711
1.727
1.737
1.97
1.977
2.002
2.02
2.037
2.055
2.08
2.089
2.117
2.134
2.161
2.178
2.204
2.221
2.247
2.273
2.299
2.314
2.348
2.371
2.405
2.428
2.461
2.493
2.537
2.524
2.523
2.497
2.491
2.465
2.465
2.473
2.515
2.581
2.626
2.661
2.71
2.743
2.793
2.836
2.894
2.936
3
3.047
3.109
3.171
3.24
3.303
3.373
3.439
3.521
3.592
3.678
3.768
3.865
3.959
4.073
4.173
4.324
4.435
5.065
5.252
5.296
5.282
5.27
5.309
5.58
5.741
5.724
5.686
5.66
5.625
5.607
5.572
5.546
5.52
5.494
5.461
5.448
5.487
5.54
5.582
5.628
5.673
5.733
5.769
5.828
5.854
8.187
8.191
8.191
8.187
8.183
8.183
8.183
8.183
8.183
8.183
8.183
8.183
8.183
8.183
8.183
8.183
8.183
8.183
8.183
8.187
8.187
8.183
8.183
8.183
8.183
8.183
8.183
8.183
8.183
7.994
7.7
7.405
7.143
6.888
6.662
6.448
6.239
6.052
5.851
5.866
5.891
5.89
5.698
5.561
5.408
5.409
8.183
3.947
3.874
3.83
3.815
3.792
3.788
3.785
3.788
3.783
3.793
3.813
3.766
3.696
3.637
3.58
3.521
3.476
3.41
3.362
3.313
3.272
3.221
3.174
3.128
3.094
3.042
3.009
2.97
2.937
2.901
2.868
2.824
2.79
2.748
2.714
2.678
2.643
2.59
2.547
2.501
2.474
2.433
2.396
2.368
2.344
2.31
2.285
2.26
2.245
2.22
2.205
2.178
7.3809 3.83762 1.07081
