1 361
6.694
7.711
8.018
8.183
8.183
8.183
8.183
8.183
8.183
8.183
8.183
8.183
8.183
8.183
8.183
8.183
8.183
8.183
8.183
8.183
8.183
8.183
8.183
8.183
8.183
8.183
8.183
8.183
8.183
8.183
8.183
8.183
8.183
8.183
8.183
8.183
8.183
8.183
8.183
8.183
8.183
8.183
8.183
8.183
8.183
7.857
7.74
7.414
7.325
7.014
6.933
6.783
6.791
6.805
6.717
6.482
6.404
5.834
5.785
5.604
5.553
5.379
5.338
5.175
5.142
4.995
4.955
4.816
4.791
4.668
4.634
4.515
4.493
4.387
4.358
4.256
4.23
4.129
4.084
4.062
4.068
4.102
4.113
4.065
4.047
3.962
3.947
3.88
3.861
3.793
3.784
3.716
3.696
3.633
3.624
3.549
3.365
3.268
3.264
3.233
3.226
3.174
3.166
3.114
3.107
3.073
3.056
3.021
3.013
2.966
2.957
2.923
2.913
2.882
2.873
2.838
2.84
2.798
2.799
2.764
2.757
2.731
2.722
2.697
2.696
2.663
2.662
2.638
2.637
2.601
2.604
2.577
2.576
2.554
2.554
2.53
2.53
2.506
2.505
2.481
2.481
2.463
2.456
2.439
2.439
2.423
2.423
2.407
2.407
2.39
2.39
2.373
2.374
2.355
2.355
2.348
2.338
2.331
2.331
2.314
2.314
2.307
2.306
2.298
2.298
2.291
2.291
2.282
2.282
2.266
2.252
2.243
2.244
2.238
2.305
2.387
2.39
2.379
2.378
2.373
2.371
2.371
2.372
2.363
2.371
2.364
2.365
2.356
2.356
2.358
2.36
2.35
2.359
2.354
2.363
2.356
2.362
2.359
2.357
2.355
2.365
2.363
2.363
2.364
2.371
2.371
2.373
2.38
2.379
2.379
2.387
2.394
2.395
2.395
2.401
2.402
2.411
2.415
2.421
2.304
2.277
2.276
2.275
2.287
2.305
2.314
2.314
2.322
2.331
2.339
2.347
2.355
2.355
2.363
2.372
2.381
2.389
2.398
2.406
2.415
2.416
2.433
2.433
2.207
2.113
1.878
1.829
1.817
1.817
1.808
1.817
1.808
1.808
1.799
1.799
1.791
1.799
1.791
1.792
1.783
1.792
1.785
1.791
1.783
1.783
1.774
1.783
1.774
1.783
1.774
1.783
1.774
1.774
1.774
1.774
1.774
1.774
1.774
1.783
1.774
1.774
1.774
1.783
1.783
1.783
1.857
3.215
3.256
3.279
3.314
3.344
3.358
3.385
3.675
3.699
3.752
3.783
3.839
3.872
3.926
3.95
4.017
4.053
4.125
4.16
4.2
4.18
4.147
4.141
4.174
4.244
4.335
4.367
4.46
4.502
4.603
4.65
4.747
4.793
4.905
4.957
5.086
5.137
5.279
5.332
5.485
5.557
5.717
5.79
7.396
7.492
7.71
7.818
8.1
8.169
8.131
8.127
8.09
8.081
8.047
8.039
8.098
8.183
8.183
8.183
8.183
8.183
8.183
8.183
8.183
8.183
8.183
8.183
8.183
8.183
8.183
8.183
8.187
8.191
8.183
8.191
4.17924 8.93619 0.816395
