1 361
1.987
1.929
1.926
1.926
1.927
1.926
1.924
1.933
1.932
1.94
1.932
1.94
1.94
1.949
1.948
1.957
1.956
1.956
1.965
1.965
1.965
1.974
1.974
1.99
1.981
1.999
1.999
2.007
2.007
2.016
2.016
2.025
2.025
2.034
2.043
2.051
2.057
4.403
4.444
4.52
4.507
4.472
4.464
4.535
4.596
4.71
4.762
4.893
4.951
5.1
5.168
5.325
5.374
5.551
5.63
5.817
5.899
6.124
6.21
8.154
8.183
8.183
8.183
8.183
8.183
8.183
8.183
8.183
8.183
8.183
8.183
8.183
8.183
8.183
8.183
8.183
8.183
8.183
8.183
8.183
8.183
8.183
8.183
8.183
8.191
8.183
8.183
8.183
8.183
8.183
8.183
8.183
8.183
8.183
8.183
8.183
8.183
8.183
8.183
8.183
8.183
8.183
8.183
8.183
8.183
8.183
8.183
8.183
8.183
8.033
7.976
8.002
8.118
6.108
6.095
5.679
5.522
5.177
5.022
4.737
4.638
4.378
4.285
4.066
3.991
3.8
3.738
3.568
3.499
3.363
3.313
3.177
3.127
3.01
2.979
2.868
2.836
2.74
2.713
2.625
2.598
2.516
2.491
2.41
2.394
2.328
2.305
2.245
2.219
2.162
2.148
2.095
2.079
2.025
2.017
1.965
1.95
1.866
1.857
1.816
1.822
1.829
1.838
1.855
1.863
1.871
1.88
1.893
1.89
1.854
1.846
1.812
1.803
1.771
1.762
1.736
1.727
1.703
1.703
1.659
1.668
1.635
1.628
1.603
1.603
1.579
1.569
1.553
1.545
1.528
1.521
1.504
1.505
1.49
1.496
8.183
8.183
8.183
8.183
6.853
6.84
8.183
8.183
8.183
8.183
8.183
8.183
8.183
8.183
8.183
8.183
8.183
8.183
8.183
8.183
8.183
8.183
8.183
8.183
8.183
7.378
7.359
7.476
7.812
7.625
7.568
7.544
7.46
7.428
7.416
7.538
7.774
7.901
8.123
8.183
8.183
8.183
8.183
8.183
8.183
8.183
8.183
8.183
8.183
8.183
8.183
8.183
8.183
8.183
8.183
8.183
3.144
3.017
2.982
2.994
2.993
3.001
3
3.009
3.007
3.015
3.005
3.022
1.204
1.014
0.97
0.97
0.962
0.973
0.964
0.968
0.957
0.969
0.962
0.98
0.976
0.985
0.979
0.985
0.977
0.979
0.975
0.982
0.98
0.98
0.98
0.988
0.979
0.988
0.988
0.988
0.988
0.997
0.988
0.997
0.998
0.997
1
0.985
0.947
0.932
0.912
0.893
0.874
0.87
0.855
0.838
0.847
0.994
0.99
1.006
1.004
1.016
1.015
1.024
1.017
1.025
1.032
1.033
1.031
1.053
1.048
1.05
1.052
1.07
1.06
1.071
1.075
1.084
1.088
1.092
1.096
1.11
1.113
1.108
1.118
1.142
1.137
1.141
1.143
1.154
1.154
1.16
1.185
1.186
1.182
1.186
1.167
1.177
1.179
1.102
1.091
1.142
1.138
1.136
1.145
1.155
1.157
1.175
1.183
1.193
5.97124 8.04827 2.80432
