1 361
5.561
5.515
5.467
5.409
5.337
5.295
5.248
5.245
5.039
4.992
4.938
4.919
4.89
4.861
4.831
4.849
5.19
5.168
5.158
5.186
4.936
4.892
4.866
4.817
4.719
4.682
4.646
4.641
4.618
4.701
4.823
5.034
5.172
5.213
4.754
4.127
4.109
4.082
4.065
4.05
4.04
4.023
4.007
3.988
3.981
3.962
3.954
3.937
3.927
3.91
3.902
3.888
3.878
3.87
3.86
3.844
3.844
3.828
3.819
3.812
3.801
3.801
3.793
3.786
3.776
3.768
3.76
3.76
3.757
3.75
3.743
3.746
3.732
3.727
3.727
3.727
3.718
3.712
3.72
3.714
3.711
3.713
3.715
3.71
3.708
3.708
3.711
3.709
3.709
3.708
3.706
3.712
3.713
3.72
3.713
3.722
3.718
3.722
3.731
3.724
3.732
3.731
3.74
3.74
3.748
3.748
3.755
3.764
3.764
3.771
3.779
3.785
3.787
3.824
4.978
4.995
5.002
5.022
5.03
5.046
5.053
5.07
5.078
5.094
5.103
5.121
5.135
5.151
5.169
5.184
5.202
5.217
5.243
5.259
5.277
5.293
5.32
5.336
5.363
5.389
5.407
5.431
5.448
5.472
5.498
5.524
5.559
5.583
5.611
5.636
5.663
5.699
5.726
5.761
5.787
5.822
5.857
5.892
5.923
5.966
5.998
6.04
6.079
6.123
6.157
6.199
6.244
6.174
6.115
6.045
5.984
5.926
5.869
5.813
5.759
3.009
2.992
2.957
2.941
2.915
2.897
2.873
2.848
2.831
2.807
2.79
2.765
2.748
2.731
2.713
2.687
2.68
2.661
2.643
2.626
2.609
2.592
2.575
2.567
2.551
2.535
2.519
2.502
2.493
2.485
2.469
2.46
2.443
2.435
2.418
2.411
2.401
2.394
2.385
2.368
2.367
2.35
2.342
2.333
2.325
2.317
2.317
2.3
2.292
2.283
2.274
2.274
2.266
2.256
2.257
2.248
2.239
2.239
2.231
2.23
2.222
2.222
2.212
2.204
2.203
2.203
2.194
2.194
2.185
2.185
2.176
2.176
2.177
2.177
2.841
2.861
2.887
2.946
3.004
3.07
3.418
3.424
3.436
3.422
3.458
3.553
3.869
3.984
3.975
3.771
3.965
3.975
3.975
3.468
3.221
3.222
3.217
3.217
3.222
3.167
3.233
3.749
3.923
3.913
3.441
3.301
3.258
3.262
3.665
3.504
3.371
3.237
3.225
3.23
3.237
3.24
3.25
3.262
3.85
3.727
3.6
3.479
3.372
3.274
3.184
3.183
3.192
3.201
3.209
3.217
3.225
3.234
3.243
3.251
3.268
3.277
3.616
3.582
3.534
3.49
3.439
3.407
3.361
3.322
3.337
7.904
7.937
7.973
8.006
8.044
8.079
8.118
8.161
8.183
8.183
8.183
8.183
8.183
8.183
4.929
4.864
4.833
4.814
4.704
4.686
4.668
4.66
4.638
4.621
4.612
4.594
4.587
4.561
4.556
4.547
4.527
4.716
5.341
5.376
5.418
5.469
5.512
5.563
5.608
5.66
5.703
12.295 6.08102 0.938053
