1 361
2.148
2.156
2.162
2.198
2.198
2.205
2.214
2.222
2.223
2.241
2.238
2.248
2.257
2.264
2.272
2.291
2.289
2.306
2.305
2.322
2.33
2.337
2.344
2.362
2.368
2.386
2.394
2.413
2.417
2.434
2.432
2.456
2.464
2.488
2.496
2.514
2.529
2.545
2.561
2.579
2.595
2.56
2.551
2.51
2.494
2.461
2.443
2.411
2.395
2.362
2.353
2.312
2.304
2.279
2.263
2.238
2.228
2.211
2.22
2.245
2.254
2.288
2.303
2.337
2.347
2.379
2.396
2.429
2.446
2.479
2.505
2.544
2.561
2.594
2.613
2.658
2.688
2.719
2.741
2.798
2.822
2.875
2.9
2.953
2.989
3.042
3.078
3.137
3.163
4.281
4.716
4.812
4.872
4.956
5.017
5.123
5.193
5.156
5.147
5.123
5.243
5.372
5.467
5.505
5.492
5.468
5.46
5.433
5.426
5.402
5.391
5.367
5.367
5.444
5.551
5.749
5.9
6.122
6.3
6.568
6.755
7.086
7.245
8.123
8.121
8.183
8.183
8.183
8.183
8.183
8.183
8.183
8.183
8.187
8.187
8.183
8.187
4.926
4.943
4.928
4.918
4.91
4.91
4.893
4.893
4.876
4.886
4.867
4.868
4.861
4.86
4.852
4.852
4.844
4.844
4.844
4.844
4.835
4.835
4.835
4.835
4.834
4.834
4.834
4.833
4.834
4.844
4.833
4.844
4.844
4.852
4.844
4.852
4.851
4.86
4.86
4.869
4.867
4.876
4.884
4.908
4.851
4.752
4.607
4.506
4.371
4.278
4.154
4.079
3.974
3.901
3.804
3.737
3.65
3.589
3.512
3.455
3.379
3.323
3.257
3.205
3.137
3.104
3.042
3.007
2.945
2.912
2.858
2.824
2.775
2.751
2.698
2.671
2.628
2.593
2.557
2.537
2.495
2.472
2.429
2.414
2.381
2.363
2.329
2.312
2.279
2.263
2.238
2.219
2.183
2.177
2.139
2.131
2.105
2.088
2.061
2.051
2.026
2.016
1.991
1.962
1.922
1.914
1.889
1.902
1.919
1.946
1.962
1.995
2.084
2.081
2.14
3.933
3.9
3.909
3.989
4.044
4.086
4.143
4.194
4.252
4.311
4.369
4.416
8.183
8.183
8.183
8.183
8.183
8.183
8.183
8.183
8.183
8.183
8.183
8.183
8.183
6.839
6.818
6.787
6.839
6.989
7.129
7.284
7.439
7.618
7.785
7.972
8.152
8.183
8.183
8.183
8.183
8.183
8.183
8.183
8.183
8.183
8.183
8.183
8.183
8.183
8.183
8.183
8.183
8.183
8.183
8.183
8.183
8.183
8.183
8.183
8.183
8.183
8.183
8.183
8.183
5.948
5.941
5.94
5.935
5.931
5.924
5.93
5.923
5.915
5.919
5.919
5.924
5.917
5.921
5.912
5.918
5.91
5.915
5.927
5.926
5.925
5.931
5.93
5.813
5.415
5.079
4.722
4.32
4.074
3.844
3.647
2.489
2.421
2.427
2.427
2.537
2.455
2.465
2.396
2.288
2.27
2.009
1.767
1.762
-0.064044 13.4952 2.97226
