1 361
1.593
1.585
1.577
1.578
1.569
1.56
1.56
1.56
1.552
1.551
1.551
1.542
1.542
1.542
1.542
1.534
1.534
1.531
1.53
1.526
1.526
1.526
1.526
1.526
1.526
1.518
1.519
1.513
1.518
1.512
1.518
1.518
1.521
1.509
1.501
1.492
1.501
1.501
1.509
1.509
1.52
1.523
1.521
1.524
1.519
1.514
1.519
1.518
1.531
1.526
1.526
1.526
1.534
1.534
1.534
1.534
1.542
1.542
1.542
1.533
1.533
1.531
1.538
1.537
1.546
1.647
1.715
1.716
1.732
1.723
1.732
1.741
1.741
1.741
1.75
1.76
1.765
1.767
1.775
1.775
1.784
1.793
1.802
1.802
1.809
1.818
1.827
1.834
1.842
1.844
1.86
1.86
1.877
1.877
1.893
1.894
1.911
1.919
1.929
1.935
1.954
1.961
1.979
1.987
1.995
2.012
2.023
2.031
2.048
2.067
2.082
2.086
2.092
2.059
2.041
2.015
2.006
1.984
1.993
2.002
2.027
2.059
2.076
2.093
2.112
2.13
2.146
2.163
2.183
2.208
2.224
2.242
2.264
2.284
2.308
2.335
2.358
2.377
2.408
2.426
2.458
2.483
2.516
2.547
2.575
2.605
2.642
2.667
2.701
2.737
2.777
2.809
2.853
2.886
2.929
2.974
3.018
3.062
3.112
3.164
3.215
3.264
3.322
3.385
3.439
3.502
3.563
4.975
4.96
5.062
5.174
5.283
5.393
5.512
5.637
5.761
5.863
5.836
5.827
5.803
5.793
5.775
5.768
5.749
5.741
5.724
5.717
6.198
6.392
6.368
6.59
6.855
8.183
8.183
8.183
8.183
8.183
8.183
8.183
8.183
8.183
8.183
8.183
8.183
8.183
8.183
8.183
8.183
8.191
8.187
8.187
8.191
8.183
8.183
8.183
8.183
8.183
8.183
8.183
8.183
8.183
8.183
8.183
8.183
8.183
8.183
8.183
8.183
8.183
8.183
8.183
8.183
8.183
8.183
8.183
8.183
8.183
8.183
8.023
7.578
7.243
6.969
6.7
6.461
6.221
6.019
5.83
5.616
5.401
5.409
5.426
5.491
5.502
5.571
6.761
6.814
6.86
6.888
6.914
6.938
6.959
7.011
3.715
3.635
3.619
3.552
3.491
3.429
3.368
3.309
3.249
3.202
3.147
3.105
3.045
3.001
2.956
2.913
2.868
2.827
2.785
2.751
2.709
2.676
2.64
2.605
2.573
2.538
2.509
2.475
2.45
2.416
2.393
2.368
2.337
2.319
2.294
2.277
2.244
2.226
2.201
2.183
2.154
2.148
2.122
2.103
2.078
2.061
2.044
2.026
2.008
1.998
1.984
1.966
1.948
1.932
1.917
1.902
1.889
1.883
1.866
1.859
1.842
1.833
1.816
1.808
1.795
1.787
1.775
1.767
1.758
1.748
1.732
1.724
1.715
1.706
1.698
1.689
1.682
1.673
1.665
1.656
1.649
1.649
1.632
1.632
1.624
1.617
1.607
1.6
1.593
1.586
1.583
1.575
1.576
1.568
1.559
1.559
1.551
1.551
1.542
3.51782 10.9553 2.25394
