1 361
3.913
3.93
3.931
3.949
3.958
3.967
3.975
3.993
4.001
4.01
4.027
4.034
4.052
4.069
2.268
2.21
2.184
2.13
2.139
2.148
2.155
2.191
2.199
2.208
2.216
2.234
2.233
2.253
2.251
2.267
2.276
2.293
2.301
2.317
2.326
2.343
2.351
2.362
2.37
2.388
2.396
2.412
2.427
2.444
2.464
2.477
2.494
2.51
2.525
2.551
2.566
2.585
2.6
2.626
2.644
2.665
2.684
2.651
2.633
2.599
2.591
2.558
2.541
2.515
2.509
2.475
2.46
2.437
2.426
2.402
2.384
2.369
2.352
2.328
2.329
2.35
2.376
2.412
2.434
2.467
2.492
2.532
2.558
2.592
2.617
2.66
2.693
2.727
2.759
2.804
2.84
2.891
2.942
2.997
3.04
3.092
3.135
3.196
3.252
3.318
3.38
5.053
5.123
5.236
5.331
5.355
5.343
5.318
5.331
5.52
5.628
5.706
5.696
5.68
5.67
5.642
5.635
5.617
5.608
5.582
5.582
5.658
5.791
6.01
6.208
6.463
6.703
7.01
7.282
7.789
8.183
8.183
8.183
8.183
8.183
8.183
8.183
8.183
8.183
8.191
8.183
8.187
8.183
8.183
8.187
5.171
5.171
5.155
5.156
5.139
5.139
5.123
5.13
5.122
5.122
5.107
5.114
5.098
5.098
5.091
5.099
5.091
5.091
5.09
5.091
5.081
5.082
5.082
5.09
5.083
5.091
5.092
5.09
5.091
5.099
5.098
5.107
5.107
5.115
5.115
5.123
5.122
5.138
5.139
5.146
5.171
5.137
4.998
4.881
4.751
4.64
4.516
4.424
4.303
4.215
4.12
4.033
3.949
3.875
3.792
3.729
3.652
3.593
3.516
3.463
3.398
3.347
3.281
3.24
3.181
3.139
3.086
3.043
2.99
2.954
2.91
2.877
2.827
2.801
2.757
2.724
2.691
2.659
2.621
2.596
2.562
2.538
2.508
2.481
2.456
2.431
2.397
2.381
2.348
2.321
2.297
2.28
2.254
2.238
2.178
2.16
2.142
2.151
2.159
2.194
2.203
2.245
2.326
2.318
2.376
4.145
4.176
4.181
4.144
4.127
4.15
4.238
4.279
4.348
4.381
4.45
4.493
4.552
4.602
4.645
8.183
8.183
8.183
8.183
8.183
8.183
8.183
8.183
8.183
8.183
8.183
8.183
8.183
8.183
7.029
6.997
6.983
7.113
7.247
7.389
7.535
7.691
7.86
8.013
8.183
8.183
8.183
8.183
8.183
8.183
8.183
8.183
8.183
8.183
8.183
8.183
8.183
8.183
8.183
8.183
8.183
8.183
8.183
8.183
8.183
8.183
8.183
8.183
8.183
8.183
8.183
8.183
6.072
6.071
6.057
6.055
6.045
6.04
6.034
6.035
6.03
6.021
6.021
6.019
6.018
6.008
6.004
6.012
6.013
6.01
6.011
6.008
6.012
6.012
6.006
2.568
2.549
2.492
2.485
2.382
2.197
1.891
1.817
1.732
1.723
1.723
1.724
1.641
1.534
1.522
1.522
1.529
1.531
1.531
1.542
1.563
0.227415 13.4359 2.91707
