1 361
1.124
1.193
1.188
1.155
1.143
1.127
1.127
1.126
1.111
1.104
1.104
1.104
1.103
1.097
1.1
1.104
1.102
1.091
1.094
1.091
1.095
5.588
7.379
7.409
8.187
8.191
8.191
8.191
8.191
8.191
8.183
8.191
8.191
8.191
8.191
8.191
8.191
8.191
8.191
8.183
8.183
8.187
8.183
8.183
8.183
8.183
8.183
8.183
8.183
8.183
8.183
8.183
8.183
8.183
8.183
8.183
8.183
8.183
8.183
8.183
8.183
5.758
5.86
5.994
6.17
6.321
6.342
6.341
6.352
6.349
6.356
6.354
6.372
6.374
6.374
6.384
6.402
6.314
6.202
6.105
6.007
5.919
5.825
5.752
5.66
5.584
5.506
5.427
5.366
5.294
5.216
5.16
5.067
5.054
5.102
5.119
5.093
5.035
4.979
4.925
4.867
4.816
4.773
4.721
4.665
4.624
4.415
4.318
4.301
4.264
4.224
4.181
4.156
4.115
4.074
4.047
4.014
3.978
3.954
3.916
3.889
3.873
3.827
3.803
3.776
3.758
3.726
3.699
3.675
3.65
3.632
3.607
3.582
3.557
3.547
3.522
3.504
3.479
3.464
3.446
3.429
3.404
3.387
3.372
3.366
3.342
3.332
3.317
3.299
3.285
3.277
3.26
3.252
3.235
3.224
3.235
3.337
3.384
3.487
3.543
3.656
3.704
3.69
3.673
3.664
3.648
3.639
3.622
3.623
3.606
3.6
3.581
3.568
3.549
3.636
3.787
3.839
5.303
5.331
5.319
5.312
5.302
5.296
5.636
7.116
7.699
8.163
8.183
8.183
8.183
8.183
8.183
8.183
8.183
8.183
8.183
8.183
8.183
8.183
8.183
5.418
5.273
5.274
3.538
3.445
3.445
3.466
3.462
3.473
3.471
3.478
3.472
3.484
3.482
3.488
3.486
3.495
3.487
3.503
3.492
3.512
3.51
3.52
3.519
3.528
3.528
3.546
3.546
3.553
3.553
3.575
3.57
3.589
3.588
3.609
3.582
3.446
3.382
3.267
3.211
3.109
3.099
3.12
3.122
3.141
3.146
3.158
3.164
3.183
3.183
3.21
3.208
3.234
3.243
3.259
3.267
3.284
3.292
3.317
3.322
3.343
3.357
3.381
3.386
3.418
3.426
3.453
3.469
3.503
3.501
3.537
3.553
3.58
3.59
3.622
3.63
3.673
3.688
4.385
4.401
4.444
4.471
4.514
4.528
4.582
4.597
4.649
4.671
4.703
4.842
5.006
5.03
5.096
5.121
5.188
5.214
5.284
5.318
5.386
5.415
5.476
5.431
5.386
5.376
5.484
5.527
5.608
5.644
5.715
5.694
5.64
5.615
5.578
5.553
5.502
5.477
5.434
5.447
5.55
5.599
5.702
5.752
5.874
5.93
6.054
6.121
6.253
6.325
6.474
6.544
6.697
6.783
6.959
7.042
7.526
7.653
7.875
8.006
4.735
4.724
4.69
4.684
4.648
4.64
4.606
4.598
4.564
4.564
4.529
4.524
4.499
4.489
4.464
4.455
4.438
4.43
4.403
4.395
4.379
4.371
4.346
-2.80003 12.2363 1.25271
