1 361
0.972
0.979
0.98
0.98
0.979
0.979
0.979
0.987
0.986
0.987
0.986
0.995
0.994
1.003
1.003
1.003
1.002
1.002
1.01
1.019
1.01
1.018
1.027
1.027
1.033
1.034
1.033
1.042
1.041
1.049
1.049
1.058
1.06
1.069
1.067
1.076
1.085
1.086
1.093
1.101
1.101
1.11
1.118
1.126
1.125
1.135
1.143
1.152
1.152
1.161
1.161
1.178
1.178
1.186
1.194
1.203
1.213
1.221
1.22
1.238
1.238
1.258
1.265
1.274
1.282
1.288
1.3
1.316
1.323
1.331
1.339
1.358
1.364
1.371
1.389
1.403
1.414
1.429
1.447
1.455
1.471
1.497
1.505
1.522
1.538
1.564
1.579
1.604
1.62
1.636
1.653
1.686
1.704
1.729
1.746
1.782
1.799
1.832
1.849
1.884
1.908
1.941
1.975
2.018
2.045
2.08
2.116
2.16
2.186
2.238
2.273
2.322
2.372
2.423
2.463
2.53
2.578
2.646
2.698
2.774
2.832
2.909
2.977
3.099
3.173
3.279
3.361
3.47
3.559
3.691
3.808
3.96
4.083
4.264
4.414
4.626
4.803
5.018
5.225
5.492
5.737
7.277
7.285
7.259
7.259
7.242
7.241
7.225
7.225
7.218
7.225
7.209
7.199
7.2
6.913
7.179
7.191
7.178
6.186
6.166
6.175
6.175
6.174
6.174
6.182
6.173
6.19
6.191
6.198
6.198
6.208
6.208
6.216
6.216
6.236
6.234
6.251
6.251
6.269
6.268
6.283
6.294
6.309
6.309
6.335
6.343
6.36
6.368
6.385
6.394
6.427
7.469
7.496
7.514
7.54
7.557
7.584
7.592
7.618
7.644
7.669
7.696
7.72
7.744
7.769
7.796
7.836
7.852
7.894
7.919
7.954
7.979
8.023
8.049
8.09
8.124
8.155
8.183
8.183
8.183
8.183
8.183
8.183
8.183
8.183
8.183
8.183
8.183
8.183
8.183
8.183
8.183
8.183
8.183
8.183
8.183
8.183
8.183
8.183
8.183
8.183
8.183
8.183
8.183
8.183
8.183
8.183
8.183
8.183
8.183
8.183
8.183
8.183
8.183
8.183
8.133
8.002
7.971
8.07
8.114
8.183
7.929
7.808
7.732
7.68
6.863
6.794
6.744
6.701
6.66
6.618
6.572
6.54
6.503
6.468
6.426
6.393
6.363
6.327
6.297
6.27
6.238
6.211
6.191
6.148
6.125
6.097
6.072
6.052
6.031
6.008
5.978
5.958
5.936
5.913
5.891
5.874
5.849
5.829
5.808
5.802
5.777
5.76
5.742
5.726
5.707
5.69
5.672
5.666
5.645
5.792
5.959
6.767
6.749
6.757
6.741
6.733
6.716
6.707
6.698
6.69
6.681
6.673
6.655
6.655
6.646
6.637
6.628
6.629
6.619
2.147
2.465
3.287
6.606
6.601
6.592
6.592
6.593
6.592
6.593
6.601
6.593
6.593
6.592
6.601
6.603
6.602
6.602
6.611
6.62
6.628
6.628
6.637
6.637
3.41
3.332
3.246
2.83
2.283
2.25
2.21
11.0978 9.84329 4.80457
