1 361
5.566
5.527
5.477
5.58
5.533
5.475
5.43
5.329
5.288
5.247
5.267
5.056
4.981
4.953
4.938
4.924
4.882
4.859
4.91
5.174
5.165
5.156
5.214
4.966
4.919
4.935
4.892
4.852
4.834
4.797
4.781
4.75
4.756
4.902
5.033
5.123
5.185
4.751
4.134
4.1
4.082
4.073
4.057
4.039
4.022
4.004
3.998
3.98
3.971
3.953
3.935
3.927
3.918
3.903
3.894
3.887
3.879
3.86
3.852
3.844
3.834
3.827
3.819
3.811
3.81
3.801
3.793
3.783
3.776
3.767
3.767
3.762
3.757
3.75
3.744
3.741
3.743
3.735
3.734
3.734
3.736
3.727
3.728
3.729
3.728
3.721
3.727
3.725
3.722
3.715
3.706
3.72
3.725
3.721
3.727
3.727
3.726
3.726
3.727
3.733
3.737
3.749
3.748
3.747
3.755
3.756
3.763
3.771
3.771
3.77
3.778
3.779
3.787
3.797
3.802
3.812
3.867
5.011
5.019
5.027
5.037
5.053
5.069
5.085
5.094
5.1
5.119
5.134
5.149
5.166
5.183
5.2
5.216
5.242
5.25
5.275
5.293
5.319
5.336
5.353
5.377
5.396
5.42
5.446
5.463
5.49
5.514
5.541
5.566
5.6
5.618
5.653
5.68
5.716
5.743
5.778
5.804
5.838
5.871
5.907
5.939
5.98
6.012
6.054
6.096
6.137
6.171
6.226
6.26
6.222
6.172
6.093
6.043
5.969
5.928
5.861
5.8
3.037
3.038
2.999
2.981
2.956
2.941
2.914
2.888
2.864
2.846
2.822
2.805
2.781
2.771
2.747
2.729
2.713
2.695
2.677
2.661
2.643
2.634
2.607
2.6
2.582
2.574
2.559
2.542
2.526
2.517
2.5
2.492
2.484
2.467
2.459
2.45
2.433
2.425
2.408
2.408
2.392
2.393
2.375
2.367
2.358
2.35
2.341
2.333
2.324
2.315
2.315
2.307
2.299
2.29
2.282
2.282
2.273
2.264
2.255
2.255
2.247
2.247
2.247
2.238
2.238
2.229
2.22
2.22
2.22
2.22
2.211
2.211
2.202
2.298
2.862
2.811
2.874
2.914
2.956
3.07
3.423
3.419
3.438
3.397
3.437
3.45
3.983
3.982
3.974
3.827
3.932
3.917
3.893
3.278
3.24
3.254
3.242
3.253
3.23
3.245
3.345
3.872
3.504
3.348
3.29
3.262
3.252
3.386
3.576
3.441
3.275
3.256
3.255
3.269
3.267
3.274
3.289
3.365
3.796
3.674
3.537
3.435
3.313
3.214
3.199
3.208
3.215
3.224
3.233
3.251
3.25
3.267
3.275
3.292
3.3
3.649
3.604
3.564
3.515
3.47
3.428
3.388
3.344
3.355
7.906
7.939
7.974
7.997
8.04
8.075
8.109
8.153
8.183
8.183
8.183
8.183
8.183
8.183
4.971
4.905
4.85
4.819
4.718
4.703
4.686
4.679
4.651
4.644
4.617
4.609
4.595
4.587
4.57
4.553
4.539
4.572
5.332
5.374
5.417
5.46
5.511
5.553
5.607
5.651
12.2853 6.06772 0.942059
