1 361
5.562
5.513
5.474
5.414
5.34
5.283
5.246
5.251
5.035
4.988
4.942
4.908
4.895
4.868
4.837
4.859
5.187
5.174
5.16
5.195
4.935
4.891
4.874
4.815
4.763
4.691
4.672
4.675
4.651
4.709
4.835
5.032
5.135
5.219
4.748
4.125
4.099
4.09
4.072
4.056
4.039
4.021
4.004
3.988
3.978
3.961
3.952
3.935
3.925
3.908
3.9
3.895
3.876
3.867
3.86
3.851
3.843
3.833
3.825
3.81
3.8
3.8
3.791
3.784
3.775
3.766
3.766
3.758
3.755
3.748
3.74
3.735
3.732
3.723
3.724
3.724
3.718
3.717
3.709
3.719
3.71
3.711
3.711
3.709
3.706
3.707
3.701
3.706
3.705
3.707
3.703
3.704
3.709
3.71
3.714
3.712
3.716
3.719
3.722
3.721
3.729
3.73
3.739
3.738
3.745
3.745
3.754
3.761
3.762
3.771
3.779
3.784
3.784
3.825
4.977
4.993
5.002
5.019
5.029
5.036
5.052
5.069
5.075
5.092
5.11
5.117
5.133
5.149
5.166
5.182
5.198
5.216
5.242
5.258
5.275
5.3
5.318
5.336
5.36
5.379
5.405
5.421
5.446
5.471
5.496
5.522
5.556
5.582
5.608
5.635
5.662
5.698
5.725
5.76
5.785
5.819
5.855
5.889
5.921
5.964
5.997
6.037
6.079
6.119
6.155
6.207
6.241
6.176
6.107
6.05
5.984
5.917
5.867
5.808
5.765
3.007
2.992
2.956
2.94
2.913
2.897
2.87
2.846
2.82
2.803
2.779
2.762
2.746
2.729
2.712
2.685
2.676
2.651
2.633
2.616
2.607
2.591
2.574
2.566
2.55
2.533
2.525
2.5
2.492
2.484
2.467
2.45
2.442
2.433
2.425
2.408
2.4
2.392
2.375
2.366
2.357
2.349
2.34
2.333
2.324
2.315
2.307
2.299
2.299
2.29
2.282
2.273
2.264
2.255
2.255
2.247
2.238
2.238
2.229
2.22
2.22
2.22
2.211
2.211
2.202
2.202
2.202
2.193
2.192
2.184
2.184
2.175
2.175
2.178
2.84
2.861
2.885
2.964
2.986
3.114
3.417
3.419
3.436
3.42
3.463
3.553
3.894
3.983
3.973
3.759
3.956
3.965
3.964
3.448
3.22
3.212
3.214
3.208
3.223
3.165
3.226
3.738
3.921
3.91
3.431
3.299
3.258
3.259
3.663
3.494
3.371
3.236
3.223
3.229
3.234
3.242
3.257
3.268
3.849
3.725
3.599
3.477
3.37
3.264
3.183
3.181
3.189
3.198
3.207
3.207
3.224
3.233
3.24
3.25
3.267
3.275
3.621
3.579
3.532
3.479
3.444
3.396
3.355
3.327
3.334
7.898
7.944
7.973
8.003
8.038
8.076
8.115
8.158
8.183
8.183
8.183
8.183
8.183
8.183
4.926
4.859
4.84
4.806
4.709
4.682
4.669
4.65
4.633
4.63
4.61
4.585
4.577
4.569
4.55
4.538
4.528
4.739
5.339
5.375
5.417
5.467
5.51
5.562
5.606
5.658
5.704
12.295 6.08113 0.937608
