1 361
2.234
2.242
2.242
2.26
2.259
2.267
2.267
2.284
2.283
2.3
2.3
2.314
2.316
2.333
2.332
2.348
2.355
2.372
2.372
2.389
2.396
2.411
2.421
2.436
2.435
2.46
2.466
2.483
2.491
2.517
2.521
2.539
2.555
2.574
2.582
2.543
2.525
2.476
2.468
2.427
2.41
2.376
2.359
2.326
2.318
2.276
2.268
2.235
2.226
2.19
2.189
2.192
2.202
2.228
2.245
2.272
2.289
2.313
2.328
2.364
2.373
2.397
2.414
2.447
2.463
2.504
2.52
2.561
2.579
2.611
2.632
2.671
2.698
2.739
2.763
2.808
2.831
2.884
2.917
2.965
2.998
3.05
3.085
3.14
4.189
4.356
4.68
4.766
4.827
4.904
4.968
5.084
5.128
5.098
5.081
5.066
5.162
5.306
5.38
5.448
5.442
5.409
5.4
5.374
5.367
5.34
5.331
5.315
5.297
5.34
5.453
5.628
5.757
5.969
6.118
6.378
6.542
6.832
7.067
8.051
8.059
8.043
8.183
8.183
8.183
8.183
8.183
8.183
8.183
8.183
8.187
8.187
8.183
8.191
4.862
4.858
4.85
4.841
4.831
4.822
4.815
4.806
4.806
4.789
4.789
4.779
4.78
4.771
4.771
4.763
4.763
4.762
4.763
4.754
4.755
4.744
4.755
4.745
4.745
4.745
4.744
4.744
4.745
4.744
4.753
4.754
4.754
4.755
4.763
4.762
4.762
4.762
4.77
4.778
4.788
4.789
4.798
4.813
4.817
4.663
4.573
4.43
4.342
4.2
4.121
4.003
3.929
3.821
3.764
3.658
3.606
3.513
3.468
3.376
3.329
3.256
3.214
3.137
3.102
3.042
2.999
2.936
2.9
2.839
2.809
2.757
2.732
2.68
2.656
2.61
2.584
2.543
2.511
2.475
2.445
2.405
2.389
2.354
2.337
2.301
2.288
2.253
2.236
2.21
2.193
2.157
2.149
2.112
2.105
2.078
2.06
2.043
2.025
2
1.99
1.956
1.946
1.929
1.922
1.887
1.854
1.828
1.82
1.807
1.825
1.841
1.866
1.883
1.934
1.999
2.009
2.096
3.822
3.828
3.918
3.965
4.018
4.07
4.128
4.184
4.235
4.302
4.346
8.183
8.183
8.183
8.183
8.183
8.183
8.183
8.183
8.183
8.183
8.183
8.183
8.183
6.766
6.735
6.723
6.842
6.976
7.13
7.276
7.451
7.624
7.818
7.985
8.183
8.183
8.183
8.183
8.183
8.183
8.183
8.183
8.183
8.183
8.183
8.183
8.183
8.183
8.183
8.183
8.183
8.183
8.183
8.183
8.183
8.183
8.183
8.183
8.183
8.183
8.183
8.183
8.183
5.906
5.9
5.891
5.884
5.88
5.886
5.878
5.881
5.882
5.883
5.885
5.881
5.882
5.875
5.882
5.873
5.889
5.887
5.895
5.897
5.898
5.895
5.913
5.824
5.517
5.173
4.917
4.507
4.271
4.053
3.858
3.684
3.518
2.569
2.475
2.394
2.405
2.406
2.538
2.501
2.454
2.417
2.323
2.267
2.203
-0.1685 13.5117 2.99718
