1 361
0.791
0.81
0.809
0.816
0.817
0.825
0.824
0.825
0.832
0.841
0.842
0.849
0.856
0.857
0.865
0.874
0.872
0.881
0.881
0.889
0.896
0.905
0.904
0.914
0.921
0.937
0.941
0.945
0.952
0.967
0.969
0.983
1.052
1.059
1.068
1.08
1.072
1.066
1.064
1.082
1.082
1.091
1.098
1.109
1.116
1.124
1.133
1.141
1.15
1.156
5.498
5.441
5.407
5.323
5.293
5.343
5.392
5.357
5.311
5.264
5.225
5.18
5.142
5.093
5.06
5.027
4.993
4.953
4.927
4.817
4.674
4.656
4.637
4.602
4.578
4.544
4.519
4.484
4.47
4.434
4.416
4.391
4.373
4.341
4.324
4.298
4.283
4.251
4.235
4.209
4.193
4.176
4.159
4.143
4.125
4.109
4.093
4.077
4.067
4.041
4.032
4.016
4.008
3.988
3.973
3.963
3.954
3.935
3.929
3.919
3.911
3.893
3.893
3.877
3.867
3.867
3.849
3.84
3.819
3.809
3.803
3.955
3.953
3.944
3.934
3.925
3.916
3.917
3.909
3.911
3.9
3.899
3.9
3.89
3.891
3.884
3.884
3.884
3.876
3.877
3.87
3.877
3.874
3.877
3.875
3.872
3.873
3.866
3.711
3.718
3.729
3.746
3.745
3.743
3.75
3.753
3.756
3.764
3.766
3.765
3.773
3.772
3.779
3.779
3.787
3.787
3.797
3.807
3.805
3.825
3.824
3.832
3.832
3.85
3.858
3.867
3.868
3.877
3.894
3.906
3.913
3.921
3.937
3.946
3.956
3.974
3.982
3.998
4.007
4.016
4.034
4.051
4.059
4.084
4.091
4.111
4.126
4.142
4.159
4.176
4.193
4.217
4.235
4.258
4.277
4.282
4.301
4.498
4.522
4.545
4.571
4.605
4.631
4.655
4.674
4.715
4.734
4.768
4.79
0.985
0.969
0.961
0.952
0.944
0.934
0.92
0.921
0.902
0.893
0.885
0.885
0.873
0.872
0.882
0.88
0.87
0.87
0.858
0.859
0.865
0.865
0.855
0.86
0.814
0.816
0.772
0.771
0.773
0.777
0.768
0.774
0.767
0.767
0.767
0.769
0.771
0.766
0.771
0.762
0.76
0.763
0.769
0.764
0.769
0.769
0.771
0.773
0.763
0.766
0.764
0.77
0.767
0.772
0.766
0.77
0.767
0.767
0.767
0.774
0.773
0.773
0.773
0.772
0.774
0.78
0.78
0.781
0.78
0.779
0.779
0.78
0.788
0.786
0.788
0.795
0.796
0.797
0.795
0.803
0.805
0.811
0.812
0.812
0.821
0.821
0.819
0.828
0.83
0.83
0.838
0.837
0.846
0.845
0.845
0.853
0.862
0.863
0.863
0.871
0.871
0.871
0.881
0.88
0.888
0.889
0.893
2.525
2.485
2.191
2.17
2.151
2.134
2.134
2.126
2.14
2.177
2.18
2.512
2.828
2.852
2.859
2.89
2.843
2.55
2.555
2.531
2.521
2.524
2.519
2.396
2.277
2.139
2.05
1.96
1.9
1.835
1.83
1.816
1.815
1.821
1.817
4.57306 2.51608 0.421916
