1 361
7.051
6.058
5.981
5.741
5.693
5.473
5.415
5.221
5.183
4.992
4.954
4.784
4.757
4.607
4.568
4.433
4.407
4.254
4.272
4.304
4.305
4.313
4.268
4.145
4.121
4.012
3.985
3.889
3.874
3.792
3.768
3.411
3.401
3.354
3.346
3.274
3.265
3.197
3.181
3.122
3.112
3.052
3.043
2.984
2.974
2.92
2.912
2.868
2.86
2.811
2.795
2.753
2.754
2.711
2.702
2.658
2.66
2.615
2.607
2.575
2.566
2.534
2.527
2.495
2.495
2.461
2.453
2.423
2.415
2.389
2.39
2.363
2.357
2.332
2.325
2.303
2.303
2.274
2.275
2.249
2.25
2.224
2.223
2.206
2.207
2.18
2.18
2.163
2.163
2.146
2.146
2.102
2.103
2.084
2.084
2.09
2.105
2.182
2.186
2.204
2.202
2.184
2.184
2.175
2.175
2.158
2.159
2.141
2.15
2.133
2.133
2.125
2.126
2.115
2.115
2.098
2.106
2.09
2.098
2.089
2.088
2.081
2.082
2.071
2.072
2.063
2.063
2.061
2.062
2.055
2.054
2.045
2.055
2.045
2.047
2.047
2.048
2.04
2.042
2.043
2.043
2.048
2.04
2.037
2.042
2.044
2.043
1.879
1.878
1.875
1.886
1.885
1.896
1.896
1.905
1.903
1.911
1.911
1.911
1.911
1.92
1.92
1.919
1.919
1.929
1.928
1.937
1.936
1.946
1.945
1.946
1.954
1.954
1.962
1.963
1.962
1.971
1.979
1.979
1.988
1.988
1.997
2.005
2.014
2.022
2.024
2.031
2.031
2.04
2.048
2.057
2.057
2.076
2.083
2.084
2.093
2.103
2.111
2.12
2.129
2.138
2.148
2.156
2.165
2.183
2.193
2.2
2.217
2.226
2.235
2.244
2.26
2.27
2.286
2.296
2.309
2.317
2.343
2.352
2.367
2.385
2.401
2.411
2.433
2.443
2.466
2.483
2.507
2.515
2.541
2.555
2.58
2.595
2.63
2.638
2.673
2.69
2.713
2.739
2.771
2.789
2.793
2.817
3.073
3.099
3.151
3.168
3.218
3.241
3.281
3.306
3.358
3.386
3.434
3.458
3.525
3.546
3.628
3.65
3.613
3.615
3.582
3.582
3.639
3.701
3.77
3.808
3.884
3.925
4.007
4.053
4.148
4.189
4.293
4.34
4.453
4.498
4.621
4.678
4.816
4.869
5.027
5.085
5.265
5.341
5.579
6.01
6.245
6.35
6.349
6.341
6.476
6.578
6.796
6.789
6.716
6.709
6.641
6.62
6.56
6.551
6.49
6.481
6.514
6.541
6.612
6.638
6.707
6.733
6.807
6.836
8.183
8.183
8.191
8.183
8.187
8.183
8.183
8.183
8.187
8.187
8.183
8.183
8.183
8.183
8.183
8.183
8.183
8.183
8.183
8.183
8.183
8.183
8.183
8.183
8.183
8.183
8.187
8.187
8.183
8.183
7.763
7.502
6.868
6.64
4.672
4.614
4.535
4.525
4.483
4.485
4.481
4.472
4.477
4.398
4.18
4.119
3.923
3.854
3.687
3.628
6.67595 2.89724 0.564335
