1 361
1.108
1.117
1.117
1.125
1.125
1.134
1.134
1.142
1.142
1.159
1.158
1.167
1.166
1.182
1.173
1.192
1.19
1.209
1.207
1.225
1.215
1.233
1.233
1.251
1.251
1.269
1.269
1.294
1.286
1.313
1.312
1.33
1.33
1.348
1.348
1.374
1.373
1.4
1.391
1.417
1.417
1.442
1.442
1.477
1.476
1.501
1.501
1.526
1.535
1.56
1.56
1.592
1.601
1.634
1.634
1.675
1.668
1.71
1.719
1.753
1.762
1.805
1.805
1.856
1.864
1.907
1.907
1.967
1.965
2.016
2.027
2.087
2.096
2.146
2.165
2.226
2.242
2.309
2.32
2.395
2.411
2.492
2.5
2.59
2.607
2.701
2.729
2.827
2.852
2.967
2.992
3.125
3.152
3.294
3.326
3.483
3.478
3.468
3.468
3.451
3.442
3.434
3.426
3.417
3.418
3.401
3.402
3.394
3.394
3.385
3.385
3.377
3.377
3.36
3.368
3.36
3.361
3.344
3.344
3.343
3.343
3.344
3.344
3.344
3.344
3.344
3.335
3.336
3.335
1.051
1.044
1.052
1.06
1.052
1.052
1.411
1.44
3.357
1.117
1.011
1.015
3.369
3.368
3.377
3.377
3.377
3.386
3.386
3.394
3.402
3.41
3.418
3.418
3.427
3.435
3.442
3.452
3.46
3.469
3.476
3.485
3.493
3.502
3.511
3.52
3.528
3.537
3.555
3.564
3.58
3.59
3.608
3.616
3.633
3.641
3.658
3.667
3.684
3.693
3.719
3.726
3.752
3.761
3.787
3.794
3.821
3.83
3.857
3.865
3.07
2.999
3.111
3.934
3.981
3.99
3.932
3.942
3.979
3.987
4.021
4.04
4.042
4.078
4.106
4.113
4.137
4.143
4.17
4.194
4.253
4.268
4.319
4.335
4.391
4.451
4.506
4.521
4.481
4.469
4.411
4.405
4.342
4.327
4.273
4.417
4.687
4.679
4.698
4.714
4.784
4.811
4.858
4.85
4.94
4.972
5.019
5.003
1.881
1.887
1.868
1.873
6.019
5.312
6.2
6.253
6.378
3.755
6.56
6.608
3.744
3.675
6.971
7.03
6.575
6.567
6.535
5.928
5.855
5.863
5.783
5.778
5.736
5.737
5.609
5.603
5.654
5.658
5.189
5.18
5.141
5.098
5.168
5.106
5.045
5.043
5.455
5.446
5.354
5.351
4.655
4.556
4.48
4.486
4.688
5.333
4.837
4.809
4.794
4.785
4.765
4.767
4.747
4.745
4.741
4.744
4.935
5.185
7.886
7.888
7.871
7.868
7.852
7.853
7.853
7.852
7.845
7.846
7.836
7.844
7.837
7.844
7.528
7.52
7.497
7.51
7.51
7.752
7.775
7.759
7.552
7.554
7.542
7.542
7.814
7.823
7.702
7.695
7.653
7.644
7.649
7.552
7.999
8.009
8.033
8.042
6.023
5.968
8.068
5.602
5.435
5.415
6.778
4.326
4.286
4.58
4.827
4.895
5.349
5.405
5.168
5.069
4.97
5.039
5.046
4.759
4.604
4.506
4.35
4.271
3.766
3.675
2.55909 9.02165 2.60404
