1 361
5.562
5.514
5.467
5.41
5.336
5.295
5.247
5.242
5.034
4.992
4.939
4.918
4.89
4.861
4.833
4.852
5.199
5.167
5.165
5.185
4.936
4.883
4.865
4.826
4.745
4.671
4.664
4.659
4.651
4.701
4.83
5.032
5.155
5.214
4.752
4.117
4.109
4.084
4.075
4.05
4.032
4.022
4.006
3.989
3.98
3.963
3.944
3.935
3.927
3.909
3.902
3.886
3.878
3.87
3.861
3.844
3.835
3.828
3.819
3.811
3.802
3.801
3.793
3.785
3.776
3.767
3.759
3.75
3.756
3.749
3.743
3.737
3.733
3.724
3.724
3.719
3.719
3.718
3.71
3.713
3.713
3.714
3.713
3.708
3.706
3.707
3.701
3.707
3.708
3.707
3.705
3.714
3.713
3.718
3.713
3.721
3.718
3.722
3.731
3.731
3.731
3.73
3.731
3.74
3.748
3.747
3.754
3.763
3.763
3.773
3.778
3.786
3.787
3.825
4.977
4.996
5.004
5.012
5.03
5.037
5.053
5.07
5.079
5.094
5.102
5.119
5.135
5.152
5.168
5.184
5.201
5.218
5.242
5.259
5.277
5.293
5.32
5.337
5.362
5.387
5.405
5.42
5.446
5.473
5.507
5.524
5.558
5.583
5.609
5.645
5.663
5.699
5.716
5.76
5.788
5.822
5.856
5.89
5.924
5.965
5.997
6.04
6.081
6.122
6.155
6.199
6.245
6.177
6.106
6.04
5.984
5.929
5.87
5.809
5.759
3.008
2.993
2.966
2.94
2.914
2.89
2.873
2.848
2.822
2.805
2.78
2.763
2.747
2.731
2.712
2.686
2.679
2.652
2.643
2.627
2.609
2.592
2.574
2.559
2.551
2.534
2.526
2.502
2.493
2.477
2.469
2.452
2.443
2.427
2.427
2.41
2.402
2.393
2.384
2.376
2.367
2.35
2.342
2.333
2.325
2.317
2.308
2.3
2.292
2.292
2.283
2.274
2.265
2.256
2.256
2.248
2.239
2.239
2.23
2.221
2.221
2.212
2.212
2.212
2.203
2.194
2.194
2.194
2.185
2.185
2.185
2.176
2.177
2.176
2.841
2.86
2.885
2.965
2.997
3.071
3.427
3.429
3.436
3.423
3.477
3.552
3.8
3.984
3.983
3.761
3.956
3.974
3.966
3.46
3.23
3.214
3.216
3.217
3.222
3.159
3.223
3.747
3.932
3.912
3.442
3.302
3.259
3.26
3.662
3.498
3.37
3.236
3.225
3.23
3.243
3.251
3.258
3.263
3.849
3.727
3.601
3.487
3.371
3.264
3.183
3.183
3.191
3.2
3.209
3.208
3.225
3.234
3.243
3.251
3.26
3.276
3.623
3.581
3.535
3.49
3.447
3.406
3.358
3.33
3.337
7.902
7.937
7.973
8.008
8.042
8.086
8.118
8.158
8.183
8.183
8.183
8.183
8.183
8.183
4.927
4.864
4.842
4.803
4.704
4.685
4.667
4.654
4.635
4.63
4.604
4.595
4.579
4.569
4.55
4.544
4.529
4.715
5.341
5.383
5.419
5.46
5.511
5.563
5.606
5.659
5.705
12.295 6.08102 0.938053
