1 361
2.326
2.259
2.258
2.199
2.199
2.145
2.146
2.092
2.092
2.048
2.047
2.004
2.003
1.951
1.951
1.909
1.908
1.873
1.872
1.833
1.832
1.796
1.797
1.763
1.762
1.735
1.729
1.703
1.702
1.676
1.67
1.645
1.645
1.613
1.613
1.596
1.597
1.573
1.572
1.546
1.548
1.524
1.522
1.507
1.508
1.49
1.491
1.474
1.475
1.459
1.449
1.443
1.442
1.418
1.425
1.408
1.408
1.392
1.392
1.375
1.383
1.366
1.366
1.358
1.357
1.349
1.34
1.332
1.331
1.322
1.323
1.314
1.313
1.306
1.306
1.295
1.296
1.287
1.286
1.279
1.279
1.27
1.27
1.27
1.262
1.263
1.254
1.252
1.252
1.244
1.243
1.244
1.244
1.236
1.236
1.226
1.236
1.226
1.226
1.226
1.226
1.218
1.218
1.219
1.211
1.218
1.209
1.22
1.21
1.202
1.202
1.208
1.208
1.209
1.2
1.209
1.21
1.205
1.205
1.203
1.21
1.204
1.202
1.205
1.209
1.207
1.206
1.211
1.212
1.21
1.21
1.21
1.21
1.219
1.219
1.219
1.219
1.227
1.227
1.227
1.227
1.227
1.228
1.237
1.237
1.237
1.237
1.245
1.246
1.245
1.255
1.254
1.255
1.265
1.264
1.272
1.273
1.281
1.282
1.284
1.283
1.299
1.299
1.309
1.308
1.308
1.316
1.325
1.325
1.335
1.334
1.343
1.343
1.353
1.353
1.363
1.37
1.378
1.378
1.396
1.396
1.413
1.412
1.422
1.421
1.438
1.439
1.455
1.455
1.473
1.473
1.498
1.498
1.514
1.514
1.531
1.539
1.343
1.347
1.37
1.368
1.388
1.387
1.418
1.42
1.431
1.435
1.665
1.615
1.708
1.698
1.733
1.729
1.767
1.763
1.798
1.804
1.83
1.839
1.871
1.871
1.912
1.92
1.964
1.965
2.005
2.003
2.042
2.063
2.093
2.1
1.986
1.996
1.99
1.991
2.071
2.07
2.198
2.206
2.266
2.273
5.609
5.611
5.556
5.564
5.505
5.512
5.462
5.462
5.411
5.418
5.378
5.377
5.335
5.344
5.3
5.308
5.264
5.274
5.231
5.239
5.207
5.207
5.173
5.18
5.149
5.157
5.124
5.125
5.44
5.479
5.611
5.621
5.594
5.596
5.576
5.577
5.541
5.541
5.747
5.783
7.292
7.289
8.183
8.183
8.183
8.183
8.183
8.183
8.183
8.183
8.183
8.183
8.183
8.183
8.183
8.183
5.471
5.455
5.47
5.476
5.473
5.478
5.469
5.477
5.476
5.484
5.486
5.492
5.5
5.509
5.509
5.518
5.526
5.535
5.543
5.543
5.562
5.571
5.263
5.232
5.05
5.06
5.065
5.076
5.088
5.096
5.113
5.11
5.128
5.146
5.157
5.166
5.185
5.193
5.23
5.244
2.031
2.023
1.995
2.007
1.967
1.967
1.912
1.906
1.877
1.877
1.877
1.885
1.884
1.888
1.885
1.894
2.064
2.072
2.08
2.088
2.1
2.109
2.126
2.126
-3.53171 10.361 0.482758
