1 361
1.002
0.968
0.96
0.936
0.927
0.902
0.893
0.866
0.866
0.84
0.835
0.836
0.836
0.845
0.844
0.853
0.852
0.852
0.859
0.661
0.663
0.595
0.601
0.605
0.611
0.61
0.611
0.603
0.604
0.595
0.597
0.613
0.612
0.601
0.603
0.614
0.614
0.622
0.631
0.639
0.647
0.665
0.663
0.672
0.672
0.687
0.695
0.71
0.708
0.734
0.738
0.751
0.76
0.774
0.772
0.795
0.795
0.823
0.817
0.845
0.853
0.872
0.882
0.903
0.911
0.936
0.951
0.974
0.99
1.023
1.035
1.073
1.086
1.123
1.137
1.181
1.208
1.251
1.277
1.323
1.355
1.488
1.511
1.535
1.56
1.6
1.619
4.846
4.838
4.813
4.803
4.777
4.768
4.751
4.741
4.715
4.705
4.688
4.681
4.661
4.653
4.635
4.627
4.611
4.611
4.585
4.585
4.569
4.568
4.552
4.553
4.534
4.533
4.517
4.518
4.508
4.499
4.477
4.472
4.625
4.62
4.612
4.614
4.609
4.606
4.595
4.595
4.595
4.593
4.584
4.597
4.584
4.584
4.577
4.583
4.566
4.584
4.582
4.586
4.588
4.594
4.593
4.439
4.445
4.459
4.459
4.468
4.476
4.481
4.484
4.484
4.484
4.501
4.503
4.509
4.517
4.527
4.533
4.543
4.543
4.56
4.559
4.576
4.578
4.593
4.601
4.619
4.618
4.638
4.654
4.663
4.672
4.689
4.699
4.715
4.724
4.751
4.759
4.776
4.794
4.812
4.829
4.85
4.856
4.882
4.899
4.925
4.942
4.967
4.989
1.683
1.644
1.629
1.595
1.572
1.552
1.558
1.542
1.527
1.528
1.46
1.429
1.43
1.413
1.412
1.403
1.403
1.395
1.395
1.386
1.386
1.377
1.377
1.37
1.37
1.359
1.352
1.351
1.35
1.342
1.342
1.342
1.342
1.332
1.332
1.326
1.326
1.317
1.325
1.317
1.317
1.318
1.317
1.308
1.308
1.299
1.308
1.298
1.308
1.299
1.299
1.301
1.302
1.295
1.303
1.295
1.298
1.298
1.62
2.361
2.411
2.436
2.473
2.507
2.548
2.58
2.622
2.658
2.709
2.742
2.802
2.833
2.893
2.937
2.999
3.051
3.113
3.163
3.24
3.289
3.37
3.437
3.524
3.592
3.687
3.769
2.491
3.957
2.361
4.161
4.291
4.398
4.534
4.66
2.439
2.384
2.384
2.369
2.373
2.385
2.403
2.404
2.654
2.763
2.781
2.797
2.832
2.985
3.045
3.028
3.029
3.028
2.73
2.717
2.684
2.676
2.684
2.678
2.676
2.631
2.415
2.355
2.26
2.206
2.136
2.021
1.686
1.58
1.577
1.57
1.57
1.566
1.561
1.562
1.561
1.551
1.546
1.549
1.545
1.547
1.557
1.565
1.569
1.563
1.575
1.569
1.575
1.573
1.583
1.599
1.587
1.164
0.829
0.838
0.838
0.837
0.837
0.846
0.846
0.846
0.846
0.846
0.855
0.855
0.855
0.855
0.864
0.864
0.872
0.872
0.872
3.92325 2.20663 0.512263
