1 361
4.54
4.788
4.791
4.928
4.927
5.049
5.055
5.71
5.728
5.611
5.582
8.187
8.187
7.91
7.895
7.869
7.859
7.843
7.836
6.942
6.926
6.781
6.77
6.717
6.717
6.767
6.78
7.551
7.592
7.267
7.251
6.852
6.857
6.844
6.855
7.202
7.333
3.887
3.892
4.095
4.105
1.93
1.936
1.832
1.824
1.78
1.769
1.728
1.729
1.734
1.693
2.41
2.417
0.81
0.809
0.769
0.77
0.733
0.734
0.717
0.707
0.69
0.692
0.673
0.683
0.665
0.665
0.646
0.648
0.632
0.625
0.613
0.617
0.611
0.606
0.616
0.615
0.591
0.602
0.556
0.568
0.538
0.543
0.513
0.518
0.489
0.498
0.497
0.489
0.496
0.495
0.496
0.495
0.504
0.496
0.504
0.504
0.511
0.512
0.512
0.51
0.521
0.52
0.53
0.52
0.528
0.529
0.545
0.535
0.545
0.536
0.552
0.544
0.553
0.553
0.571
0.564
0.572
0.572
0.581
0.581
0.59
0.59
0.598
0.591
0.614
0.598
0.621
0.615
0.631
0.621
0.638
0.631
0.647
0.648
0.66
0.661
0.686
0.685
0.712
0.705
0.733
0.725
0.754
0.744
0.773
0.773
0.799
0.789
0.828
0.818
0.846
0.847
0.891
0.89
1.006
0.998
1.133
1.133
1.126
1.126
1.11
1.11
1.102
1.102
1.094
1.095
1.086
1.086
1.032
1.079
1
1
0.999
0.999
0.991
0.992
0.981
0.991
0.98
0.989
0.983
0.981
0.973
0.981
0.971
0.971
0.971
0.971
0.964
0.971
0.955
0.964
0.955
0.955
0.946
0.955
0.946
0.946
0.937
0.946
0.937
0.937
0.928
0.928
0.92
0.928
0.928
0.92
1.113
1.114
1.113
1.114
1.11
1.116
1.107
1.113
1.11
1.11
1.108
1.106
1.106
1.108
1.108
1.114
1.099
1.11
1.098
1.108
1.111
1.113
1.109
1.106
1.112
1.108
1.109
1.116
1.119
1.122
1.12
1.126
0.868
0.879
0.87
0.875
0.849
0.859
0.858
0.855
0.838
0.85
0.842
0.852
0.851
0.86
0.86
0.86
0.861
0.869
0.868
0.878
0.877
0.886
0.885
0.886
0.895
0.895
0.895
0.902
0.911
0.909
0.919
0.918
0.928
0.927
0.935
0.943
0.952
0.951
0.96
0.96
0.968
0.976
0.984
0.992
1
1
1
1.017
1.025
1.033
1.04
1.048
1.056
1.056
1.074
1.081
1.1
1.099
1.116
1.116
1.131
1.141
1.149
1.157
1.176
1.184
1.202
1.202
1.228
1.227
1.254
1.263
1.281
1.288
1.305
1.313
1.337
1.346
1.37
1.38
1.424
1.442
1.509
1.509
1.52
1.527
1.56
1.559
1.591
1.599
5.171
5.184
5.122
5.123
5.065
5.064
5.008
5.015
4.956
4.957
4.906
4.906
4.855
4.863
4.82
4.82
4.776
4.775
4.732
4.741
4.698
4.697
4.662
4.663
4.63
4.631
4.587
4.595
4.562
4.56
2.41694 8.83135 5.16135
