1 361
1.954
1.978
2.004
2.039
2.054
2.089
2.124
2.15
2.185
2.219
2.252
2.286
2.326
2.359
2.398
2.438
2.489
2.531
2.578
2.624
2.679
2.731
2.789
2.853
2.911
2.966
3.046
3.104
3.189
3.25
3.354
3.422
3.533
3.619
3.744
3.832
3.97
4.073
4.224
4.341
4.526
4.663
4.889
5.034
6.533
6.56
6.56
6.532
6.53
6.514
7.002
7.359
7.97
8.183
8.187
8.187
8.183
8.183
8.183
8.183
8.183
8.183
8.183
8.183
8.183
8.183
8.183
8.183
8.183
8.183
8.183
8.183
8.183
8.183
8.183
8.183
8.183
8.183
8.183
8.183
8.183
8.183
8.183
8.183
8.187
8.183
8.183
8.183
8.183
8.183
4.881
4.934
5.034
5.09
5.206
5.264
5.375
5.37
5.374
5.36
5.367
5.358
5.365
5.355
5.355
5.348
5.356
5.35
5.36
5.35
5.233
5.147
5.011
4.933
4.815
4.737
4.629
4.553
4.459
4.396
4.303
4.231
4.153
4.101
3.983
3.927
3.945
3.954
3.982
3.989
3.926
3.884
3.823
3.779
3.727
3.68
3.63
3.589
3.538
3.503
3.454
3.219
3.123
3.111
3.074
3.048
3.011
2.986
2.952
2.924
2.89
2.866
2.839
2.816
2.782
2.756
2.733
2.707
2.681
2.665
2.638
2.621
2.595
2.582
2.557
2.539
2.515
2.501
2.484
2.467
2.444
2.428
2.411
2.395
2.378
2.361
2.344
2.336
2.319
2.31
2.295
2.277
2.269
2.26
2.242
2.234
2.226
2.208
2.199
2.19
2.181
2.163
2.163
2.145
2.137
2.127
2.119
2.109
2.101
2.101
2.092
2.074
2.074
2.065
2.056
2.047
2.047
2.038
2.03
2.021
2.021
2.013
2
1.995
2.103
2.133
2.238
2.268
2.395
2.44
2.502
2.49
2.49
2.482
2.482
2.473
2.473
2.465
2.465
2.457
2.457
2.448
2.448
2.44
2.441
2.432
2.408
2.408
2.406
2.403
2.676
2.673
4.266
7.256
7.282
7.261
7.264
7.256
7.262
7.26
7.272
7.266
7.268
7.267
7.282
7.28
7.282
7.281
6.834
6.316
6.171
5.437
5.159
5.164
4.404
4.341
4.284
4.285
4.301
4.301
4.309
4.309
4.333
4.333
4.35
4.35
4.367
4.368
4.384
4.392
2.574
2.551
2.511
2.511
2.528
2.526
2.561
2.561
2.575
2.575
2.593
2.595
2.61
2.618
2.635
2.635
2.652
2.652
2.67
2.671
2.687
2.696
2.72
2.721
2.737
2.747
2.764
2.765
2.795
2.796
2.812
2.82
2.846
2.853
2.888
2.888
2.915
2.922
2.946
2.936
2.874
2.866
2.81
2.8
2.75
2.732
2.69
2.681
2.632
2.621
2.579
2.571
2.536
2.541
2.574
2.582
2.616
2.624
2.667
2.68
2.712
2.731
2.765
2.782
2.814
2.826
2.872
2.882
2.932
2.943
2.988
3.013
3.057
3.076
3.128
3.148
3.198
3.224
3.281
3.3
3.363
-2.12973 13.4361 0.808986
