1 361
1.424
1.424
1.424
1.416
1.416
1.416
1.416
1.407
1.407
1.407
1.403
1.385
1.385
1.377
1.376
1.374
1.384
1.526
1.536
1.532
1.53
1.522
1.531
1.522
1.524
1.528
1.519
1.524
1.526
1.509
1.524
1.525
1.526
1.523
1.52
1.526
1.524
1.523
1.532
1.531
1.531
1.529
1.53
1.53
1.538
1.538
1.538
1.537
1.536
1.546
1.548
1.546
1.555
1.554
1.554
1.562
1.562
1.563
1.572
1.57
1.579
1.579
1.58
1.587
1.597
1.596
1.596
1.604
1.612
1.612
1.62
1.629
1.628
1.637
1.646
1.653
1.661
1.662
1.67
1.679
1.686
1.696
1.686
1.645
1.627
1.584
1.57
1.558
1.566
1.576
1.575
1.598
1.622
1.623
1.631
1.648
1.648
1.664
1.673
1.689
1.689
1.705
1.715
1.724
1.739
1.75
1.757
1.776
1.783
1.8
1.808
1.827
1.835
1.851
1.862
1.876
1.893
1.91
1.923
1.934
1.951
1.978
1.987
2.011
2.03
2.046
2.066
2.09
2.098
2.124
2.142
2.168
2.193
2.216
2.239
2.264
2.29
2.313
2.338
2.374
2.397
2.429
2.462
2.496
2.518
2.559
2.593
2.628
2.662
2.715
2.746
2.798
2.83
2.876
2.926
2.974
4.477
4.452
4.436
4.407
4.411
4.549
4.631
4.722
4.811
4.91
5.014
5.128
5.238
5.285
5.279
5.253
5.248
5.228
5.22
5.203
5.197
5.17
5.162
5.145
5.164
5.423
5.584
5.748
5.94
6.201
8.183
8.183
8.183
8.183
8.183
8.183
8.183
8.183
8.183
8.183
8.183
8.183
8.183
8.187
8.183
8.187
8.183
8.183
8.183
8.183
8.191
8.191
8.183
8.183
8.183
8.183
8.183
8.183
8.183
8.183
8.183
8.183
8.183
8.183
8.183
8.183
8.183
8.183
8.183
8.183
8.183
8.183
8.183
8.183
8.183
8.183
8.183
8.183
8.022
7.702
7.458
7.117
6.849
6.58
6.391
6.167
5.989
5.8
5.652
5.493
5.357
5.19
5.011
4.914
4.928
4.946
5.014
5.017
5.124
6.378
6.41
6.427
6.457
6.483
6.499
6.545
6.606
6.628
6.665
6.686
6.721
6.725
6.651
3.23
3.197
3.161
3.12
3.084
3.039
2.995
2.961
2.916
2.882
2.848
2.805
2.774
2.738
2.713
2.678
2.643
2.619
2.583
2.559
2.526
2.502
2.47
2.453
2.421
2.402
2.38
2.362
2.338
2.314
2.289
2.272
2.254
2.239
2.213
2.194
2.179
2.16
2.143
2.126
2.116
2.097
2.082
2.073
2.056
2.039
2.031
2.013
1.996
1.988
1.978
1.962
1.953
1.926
1.921
1.911
1.911
1.886
1.887
1.869
1.862
1.853
1.846
1.837
1.829
1.812
1.811
1.802
1.795
1.786
1.778
1.769
1.76
1.752
1.743
1.743
1.729
1.727
1.718
1.718
1.709
1.701
1.701
1.692
1.685
1.685
1.676
1.676
1.668
1.665
1.659
1.652
3.09667 11.4387 2.32737
