1 361
0.852
0.86
0.861
0.87
0.868
0.876
0.876
0.886
0.892
0.894
0.9
0.909
0.908
0.916
0.926
0.935
0.934
0.944
0.949
0.957
0.952
0.972
0.986
1.045
1.055
1.058
1.069
1.07
1.061
1.058
1.068
1.074
1.074
1.091
1.092
1.101
1.11
1.117
1.119
1.134
1.142
1.138
5.799
5.717
5.676
5.612
5.562
5.502
5.454
5.389
5.344
5.273
5.309
5.366
5.372
5.306
5.265
5.212
5.173
5.124
5.091
5.051
5.011
4.976
4.942
4.912
4.874
4.648
4.628
4.609
4.583
4.551
4.526
4.491
4.467
4.443
4.414
4.39
4.362
4.339
4.314
4.289
4.264
4.24
4.224
4.201
4.183
4.159
4.142
4.126
4.108
4.091
4.074
4.057
4.042
4.023
4.015
3.988
3.98
3.963
3.954
3.935
3.918
3.91
3.901
3.889
3.876
3.867
3.858
3.849
3.831
3.821
3.813
3.804
3.796
3.777
3.764
3.753
3.892
3.9
3.889
3.882
3.872
3.873
3.872
3.864
3.856
3.855
3.847
3.847
3.837
3.839
3.838
3.83
3.829
3.82
3.821
3.812
3.814
3.81
3.812
3.812
3.804
3.809
3.816
3.777
3.66
3.659
3.68
3.679
3.687
3.683
3.69
3.692
3.687
3.688
3.696
3.696
3.705
3.706
3.711
3.711
3.721
3.728
3.738
3.737
3.747
3.755
3.764
3.772
3.772
3.78
3.789
3.796
3.807
3.815
3.825
3.833
3.842
3.852
3.866
3.877
3.885
3.897
3.903
3.919
3.929
3.948
3.957
3.973
3.982
3.997
4.017
4.032
4.043
4.066
4.076
4.091
4.109
4.136
4.151
4.175
4.193
4.208
4.222
4.255
4.437
4.464
4.487
4.512
4.528
4.561
4.586
4.618
4.645
4.674
4.696
4.725
4.757
0.908
0.908
0.892
0.891
0.874
0.867
0.867
0.85
0.84
0.84
0.833
0.824
0.81
0.808
0.804
0.809
0.813
0.811
0.799
0.801
0.788
0.785
0.809
0.801
0.794
0.795
0.759
0.75
0.746
0.709
0.707
0.709
0.704
0.707
0.703
0.713
0.707
0.704
0.701
0.708
0.71
0.709
0.703
0.695
0.703
0.703
0.707
0.707
0.703
0.706
0.708
0.711
0.706
0.704
0.71
0.701
0.701
0.717
0.708
0.707
0.715
0.715
0.714
0.714
0.714
0.713
0.723
0.722
0.722
0.721
0.73
0.729
0.728
0.738
0.729
0.73
0.737
0.738
0.737
0.746
0.745
0.746
0.745
0.754
0.753
0.761
0.76
0.762
0.768
0.769
0.769
0.776
0.776
0.785
0.783
0.783
0.793
0.792
0.803
0.801
0.809
0.818
0.817
0.817
0.827
0.826
0.835
0.835
0.843
0.852
0.852
0.861
0.95
2.106
2.106
2.104
2.095
2.108
2.142
2.159
2.255
2.811
2.833
2.852
2.873
2.772
2.529
2.538
2.509
2.489
2.445
2.331
2.235
2.143
2.057
1.975
1.909
1.844
1.797
1.769
1.777
1.777
4.65037 2.55151 0.445504
