1 361
1.03
1.03
1.03
1.038
1.038
1.038
1.038
1.046
1.046
1.046
1.054
1.054
1.053
1.062
1.061
1.062
1.062
1.07
1.078
1.077
1.077
1.086
1.085
1.094
1.095
1.102
1.11
1.11
1.119
1.127
1.127
1.127
1.136
1.145
1.145
1.154
1.154
1.162
1.17
1.18
1.18
1.189
1.196
1.206
1.206
1.215
1.222
1.232
1.232
1.249
1.25
1.258
1.265
1.276
1.275
1.293
1.302
1.317
1.315
1.333
1.341
1.351
1.359
1.373
1.385
1.393
1.408
1.416
1.426
1.449
1.458
1.475
1.483
1.501
1.508
1.532
1.541
1.565
1.573
1.599
1.614
1.631
1.648
1.672
1.688
1.714
1.733
1.758
1.776
1.8
1.817
1.85
1.869
1.901
1.927
1.961
1.986
2.021
2.046
2.082
2.108
2.152
2.189
2.232
2.257
2.307
2.341
2.398
2.432
2.489
2.539
2.598
2.639
2.701
2.759
2.863
2.921
3.002
3.069
3.155
3.218
3.315
3.393
3.503
3.592
3.729
3.835
3.977
4.087
4.252
4.397
4.593
4.742
4.95
5.147
5.386
5.621
7.077
7.077
7.061
7.051
7.043
7.042
7.026
7.017
7.011
7.01
7
7.001
6.994
6.993
6.611
6.976
6.907
6.108
5.956
5.955
5.956
5.965
5.956
5.963
5.955
5.972
5.963
5.972
5.971
5.979
5.979
5.988
5.987
5.996
6.004
6.013
6.02
6.029
6.028
6.054
6.054
6.07
6.078
6.095
6.093
6.119
6.127
6.145
6.152
6.169
6.178
6.216
7.25
7.276
7.293
7.318
7.335
7.363
7.371
7.408
7.416
7.451
7.468
7.493
7.523
7.547
7.575
7.6
7.626
7.668
7.684
7.728
7.752
7.785
7.819
7.858
7.889
7.933
7.968
8.003
8.047
8.089
8.122
8.173
8.183
8.183
8.183
8.183
8.183
8.183
8.183
8.183
8.183
8.183
8.183
8.183
8.183
8.183
8.183
8.183
8.183
8.183
8.183
8.183
8.183
8.183
8.183
8.183
8.183
8.183
8.183
8.183
8.16
8.183
8.183
8.183
8.183
8.183
7.844
7.796
7.824
7.931
8.017
8.183
7.662
7.616
7.55
7.505
6.695
6.613
6.571
6.539
6.494
6.461
6.425
6.391
6.351
6.317
6.276
6.252
6.22
6.193
6.159
6.133
6.099
6.075
6.041
6.024
5.997
5.975
5.942
5.929
5.905
5.881
5.866
5.846
5.822
5.799
5.78
5.763
5.747
5.734
5.709
5.693
5.678
5.662
5.645
5.628
5.611
5.593
5.584
5.575
5.559
5.549
5.547
5.763
6.107
6.646
6.645
6.644
6.636
6.627
6.619
6.609
6.601
6.592
6.584
6.575
6.575
6.565
6.555
6.557
6.547
6.548
6.549
6.539
6.539
6.539
6.54
6.543
3.143
2.316
2.077
6.546
6.539
6.548
6.547
6.548
6.556
6.556
6.557
6.566
6.565
6.576
6.584
6.592
6.593
6.602
6.611
6.628
6.629
6.647
6.655
3.325
11.1233 9.59599 4.8197
