1 361
2.271
2.241
2.199
2.164
2.133
2.096
2.069
2.044
2.007
1.987
1.969
1.936
1.926
1.876
1.845
1.813
1.795
1.766
1.748
1.722
1.733
1.715
1.703
1.673
1.649
1.626
1.608
1.591
1.597
1.567
1.558
1.546
1.546
1.521
1.51
1.492
1.496
1.48
1.474
1.449
1.459
1.436
1.426
1.441
1.47
1.415
1.317
1.301
1.301
1.284
1.284
1.266
1.267
1.25
1.249
1.231
1.231
1.224
1.215
1.207
1.198
1.189
1.189
1.182
1.173
1.164
1.164
1.156
1.156
1.147
1.138
1.129
1.139
1.159
1.175
1.191
1.217
1.243
1.27
1.286
1.313
1.339
1.375
1.4
1.433
1.466
1.5
1.533
1.575
1.609
1.657
1.078
0.991
0.987
1.014
1.002
1.006
1.016
1.027
1.023
1.177
1.436
2.074
2.14
5.157
5.145
5.137
5.129
5.122
5.111
5.113
5.097
5.097
5.086
5.088
5.081
5.077
5.05
5.114
5.192
5.198
5.193
5.194
5.189
5.189
5.183
5.183
5.167
5.155
5.167
5.192
5.194
5.195
5.189
5.191
5.192
5.197
5.198
5.209
5.047
5.058
5.08
5.089
5.087
5.105
5.105
5.122
5.12
5.136
5.138
5.153
5.154
5.17
5.17
5.186
5.187
5.212
5.211
5.236
5.236
5.261
5.261
5.279
5.288
5.313
5.323
5.342
5.349
5.375
5.384
5.41
5.417
5.442
5.459
5.486
5.494
5.535
5.536
2.307
2.271
2.23
2.19
2.19
2.18
2.155
2.065
2.041
2.032
2.023
2.015
2.008
1.989
1.99
1.99
1.973
1.965
1.955
1.948
1.939
1.94
1.93
1.913
1.914
1.905
1.897
1.897
1.888
1.88
1.88
1.871
1.871
1.864
1.862
1.855
1.844
1.844
1.873
2.291
2.687
2.696
2.731
2.74
2.783
2.8
2.841
2.849
2.901
2.91
2.954
2.969
3.014
3.033
3.084
3.101
3.153
3.17
3.23
3.244
3.302
3.319
3.384
3.407
3.473
3.5
3.56
3.597
3.671
3.697
3.772
2.889
2.953
3.001
4.019
4.052
4.155
4.194
2.801
2.788
2.778
2.761
2.795
2.793
3.1
1.111
1.088
1.087
1.079
1.08
1.071
1.071
1.071
1.062
1.054
1.054
1.045
1.054
1.045
1.045
1.037
1.037
1.037
1.029
1.029
1.029
1.029
1.02
1.029
1.02
1.02
1.012
1.012
1.012
1.013
1.003
1.003
1.003
1.004
1.003
1.005
0.997
0.999
1.001
1.001
1.003
0.998
1
0.992
1.004
1
1.001
1.003
1.003
1.004
1.003
0.999
0.998
1.005
1.003
0.999
0.996
1.003
1.001
0.999
0.999
1.006
1.005
1.005
1.004
1.003
1.012
1.012
1.012
1.012
1.012
1.02
1.012
1.02
1.02
1.02
1.02
1.029
1.029
1.029
1.037
1.037
1.037
1.045
1.045
1.054
1.053
1.053
1.053
1.061
1.061
1.071
1.07
1.08
1.079
1.088
1.088
1.097
3.30415 1.87721 0.518049
