1 361
3.727
3.721
3.706
3.701
3.692
3.692
3.726
3.731
3.721
3.711
3.705
3.696
3.556
3.553
3.428
3.42
3.412
3.404
3.395
3.388
3.386
3.377
3.378
3.37
3.37
3.362
3.362
3.362
3.351
3.353
3.351
3.344
3.344
3.342
3.341
3.333
3.333
3.333
3.333
3.332
3.341
3.332
3.332
3.332
3.341
3.341
3.341
3.341
3.349
3.35
3.357
3.349
3.365
3.366
3.371
3.379
3.382
3.374
3.39
3.399
3.403
3.411
3.415
3.419
3.431
3.432
3.445
3.449
3.465
3.468
3.481
3.481
3.499
3.501
3.518
3.525
3.539
3.542
3.562
3.558
3.586
3.588
3.605
3.614
3.636
3.637
3.662
3.662
3.685
3.694
3.72
3.719
3.745
3.754
3.778
3.787
3.811
3.82
3.866
4.023
5.22
5.238
5.28
5.289
5.332
5.349
5.401
5.417
5.459
5.477
5.537
5.545
5.605
5.614
5.678
5.694
5.755
5.774
5.842
5.85
5.927
5.943
6.01
6.035
6.108
6.135
6.211
6.237
6.313
6.34
6.422
6.45
6.538
6.575
6.663
6.695
6.694
6.655
6.581
6.558
6.494
6.467
6.397
6.38
6.322
6.296
6.235
6.212
6.158
6.141
6.083
6.07
6.01
5.993
5.945
5.926
5.878
5.861
5.822
3.641
3.627
3.613
3.595
3.588
3.562
3.554
3.536
3.528
3.511
3.502
3.478
3.478
3.461
3.453
3.437
3.43
3.413
3.405
3.388
3.387
3.371
3.37
3.355
3.346
3.339
3.33
3.323
3.314
3.306
3.306
3.298
3.289
3.281
3.282
3.272
3.273
3.265
3.256
3.256
3.248
3.248
3.24
3.24
3.232
3.224
3.224
3.225
3.225
3.218
3.218
3.215
3.217
3.212
3.214
3.215
3.216
3.214
3.212
3.21
3.261
4.454
4.455
4.49
4.518
5.054
5.054
5.054
5.063
5.037
4.475
4.31
4.313
4.31
4.282
4.331
4.923
5.104
5.104
4.866
4.858
4.629
4.569
4.36
4.343
4.363
4.362
4.385
4.398
4.78
4.724
4.503
4.443
4.312
4.321
4.336
4.344
4.361
4.368
4.387
4.395
4.425
4.75
4.67
4.642
4.547
4.524
4.447
4.467
8.183
8.183
8.183
8.183
8.183
8.183
8.183
8.183
8.183
8.183
8.183
8.183
5.995
5.963
5.879
5.799
5.759
5.75
5.715
5.699
5.663
5.657
5.629
5.61
5.584
5.577
6.343
6.368
6.436
6.454
6.525
6.542
6.621
4.708
4.64
4.625
4.539
4.524
4.455
4.439
4.369
4.351
4.286
4.268
4.212
4.194
4.138
4.123
4.072
4.055
4.01
3.995
3.942
3.933
3.889
3.881
3.838
3.829
3.787
3.777
3.734
3.734
3.692
3.684
3.651
3.641
3.609
3.61
3.575
3.568
3.54
3.531
3.508
3.5
3.464
3.466
3.433
3.433
3.408
3.41
3.376
3.378
3.352
3.345
3.329
3.321
3.306
3.306
3.281
3.282
3.256
3.256
3.239
0.536604 -0.437674 -1.00227
