1 361
4.807
4.824
4.857
4.882
4.918
4.952
4.984
5.011
5.053
5.085
5.117
5.151
5.193
5.225
5.269
5.302
4.308
4.276
4.235
4.224
4.184
4.101
4.066
4.028
3.989
3.945
3.881
3.857
3.819
3.78
3.799
3.608
3.579
3.542
3.507
3.48
3.453
3.437
3.422
3.396
3.39
3.375
3.564
3.749
3.734
3.715
3.765
3.734
3.47
3.456
3.451
3.428
3.421
3.348
3.241
3.224
3.174
3.159
3.14
3.142
3.132
3.133
3.187
3.435
3.755
4.011
3.852
4.01
3.369
3.365
3.346
2.932
2.763
2.737
2.726
2.718
2.711
2.702
2.703
2.694
2.685
2.676
2.676
2.668
2.659
2.651
2.651
2.633
2.642
2.633
2.633
2.625
2.624
2.616
2.608
2.607
2.607
2.594
2.594
2.595
2.586
2.585
2.586
2.578
2.586
2.578
2.586
2.578
2.578
2.578
2.578
2.569
2.578
2.578
2.578
2.578
2.578
2.578
2.578
2.578
2.586
2.586
2.586
2.585
2.601
2.605
2.612
2.612
2.612
2.612
2.625
2.617
2.634
2.633
2.641
2.641
2.65
2.65
2.667
2.668
2.675
2.675
2.692
2.691
2.708
2.712
2.722
2.714
2.738
2.739
2.748
2.754
2.771
2.768
2.786
2.788
2.803
2.805
2.826
2.831
2.849
2.852
2.879
2.882
2.897
2.906
2.923
2.929
2.949
2.956
2.974
2.983
3.001
3.008
3.026
3.035
3.061
3.068
3.094
3.103
4.525
4.543
4.577
4.594
4.645
4.662
4.705
4.721
4.767
4.783
4.837
4.854
4.897
4.914
4.965
4.991
5.048
5.074
5.131
5.155
5.221
5.248
5.308
5.341
5.4
5.437
5.502
5.536
5.607
5.643
5.713
5.758
5.834
5.876
5.961
6.002
6.093
6.099
6.052
6.016
5.966
5.936
5.894
5.87
5.82
5.793
5.757
5.731
5.699
5.672
5.637
5.619
5.583
5.554
5.529
5.507
5.475
5.456
5.424
5.406
5.385
5.365
5.34
5.326
5.302
5.317
5.281
5.272
5.256
5.24
5.221
5.206
3.159
3.164
3.156
3.145
3.139
3.129
3.13
3.121
3.112
3.104
3.094
3.095
3.085
3.078
3.077
3.069
3.067
3.06
3.06
3.052
3.053
3.043
3.043
3.043
3.036
3.026
3.026
3.027
3.019
3.021
3.014
3.016
3.019
3.012
3.015
3.016
3.017
3.017
3.012
3.011
3.017
3.015
3.021
3.02
3.027
3.027
3.026
3.036
3.035
3.043
3.043
3.042
3.052
3.051
3.06
3.06
3.069
3.069
3.079
3.078
3.087
3.094
3.103
3.104
3.112
3.121
3.13
3.146
4.637
4.512
4.29
4.277
4.29
4.297
4.325
4.268
4.477
4.381
4.355
4.357
4.379
4.54
4.44
4.402
4.414
4.43
4.454
4.474
4.758
4.695
4.583
4.523
4.433
4.438
4.464
4.473
4.499
4.516
4.54
4.567
4.864
4.839
4.777
4.745
4.681
4.667
8.183
8.183
8.183
0.613289 -0.56665 -1.06369
