1 361
2.406
2.37
2.376
2.353
2.338
2.284
2.315
2.281
2.33
2.303
2.267
2.25
2.291
2.298
2.317
2.269
2.266
2.248
2.238
2.226
2.233
2.224
2.228
2.242
2.28
2.279
2.314
2.156
2.134
2.126
2.118
2.109
2.101
2.092
2.092
2.079
2.083
2.099
2.307
2.381
2.464
2.452
1.903
1.892
1.883
1.874
1.875
1.868
1.868
1.86
1.86
1.851
1.85
1.842
1.842
1.834
1.835
1.835
1.836
1.826
1.826
1.817
1.821
1.905
2.07
2.195
2.404
2.578
2.698
2.698
2.606
2.455
2.296
2.18
2.038
1.938
1.743
1.747
1.767
1.792
5.985
5.985
5.99
5.987
5.991
5.981
5.988
5.988
5.995
6
6.011
6.011
6.026
6.024
5.879
5.877
5.921
5.92
5.927
5.933
5.951
5.945
5.969
5.97
5.994
5.994
6.013
6.017
6.043
6.043
6.069
6.065
6.102
6.109
6.125
6.134
6.16
6.168
6.204
6.204
6.239
6.24
6.271
6.279
6.317
6.329
3.11
3.057
3.016
3.013
2.882
2.869
2.861
2.843
2.826
2.81
2.793
2.776
2.77
2.752
2.743
2.727
2.717
2.71
2.692
2.685
2.666
2.658
2.65
2.642
2.632
2.625
3.347
3.355
3.396
3.404
3.437
3.453
3.487
3.505
3.54
3.557
3.591
3.609
3.642
3.659
3.7
3.717
3.769
3.785
3.838
3.844
1.751
1.733
1.717
1.708
1.691
1.674
1.657
1.65
1.633
1.624
1.608
1.6
1.583
1.574
1.558
1.549
1.541
1.533
1.524
1.508
1.51
1.501
1.484
1.476
1.467
1.459
1.45
1.442
1.433
1.425
1.417
1.417
1.408
1.399
1.398
1.383
1.381
1.374
1.373
1.365
1.356
1.356
1.347
1.338
1.339
1.33
1.33
1.319
1.321
1.321
1.312
1.303
1.303
1.294
1.294
1.285
1.285
1.285
1.279
1.277
1.277
1.268
1.268
1.268
1.26
1.26
1.26
1.25
1.259
1.25
1.251
1.25
1.25
1.242
1.242
1.242
1.243
1.234
1.244
1.235
1.237
1.228
1.233
1.233
1.234
1.237
1.233
1.228
1.236
1.235
1.234
1.233
1.239
1.236
1.234
1.232
1.237
1.228
1.244
1.235
1.242
1.241
1.241
1.242
1.249
1.249
1.249
1.249
1.257
1.248
1.257
1.257
1.264
1.266
1.273
1.266
1.273
1.273
1.282
1.273
1.282
1.282
1.29
1.29
1.299
1.299
1.308
1.308
1.317
1.317
1.326
1.326
1.334
1.334
1.343
1.343
1.351
1.351
1.36
1.36
1.369
1.378
1.387
1.386
1.403
1.403
1.412
1.42
1.429
1.429
1.437
1.446
1.454
1.462
1.471
1.47
1.488
1.495
1.513
1.512
1.53
1.528
1.545
1.545
1.57
1.57
1.596
1.587
1.611
1.62
1.636
1.636
1.662
1.67
1.686
1.696
1.712
1.722
1.747
1.757
1.782
1.781
1.808
1.818
1.842
1.852
1.878
1.895
1.921
2.63212 1.30056 0.942635
