1 361
1.508
1.508
1.516
1.517
1.525
1.525
1.525
1.533
1.532
1.54
1.54
1.54
1.549
1.548
1.557
1.557
1.564
1.566
1.581
1.581
1.588
1.588
1.597
1.605
1.614
1.614
1.621
1.63
1.637
1.637
1.647
1.654
1.671
1.672
1.679
1.688
1.695
1.696
1.712
1.721
1.73
1.738
1.756
1.755
1.772
1.773
1.789
1.797
1.815
1.813
1.83
1.841
1.856
1.865
1.882
1.89
1.915
1.916
1.939
1.948
1.964
1.975
2.001
2.007
2.035
2.043
2.07
2.078
2.104
2.114
2.14
2.147
2.182
2.193
2.226
2.235
2.269
2.28
2.31
2.318
2.36
2.378
2.408
2.428
2.466
2.484
2.533
2.551
2.591
2.607
2.659
2.677
2.725
2.745
2.8
2.827
2.886
2.903
2.973
3
3.069
3.098
3.164
3.199
3.282
3.307
3.394
3.427
3.53
3.565
3.66
3.705
3.754
3.81
4.353
4.508
5.252
5.236
5.228
5.213
5.248
5.306
5.208
5.202
5.183
5.166
5.407
5.509
5.755
5.868
6.183
6.305
6.654
6.801
7.216
7.382
7.878
8.067
8.183
8.183
8.183
8.183
8.183
8.183
8.183
8.183
8.183
8.183
8.183
8.183
8.183
8.183
8.183
8.183
8.183
8.183
8.183
8.183
8.183
8.183
8.183
8.183
8.183
8.183
8.183
8.183
8.183
8.183
8.183
8.183
8.183
8.183
8.187
8.183
8.183
8.183
3.329
3.344
3.426
3.442
3.525
3.551
3.641
3.657
3.698
3.707
3.775
3.784
3.817
3.829
3.846
3.84
3.847
3.839
3.847
3.839
3.846
3.839
3.847
3.839
3.847
3.84
3.847
3.84
3.838
3.79
3.677
3.643
3.536
3.509
3.414
3.39
3.301
3.275
3.187
3.17
3.098
3.072
3.004
2.977
2.913
2.898
2.832
2.816
2.755
2.738
2.686
2.663
2.62
2.601
2.547
2.516
2.474
2.466
2.506
2.505
2.539
2.539
2.563
2.553
2.51
2.492
2.461
2.445
2.411
2.402
2.37
2.362
2.329
2.312
2.286
2.278
2.253
2.244
2.219
2.211
2.185
2.174
2.149
2.14
2.122
2.113
2.087
2.087
2.07
2.061
2.034
2
1.826
1.819
1.799
1.804
1.799
1.799
1.783
1.783
1.775
1.765
1.755
1.747
1.739
1.731
1.722
1.713
1.696
1.695
1.688
1.679
1.679
1.672
1.654
1.655
1.647
1.647
1.639
1.63
1.622
1.623
1.615
1.606
1.606
1.598
1.597
1.589
1.581
1.589
1.573
1.573
1.564
1.564
1.564
1.557
1.556
1.556
1.548
1.548
1.539
1.539
1.54
1.54
1.532
1.532
1.532
1.532
1.524
1.524
1.525
1.525
1.516
1.517
1.519
1.512
1.516
1.52
1.513
1.519
1.503
1.494
1.486
1.494
1.494
1.503
1.511
1.519
1.515
1.519
1.517
1.515
1.517
1.517
1.516
1.525
1.525
1.525
1.525
1.525
1.533
1.533
1.533
1.541
1.541
-0.658099 14.0576 6.24389
