1 361
0.818
0.828
0.828
0.828
0.837
0.836
0.845
0.845
0.853
0.852
0.861
0.861
0.869
0.877
0.875
0.903
0.957
0.949
0.952
0.953
0.953
0.961
0.963
0.952
0.952
0.952
0.959
0.958
0.968
0.969
0.976
0.985
0.992
0.993
1.001
1.001
1.011
1.01
1.027
1.029
6.294
6.229
6.134
6.075
5.979
5.926
5.85
5.789
5.714
5.661
5.592
5.54
5.474
5.423
5.366
5.314
5.259
5.203
5.146
5.171
5.241
5.242
5.17
5.13
5.071
5.036
4.99
4.946
4.904
4.869
4.837
4.813
4.768
4.735
4.501
4.472
4.467
4.449
4.406
4.39
4.357
4.329
4.306
4.273
4.24
4.224
4.192
4.175
4.15
4.133
4.109
4.082
4.058
4.048
4.023
4.006
3.988
3.972
3.954
3.935
3.909
3.9
3.877
3.865
3.857
3.838
3.823
3.814
3.795
3.778
3.77
3.761
3.744
3.727
3.719
3.704
3.694
3.685
3.679
3.67
3.662
3.653
3.643
3.635
3.602
3.597
3.591
3.716
3.744
3.733
3.725
3.716
3.717
3.709
3.7
3.701
3.691
3.684
3.684
3.676
3.674
3.666
3.665
3.667
3.666
3.659
3.66
3.653
3.657
3.653
3.655
3.656
3.657
3.655
3.659
3.653
3.496
3.506
3.511
3.525
3.522
3.529
3.537
3.537
3.533
3.544
3.543
3.545
3.552
3.552
3.564
3.559
3.567
3.568
3.578
3.586
3.595
3.592
3.603
3.613
3.62
3.62
3.636
3.639
3.653
3.652
3.668
3.67
3.686
3.698
3.711
3.721
3.736
3.737
3.762
3.765
3.779
3.788
3.805
3.815
3.841
3.841
3.867
3.875
3.893
3.903
3.93
3.938
3.964
3.973
3.998
4.007
4.032
4.049
4.074
4.094
4.102
4.119
4.32
4.341
4.383
4.391
4.422
4.442
4.476
4.492
4.534
4.559
4.593
4.617
4.657
4.676
4.726
4.745
4.75
4.714
4.667
4.683
4.769
4.796
4.841
4.865
4.926
4.951
5.011
5.029
0.822
0.817
0.807
0.807
0.801
0.791
0.783
0.782
0.775
0.768
0.76
0.759
0.751
0.753
0.751
0.741
0.733
0.726
0.74
0.737
0.742
0.741
0.735
0.736
0.728
0.724
0.744
0.747
0.74
0.735
0.747
0.746
0.695
0.699
0.695
0.704
0.669
0.662
0.657
0.661
0.661
0.661
0.658
0.665
0.663
0.663
0.664
0.664
0.672
0.665
0.664
0.672
0.671
0.67
0.671
0.673
0.671
0.68
0.681
0.681
0.687
0.686
0.688
0.686
0.687
0.694
0.703
0.703
0.703
0.705
0.712
0.712
0.712
0.72
0.72
0.719
0.728
0.727
0.735
0.737
0.736
0.744
0.752
0.752
0.76
0.76
0.76
0.769
0.765
0.776
0.775
0.774
0.783
0.783
0.792
0.8
0.808
0.809
0.819
0.817
0.836
0.835
0.842
0.843
0.852
0.862
0.868
0.869
0.879
0.887
0.895
0.895
0.912
0.913
0.984
4.84372 2.62469 0.297744
