1 361
2.256
2.265
2.274
2.274
2.283
2.291
2.299
2.299
2.307
2.315
2.316
2.332
2.34
2.348
2.356
2.365
2.374
2.39
2.398
2.408
2.414
2.422
2.43
2.446
2.455
2.463
2.479
2.491
2.48
2.479
2.494
2.514
8.183
8.183
8.183
8.183
8.183
8.183
8.183
8.183
8.183
8.183
8.183
8.183
4.165
4.111
4.08
4.045
4.021
3.989
3.964
3.938
3.912
3.887
3.861
3.834
3.819
3.794
3.767
3.749
3.734
3.698
3.691
3.667
3.648
3.623
3.621
3.64
3.675
3.57
3.557
3.523
3.504
3.501
3.564
3.602
3.653
3.686
3.746
3.79
3.841
3.88
3.938
3.983
4.054
4.094
4.17
4.209
4.286
4.345
4.427
4.479
4.564
4.625
4.712
4.773
4.87
4.935
5.051
5.125
5.242
5.332
5.458
5.552
5.684
5.784
5.938
6.041
6.2
6.336
6.523
6.653
6.857
6.996
7.235
7.404
7.677
8.183
8.183
8.183
8.183
8.183
8.183
8.183
8.187
8.187
8.183
8.183
8.183
8.183
8.183
8.187
8.183
8.183
8.187
8.183
8.183
8.187
8.191
8.183
8.183
8.183
8.183
8.183
8.187
8.183
8.183
8.183
8.183
8.183
8.183
8.187
8.183
8.187
8.187
8.187
8.183
8.183
8.183
8.183
8.183
7.702
7.063
6.658
6.127
5.721
5.727
5.726
4.787
4.704
4.388
4.219
4.015
3.891
3.707
3.585
3.439
3.331
3.207
3.115
3.006
2.89
2.839
2.838
2.856
2.848
2.865
2.866
2.83
2.77
2.689
2.649
2.58
2.536
2.478
2.431
2.066
1.961
1.924
1.912
1.883
1.859
1.815
1.791
1.76
1.73
1.704
1.679
1.655
1.63
1.605
1.583
1.558
1.54
1.509
1.5
1.473
1.458
1.441
1.423
1.399
1.391
1.365
1.357
1.34
1.331
1.316
1.298
1.281
1.272
1.258
1.248
1.229
1.219
1.213
1.203
1.195
1.177
1.166
1.159
1.151
1.141
1.124
1.124
1.108
1.101
1.093
1.084
1.075
1.066
1.059
1.05
1.042
1.033
1.033
1.027
1.018
1.009
1.001
1.001
0.993
0.984
0.984
0.976
0.968
0.959
0.959
0.95
0.95
0.941
0.943
0.933
0.933
0.924
0.924
0.915
0.915
0.906
0.906
0.906
0.898
0.898
0.892
0.891
0.89
0.881
0.881
0.881
0.872
0.872
0.871
0.863
0.863
0.863
0.855
0.854
0.854
0.854
0.846
0.846
0.846
0.846
0.837
0.838
0.838
0.837
0.838
0.838
0.834
0.83
0.829
0.828
0.829
0.829
0.829
0.821
0.822
0.822
0.822
0.822
0.815
0.816
0.821
0.817
0.816
0.822
0.823
0.808
0.799
0.799
0.791
0.799
0.799
0.808
0.816
0.819
0.815
0.819
0.817
0.822
0.823
0.813
0.822
0.821
0.821
0.821
0.822
0.829
0.829
0.829
0.829
0.828
0.838
0.838
0.838
0.838
0.847
0.838
0.847
0.847
0.847
8.54641 13.7329 0.205931
