1 361
5.561
5.514
5.467
5.407
5.33
5.287
5.249
5.245
5.044
4.99
4.948
4.915
4.888
4.872
4.833
4.85
5.19
5.167
5.164
5.187
4.935
4.892
4.866
4.825
4.719
4.673
4.654
4.65
4.616
4.702
4.828
5.026
5.164
5.222
4.749
4.118
4.102
4.082
4.075
4.057
4.032
4.016
4.006
3.989
3.98
3.962
3.952
3.935
3.927
3.909
3.902
3.885
3.878
3.87
3.86
3.854
3.842
3.828
3.817
3.811
3.802
3.802
3.793
3.784
3.776
3.766
3.76
3.759
3.749
3.749
3.742
3.735
3.733
3.724
3.725
3.718
3.718
3.718
3.718
3.711
3.712
3.713
3.712
3.71
3.708
3.707
3.7
3.707
3.709
3.708
3.712
3.714
3.704
3.712
3.713
3.712
3.717
3.721
3.722
3.732
3.731
3.739
3.74
3.738
3.748
3.747
3.754
3.764
3.764
3.772
3.771
3.778
3.786
3.824
4.978
4.995
5.004
5.013
5.028
5.045
5.053
5.069
5.077
5.094
5.102
5.119
5.136
5.151
5.169
5.185
5.201
5.218
5.242
5.26
5.276
5.292
5.32
5.336
5.362
5.38
5.405
5.43
5.446
5.473
5.506
5.531
5.557
5.585
5.61
5.638
5.663
5.7
5.725
5.761
5.787
5.821
5.857
5.89
5.923
5.966
5.997
6.039
6.079
6.121
6.165
6.2
6.244
6.174
6.115
6.051
5.984
5.917
5.87
5.81
5.762
3.008
2.986
2.967
2.941
2.914
2.89
2.873
2.847
2.822
2.805
2.789
2.764
2.738
2.731
2.712
2.695
2.678
2.661
2.643
2.626
2.608
2.592
2.574
2.559
2.551
2.535
2.518
2.51
2.493
2.485
2.469
2.451
2.443
2.435
2.418
2.41
2.401
2.393
2.384
2.367
2.359
2.35
2.341
2.333
2.325
2.317
2.307
2.3
2.292
2.283
2.283
2.274
2.265
2.256
2.256
2.249
2.239
2.239
2.23
2.221
2.221
2.221
2.212
2.203
2.203
2.203
2.194
2.194
2.185
2.185
2.185
2.176
2.176
2.176
2.84
2.86
2.886
2.954
2.995
3.087
3.419
3.432
3.436
3.422
3.462
3.545
3.809
3.984
3.975
3.771
3.956
3.974
3.966
3.469
3.221
3.222
3.216
3.217
3.223
3.158
3.224
3.738
3.922
3.912
3.427
3.301
3.258
3.253
3.665
3.505
3.372
3.235
3.217
3.23
3.245
3.242
3.258
3.269
3.851
3.725
3.601
3.487
3.371
3.274
3.183
3.183
3.191
3.191
3.208
3.208
3.217
3.234
3.243
3.251
3.267
3.276
3.622
3.574
3.532
3.489
3.447
3.397
3.359
3.324
3.335
7.9
7.935
7.973
8.008
8.042
8.078
8.12
8.159
8.183
8.183
8.183
8.183
8.183
8.183
4.924
4.862
4.842
4.805
4.705
4.686
4.668
4.655
4.638
4.622
4.612
4.597
4.581
4.569
4.555
4.54
4.529
4.724
5.333
5.376
5.418
5.461
5.512
5.563
5.607
5.659
5.705
12.295 6.08102 0.938053
