1 361
1.774
1.765
1.765
1.756
1.756
1.748
1.747
1.738
1.738
1.73
1.729
1.72
1.72
1.72
1.72
1.71
1.71
1.711
1.703
1.703
1.702
1.703
1.694
1.694
1.695
1.687
1.689
1.692
1.686
1.692
1.688
1.695
1.695
1.685
1.685
1.677
1.677
1.677
1.677
1.685
1.685
1.694
1.687
1.69
1.694
1.691
1.692
1.692
1.691
1.696
1.695
1.694
1.703
1.703
1.703
1.71
1.711
1.711
1.71
1.714
1.721
1.719
1.728
1.729
1.736
1.737
1.745
1.745
1.745
1.754
1.754
1.763
1.765
1.771
1.781
1.789
1.788
1.797
1.797
1.806
1.815
1.814
1.823
1.831
1.832
1.849
1.857
1.857
1.866
1.874
1.883
1.892
1.901
1.888
1.894
1.902
1.918
1.998
2.113
2.122
2.139
2.158
2.167
2.175
2.184
2.201
2.209
2.228
2.237
2.253
2.271
2.279
2.296
2.312
2.328
2.346
2.363
2.38
2.395
2.42
2.437
2.454
2.469
2.494
2.518
2.543
2.567
2.584
2.602
2.583
2.567
2.544
2.525
2.497
2.524
2.549
2.591
2.617
2.644
2.677
2.704
2.738
2.762
2.797
2.831
2.863
2.899
2.932
2.97
3.004
3.047
3.091
3.127
3.169
3.21
3.26
3.304
3.36
3.407
3.458
3.508
3.577
3.627
3.693
3.755
3.825
3.895
3.965
4.043
4.153
5.566
5.558
5.72
5.84
5.958
6.108
6.232
6.401
6.464
6.432
6.424
6.396
6.388
6.363
6.356
6.338
6.321
6.403
6.937
6.951
7.035
7.332
8.183
8.183
8.183
8.183
8.183
8.183
8.183
8.183
8.183
8.183
8.183
8.183
8.183
8.187
8.183
8.183
8.183
8.183
8.183
8.183
8.183
8.183
8.183
8.183
8.183
8.183
8.183
8.183
8.183
8.183
8.183
8.183
8.183
8.183
8.183
8.183
8.183
8.183
8.183
8.183
8.183
8.183
8.183
8.183
8.183
7.713
7.372
7.018
6.734
6.439
6.193
5.915
5.929
5.947
6.1
6.024
6.542
7.131
7.266
7.351
7.375
4.158
4.114
4.003
3.921
3.822
3.737
3.649
3.579
3.491
3.416
3.345
3.287
3.215
3.158
3.094
3.04
2.988
2.937
2.883
2.83
2.781
2.741
2.698
2.654
2.61
2.569
2.536
2.496
2.462
2.429
2.397
2.365
2.33
2.297
2.272
2.237
2.215
2.186
2.171
2.134
2.117
2.089
2.073
2.048
2.029
2.003
1.986
1.961
1.943
1.928
1.903
1.895
1.878
1.853
1.843
1.826
1.81
1.794
1.785
1.77
1.752
1.733
1.726
1.708
1.7
1.683
1.676
1.667
1.651
1.645
1.626
1.619
1.61
1.602
1.594
1.579
1.57
1.563
1.554
1.545
1.537
1.529
1.521
1.514
1.506
1.498
1.489
1.48
1.473
1.464
1.456
1.456
1.447
1.439
1.439
1.431
1.422
1.415
1.415
1.406
1.406
1.397
1.397
1.389
1.38
1.38
1.371
1.372
3.94561 10.4393 2.25394
