1 361
0.808
0.817
0.817
0.826
0.825
0.834
0.833
0.842
0.842
0.849
0.857
0.856
0.864
0.865
0.873
0.873
0.881
0.89
0.897
0.897
0.906
0.914
0.913
0.921
0.931
0.938
0.944
0.954
0.958
0.97
0.977
1.053
1.058
1.069
1.07
1.063
1.057
1.067
1.074
1.082
1.091
1.1
1.099
1.116
1.116
1.133
1.133
1.141
1.15
5.558
5.512
5.45
5.408
5.348
5.285
5.331
5.372
5.373
5.315
5.27
5.223
5.183
5.148
5.099
5.067
5.027
4.995
4.949
4.927
4.894
4.664
4.638
4.629
4.603
4.568
4.543
4.518
4.485
4.468
4.434
4.416
4.391
4.365
4.341
4.323
4.29
4.275
4.249
4.233
4.209
4.193
4.177
4.159
4.134
4.117
4.1
4.082
4.068
4.058
4.041
4.023
4.014
3.998
3.983
3.974
3.956
3.947
3.928
3.923
3.911
3.902
3.885
3.884
3.867
3.859
3.851
3.839
3.832
3.813
3.8
3.791
3.939
3.938
3.926
3.926
3.915
3.909
3.909
3.901
3.892
3.891
3.891
3.882
3.874
3.883
3.873
3.875
3.866
3.865
3.866
3.859
3.858
3.853
3.849
3.865
3.86
3.854
3.858
3.725
3.702
3.709
3.723
3.73
3.727
3.727
3.731
3.734
3.74
3.748
3.748
3.747
3.756
3.763
3.763
3.772
3.771
3.78
3.78
3.793
3.797
3.806
3.814
3.824
3.824
3.836
3.841
3.85
3.86
3.876
3.876
3.889
3.902
3.911
3.921
3.928
3.946
3.964
3.972
3.981
3.998
4.007
4.025
4.032
4.059
4.067
4.082
4.103
4.108
4.135
4.153
4.167
4.185
4.209
4.226
4.249
4.263
4.269
4.342
4.489
4.515
4.539
4.564
4.597
4.613
4.648
4.671
4.698
4.725
4.759
4.788
0.944
0.961
0.943
0.935
0.928
0.92
0.91
0.893
0.893
0.886
0.877
0.862
0.861
0.851
0.86
0.866
0.861
0.851
0.843
0.848
0.836
0.854
0.845
0.837
0.817
0.798
0.801
0.754
0.756
0.758
0.756
0.751
0.76
0.761
0.752
0.755
0.758
0.758
0.753
0.749
0.753
0.75
0.75
0.753
0.753
0.753
0.75
0.75
0.755
0.747
0.747
0.752
0.76
0.753
0.756
0.754
0.761
0.76
0.759
0.759
0.765
0.765
0.765
0.756
0.764
0.764
0.763
0.765
0.771
0.773
0.772
0.772
0.772
0.78
0.779
0.778
0.787
0.779
0.788
0.786
0.795
0.795
0.796
0.795
0.804
0.803
0.81
0.812
0.811
0.819
0.818
0.819
0.819
0.827
0.836
0.838
0.844
0.845
0.854
0.854
0.862
0.861
0.871
0.871
0.87
0.88
0.889
0.936
2.511
2.217
2.167
2.162
2.125
2.122
2.128
2.131
2.138
2.175
2.244
2.821
2.836
2.85
2.879
2.877
2.785
2.551
2.56
2.524
2.508
2.438
2.314
2.2
2.112
2.015
1.925
1.862
1.789
1.785
1.786
1.785
1.795
4.60827 2.53185 0.426812
