1 361
4.38
5.068
5.125
6.611
6.675
6.737
6.741
6.711
6.714
6.718
6.72
6.717
6.716
6.72
6.718
6.721
6.719
6.724
6.729
6.736
6.742
6.746
6.743
6.759
6.758
6.773
6.778
6.792
6.809
6.78
6.789
6.955
6.823
6.839
6.85
6.864
6.879
6.886
6.903
6.919
6.937
6.95
6.969
6.992
7.001
7.017
7.035
7.061
7.079
7.105
7.115
7.339
7.137
7.095
6.918
6.941
6.981
7.077
6.988
7.002
6.284
6.006
5.923
5.789
5.712
5.586
5.519
5.396
5.341
5.236
5.171
5.068
5.015
4.923
4.872
4.787
4.735
4.662
4.618
4.534
4.508
4.426
4.359
4.343
4.37
4.4
4.428
4.346
4.313
4.246
4.213
4.157
4.132
4.07
4.046
3.994
3.969
3.923
3.899
3.695
3.617
3.583
3.585
3.538
3.52
3.478
3.461
3.427
3.403
3.371
3.356
3.322
3.307
3.273
3.265
3.224
3.216
3.191
3.173
3.148
3.139
3.106
3.096
3.072
3.062
3.034
3.027
3
2.992
2.976
2.965
2.939
2.94
2.913
2.907
2.889
2.881
2.862
2.854
2.839
2.83
2.808
2.805
2.788
2.79
2.772
2.764
2.746
2.747
2.73
2.73
2.722
2.714
2.696
2.696
2.679
2.679
2.671
2.672
2.654
2.662
2.644
2.644
2.611
2.611
2.603
2.603
2.691
2.749
2.735
2.734
2.725
2.726
2.718
2.718
2.719
2.712
2.711
2.71
2.704
2.713
2.696
2.703
2.695
2.705
2.696
2.697
2.698
2.698
2.685
2.693
2.693
2.696
2.684
2.702
2.693
2.699
2.698
2.703
2.694
2.702
2.702
2.71
2.702
2.71
2.712
2.714
2.556
2.56
2.57
2.576
2.593
2.609
2.6
2.609
2.609
2.625
2.618
2.628
2.635
2.643
2.644
2.661
2.661
2.669
2.67
2.678
2.686
2.695
2.703
2.711
2.719
2.727
2.729
2.745
2.745
2.761
2.768
2.777
2.786
2.802
2.803
2.821
2.826
2.842
2.861
2.876
2.887
2.903
2.914
2.928
2.936
2.955
2.973
2.987
2.999
3.018
3.025
3.049
3.068
3.084
3.103
3.121
3.137
3.163
3.18
3.195
3.221
3.247
3.262
3.295
3.312
3.336
3.361
3.384
3.408
3.442
3.47
3.48
3.497
3.665
3.774
3.805
3.843
3.88
3.915
3.946
3.98
4.021
4.063
4.105
4.145
4.186
4.235
4.294
4.258
4.235
4.209
4.215
4.307
4.359
4.415
4.468
4.517
4.58
4.645
4.702
4.763
4.822
4.898
4.967
5.039
5.112
5.194
5.282
5.366
5.451
5.552
5.642
5.747
5.857
5.939
6.403
6.592
6.668
6.828
6.887
6.868
6.849
7.044
7.202
7.297
7.246
7.191
7.143
7.081
7.048
6.988
6.956
6.94
6.987
7.028
7.073
7.114
7.155
7.196
7.24
8.183
8.183
8.183
8.183
8.183
8.183
8.183
8.183
8.187
8.183
8.183
8.183
8.183
8.191
5.93769 2.69754 0.052962
