1 361
1.254
1.208
1.208
1.191
1.148
1.098
1.09
1.054
1.046
1.023
1.014
0.989
0.98
0.956
0.956
0.93
0.921
0.905
0.895
0.877
0.877
0.851
0.851
0.841
0.839
0.849
0.849
0.857
0.858
0.874
0.874
0.882
0.891
0.89
0.899
0.776
0.853
0.612
0.616
0.628
0.628
0.631
0.631
0.63
0.623
0.618
0.62
0.636
0.636
0.626
0.635
0.638
0.641
0.658
0.658
0.681
0.677
0.697
0.701
0.717
0.722
0.748
0.747
0.769
0.769
0.803
0.809
0.821
0.831
0.856
0.872
0.895
0.9
0.94
0.951
0.989
1.007
1.049
1.064
1.107
1.133
1.186
1.198
1.254
1.276
1.334
1.366
1.513
1.551
1.596
1.61
1.663
1.68
4.849
4.83
4.813
4.804
4.787
4.777
4.759
4.741
4.732
4.724
4.697
4.697
4.682
4.671
4.663
4.654
4.637
4.632
4.62
4.619
4.602
4.603
4.587
4.585
4.577
4.569
4.543
4.547
4.696
4.689
4.68
4.682
4.676
4.677
4.672
4.675
4.669
4.672
4.668
4.669
4.664
4.659
4.635
4.643
4.651
4.658
4.659
4.669
4.665
4.666
4.671
4.52
4.52
4.537
4.536
4.554
4.554
4.558
4.561
4.57
4.569
4.586
4.58
4.593
4.594
4.611
4.619
4.621
4.637
4.645
4.654
4.662
4.672
4.688
4.689
4.706
4.716
4.733
4.742
4.76
4.761
4.788
4.796
4.813
4.823
4.85
4.856
4.873
4.891
4.909
4.926
4.943
4.959
4.984
5.003
5.025
5.051
5.073
1.755
1.74
1.696
1.681
1.633
1.641
1.641
1.622
1.609
1.594
1.511
1.512
1.497
1.496
1.489
1.488
1.48
1.48
1.463
1.462
1.455
1.454
1.446
1.446
1.438
1.438
1.428
1.429
1.42
1.42
1.411
1.42
1.403
1.411
1.404
1.404
1.395
1.404
1.386
1.395
1.387
1.396
1.386
1.387
1.386
1.386
1.377
1.378
1.379
1.378
1.37
1.373
1.376
1.373
1.412
2.379
2.412
2.454
2.477
2.518
2.541
2.583
2.616
2.662
2.694
2.737
2.769
2.819
2.861
2.912
2.956
3.009
3.052
3.116
3.165
3.234
3.291
3.356
3.421
3.498
3.568
3.636
3.72
2.525
3.896
2.549
4.079
4.187
4.295
4.409
4.537
2.505
2.44
2.442
2.426
2.431
2.458
2.46
2.465
2.666
2.815
2.827
2.841
2.878
2.939
3.097
3.09
3.083
3.073
2.786
2.759
2.725
2.717
2.722
2.717
2.675
2.569
2.378
2.347
2.234
2.136
1.658
1.619
1.616
1.61
1.603
1.587
1.598
1.584
1.589
1.583
1.579
1.577
1.582
1.592
1.592
1.588
1.605
1.601
1.572
0.973
0.857
0.855
0.858
0.858
0.865
0.856
0.856
0.856
0.866
0.865
0.873
0.864
0.872
0.872
0.881
0.872
0.881
0.872
0.881
0.881
0.89
0.89
0.89
0.89
0.899
0.899
0.899
0.899
0.908
3.83865 2.15933 0.505142
