1 361
0.691
0.699
0.7
0.7
0.7
0.699
0.707
0.699
0.707
0.707
0.706
0.706
0.715
0.715
0.714
0.714
0.713
0.722
0.72
0.722
0.722
0.721
0.719
0.729
0.737
0.736
0.745
0.746
0.746
0.753
0.753
0.754
0.761
0.761
0.76
0.771
0.771
0.777
0.777
0.786
0.785
0.785
0.794
0.801
0.8
0.81
0.809
0.809
0.818
0.817
0.826
0.836
0.836
0.843
0.851
0.851
0.86
0.861
0.869
0.877
0.885
0.886
0.894
0.903
0.902
0.911
0.92
0.928
0.937
0.946
0.955
0.955
0.964
0.971
0.98
0.988
1.004
1.013
1.021
1.029
1.038
1.046
1.055
1.071
1.088
1.097
1.114
1.123
1.14
1.14
1.166
1.175
1.193
1.202
1.22
1.237
1.255
1.263
1.289
1.308
1.325
1.342
1.358
1.377
1.394
1.419
1.444
1.461
1.494
1.512
1.544
1.568
1.593
1.625
1.659
1.693
1.727
1.761
1.795
1.83
1.871
1.911
1.962
2.004
2.06
2.109
2.173
2.225
2.285
2.342
2.417
2.491
2.572
2.658
2.754
2.837
2.948
3.055
3.184
3.3
3.457
3.603
3.787
3.86
3.859
3.841
3.841
3.84
3.832
3.823
3.823
3.814
3.814
3.814
3.805
3.805
3.805
3.796
3.796
3.796
3.796
3.796
3.796
3.796
3.805
3.796
3.805
3.796
3.806
3.805
3.806
3.806
3.814
3.815
3.823
3.151
3.044
3.088
3.03
2.841
2.504
2.393
2.25
2.147
2.019
1.934
1.802
1.568
1.546
1.555
1.589
1.548
1.604
1.558
1.512
1.396
1.387
3.984
4
4.005
4.023
4.032
4.049
4.051
4.077
4.076
4.095
4.11
4.128
4.137
4.161
4.172
4.195
4.202
4.227
4.243
4.26
4.276
4.301
4.317
4.341
4.358
4.383
4.401
4.427
3.693
3.542
3.783
4.52
4.537
4.482
4.502
4.534
4.56
4.584
4.572
4.634
4.648
4.672
4.689
4.71
4.74
4.795
4.82
4.864
4.885
4.939
5.016
5.056
5.061
5.016
4.972
4.92
4.877
4.837
4.816
5.232
5.227
5.201
5.237
5.294
5.339
5.399
2.408
2.392
2.416
5.533
5.495
5.647
6.307
6.4
6.323
5.833
6.617
4.262
4.278
4.253
4.245
4.177
7.151
7.275
7.37
7.476
7.25
7.069
7.022
7.027
7.142
6.825
6.694
5.711
5.686
5.684
5.645
5.763
5.652
5.627
5.571
5.578
5.63
5.607
5.675
8.187
6.467
5.988
5.74
4.94
4.911
4.932
4.975
5.181
4.957
4.941
5.149
5.195
5.193
5.199
5.214
5.229
5.315
5.597
5.037
4.991
4.969
4.832
4.835
8.183
6.154
5.445
5.23
5.327
8.183
5.873
6.011
8.183
8.173
8.163
8.163
7.292
7.207
7.146
7.094
7.077
7.095
7.171
7.32
7.679
7.675
7.183
7.152
7.129
7.134
7.144
7.172
7.542
7.718
7.718
7.713
8.183
8.191
6.687
2.95044 8.59654 2.18657
