1 361
1.338
1.355
1.355
1.372
1.371
1.389
1.388
1.405
1.404
1.42
1.421
1.437
1.437
1.462
1.462
1.487
1.487
1.513
1.512
1.537
1.537
1.561
1.562
1.586
1.586
1.611
1.619
1.643
1.652
1.685
1.685
1.711
1.719
1.746
1.754
1.789
1.797
1.832
1.841
1.874
1.874
1.916
1.925
1.975
1.976
2.018
2.027
2.08
2.089
2.132
2.142
2.204
2.201
2.262
2.28
2.34
2.346
2.413
2.43
2.504
2.519
2.594
2.611
2.689
2.704
2.797
2.814
2.916
2.933
3.047
3.073
3.185
3.209
3.342
3.374
3.501
3.503
3.484
3.476
3.467
3.468
3.451
3.442
3.434
3.427
3.418
3.418
3.402
3.394
3.386
3.385
3.377
3.377
3.369
3.369
3.361
3.353
3.352
3.352
3.342
3.342
1.05
1.043
1.059
1.051
1.07
1.068
2.581
2.542
1.095
1.078
2.27
3.312
3.328
3.327
3.336
3.327
3.336
3.335
3.336
3.335
3.343
3.343
3.352
3.344
3.351
3.36
3.368
3.368
3.377
3.377
3.385
3.385
3.394
3.402
3.41
3.409
3.417
3.426
3.434
3.434
3.451
3.451
3.468
3.468
3.485
3.493
3.502
3.511
3.527
3.528
3.546
3.554
3.571
3.572
3.598
3.607
3.625
3.625
3.65
3.657
3.675
3.683
3.7
3.718
3.735
3.743
3.777
3.786
2.984
2.925
3.046
3.846
3.883
3.891
3.914
3.858
3.882
3.889
3.925
3.932
3.953
3.942
4.004
4.007
4.036
4.042
4.059
4.065
4.12
4.141
4.181
4.195
4.251
4.267
4.348
4.378
4.436
4.443
4.392
4.369
4.31
4.3
4.243
4.222
4.221
4.425
4.593
4.584
4.603
4.627
4.694
4.718
4.77
4.754
4.825
4.847
1.778
1.786
1.768
1.768
5.736
5.777
5.883
5.918
6.032
6.081
6.201
6.242
6.375
6.422
3.635
3.583
6.756
6.814
6.977
6.547
6.463
6.455
5.684
5.667
5.627
5.627
5.582
5.567
5.533
5.527
5.492
5.485
5.416
5.097
5.054
5.048
5.023
5.005
4.943
4.984
4.943
5.286
5.278
5.271
5.244
5.235
4.42
4.379
4.363
4.408
5.171
4.987
4.689
4.695
4.661
4.662
4.645
4.644
4.599
4.58
4.576
4.599
4.713
5.03
7.762
7.762
7.752
7.745
7.736
7.736
7.729
7.728
7.72
7.729
7.72
7.729
7.721
7.729
7.414
7.413
7.394
7.405
7.393
7.541
7.658
7.665
7.603
7.605
7.63
7.622
7.693
7.705
7.714
7.721
7.737
7.747
7.747
7.713
7.887
7.895
7.92
7.93
7.947
7.956
7.983
7.736
6.916
6.901
6.555
6.367
4.214
4.233
5.835
5.851
5.861
5.682
5.409
5.252
4.907
4.913
4.926
4.935
4.952
4.968
4.985
4.75
4.85
5.03
3.643
3.569
3.424
3.398
3.308
3.277
3.205
3.182
3.145
3.164
3.017
3
2.93
2.904
2.525
2.501
2.50689 9.04819 2.74868
