1 361
5.56
5.515
5.468
5.414
5.337
5.286
5.248
5.242
5.037
4.99
4.939
4.916
4.888
4.862
4.83
4.851
5.192
5.167
5.157
5.187
4.936
4.883
4.866
4.808
4.72
4.681
4.638
4.641
4.618
4.684
4.83
5.033
5.163
5.213
4.748
4.119
4.102
4.084
4.067
4.058
4.04
4.022
4.005
3.997
3.979
3.971
3.953
3.936
3.927
3.91
3.901
3.887
3.876
3.87
3.861
3.853
3.843
3.827
3.819
3.82
3.801
3.802
3.793
3.786
3.776
3.768
3.76
3.759
3.756
3.749
3.743
3.735
3.732
3.726
3.725
3.726
3.717
3.719
3.711
3.712
3.713
3.714
3.713
3.71
3.707
3.707
3.701
3.706
3.709
3.708
3.705
3.702
3.713
3.71
3.714
3.72
3.719
3.721
3.723
3.724
3.731
3.732
3.738
3.738
3.747
3.748
3.754
3.763
3.765
3.773
3.78
3.777
3.785
3.823
4.977
4.986
5.012
5.011
5.019
5.036
5.054
5.061
5.077
5.094
5.102
5.119
5.135
5.152
5.168
5.184
5.2
5.217
5.241
5.259
5.276
5.293
5.32
5.336
5.364
5.389
5.405
5.43
5.447
5.472
5.497
5.532
5.557
5.583
5.608
5.636
5.662
5.7
5.726
5.761
5.787
5.822
5.856
5.89
5.932
5.965
5.99
6.039
6.08
6.121
6.154
6.209
6.245
6.179
6.116
6.044
5.98
5.926
5.868
5.81
5.758
3.008
2.984
2.957
2.939
2.915
2.899
2.864
2.848
2.821
2.807
2.78
2.764
2.748
2.73
2.704
2.686
2.679
2.661
2.643
2.626
2.609
2.592
2.584
2.559
2.551
2.534
2.526
2.501
2.493
2.477
2.469
2.452
2.443
2.435
2.427
2.41
2.401
2.393
2.385
2.367
2.359
2.35
2.342
2.334
2.324
2.317
2.307
2.3
2.292
2.283
2.283
2.274
2.265
2.256
2.256
2.248
2.248
2.239
2.23
2.221
2.221
2.221
2.212
2.203
2.203
2.203
2.194
2.194
2.185
2.185
2.176
2.176
2.168
2.178
2.84
2.861
2.886
2.954
3.004
3.072
3.419
3.423
3.434
3.41
3.468
3.541
3.809
3.984
3.983
3.771
3.965
3.975
3.966
3.467
3.22
3.214
3.216
3.217
3.222
3.166
3.232
3.747
3.922
3.911
3.435
3.3
3.258
3.262
3.664
3.494
3.379
3.23
3.225
3.229
3.235
3.251
3.258
3.27
3.849
3.726
3.6
3.486
3.369
3.265
3.181
3.182
3.191
3.2
3.208
3.208
3.225
3.234
3.243
3.251
3.26
3.277
3.616
3.58
3.533
3.479
3.447
3.407
3.366
3.322
3.344
7.904
7.935
7.973
8.009
8.042
8.087
8.118
8.161
8.183
8.183
8.183
8.183
8.183
8.183
4.927
4.865
4.842
4.814
4.704
4.684
4.669
4.655
4.638
4.621
4.605
4.593
4.577
4.564
4.552
4.549
4.529
4.707
5.333
5.375
5.418
5.47
5.512
5.563
5.607
5.66
5.704
12.295 6.08102 0.938053
