1 361
3.896
3.877
3.869
3.85
3.842
3.823
3.824
3.806
3.797
1.418
1.417
1.413
1.401
3.751
3.741
1.412
1.411
3.72
3.711
3.701
3.702
1.87
1.866
3.684
3.685
2.457
2.455
3.659
3.652
3.667
3.659
3.658
3.659
3.658
3.65
3.658
3.65
3.658
3.65
3.658
3.649
3.656
3.649
3.657
3.65
3.657
3.657
3.666
3.657
3.675
3.667
3.675
3.667
3.683
3.676
3.693
3.693
3.701
3.701
3.709
3.71
3.726
3.726
3.735
3.736
3.752
3.752
3.777
3.769
3.795
3.787
3.812
3.803
3.83
3.822
3.848
3.84
3.875
3.866
3.893
3.894
3.92
3.911
3.084
3.078
3.973
3.964
4
4.001
4.035
4.034
4.069
4.06
4.013
4.004
4.049
4.039
4.084
4.073
4.108
4.107
4.134
4.134
4.162
4.155
4.202
4.202
4.265
4.256
4.314
4.305
4.371
4.362
4.466
4.457
4.504
4.512
4.404
4.401
1.783
1.787
1.804
1.8
4.695
4.695
4.596
4.597
4.652
4.642
4.728
4.717
4.76
4.758
4.841
4.832
4.911
4.921
4.842
4.845
5.635
5.634
5.748
5.749
3.598
3.667
3.576
3.585
3.646
3.641
6.289
6.289
6.452
6.452
6.62
6.619
6.798
6.799
6.385
6.376
5.567
5.577
5.516
5.514
5.446
5.453
5.403
5.401
5.354
5.353
4.947
4.949
4.908
4.916
4.898
4.898
4.958
4.974
5.132
5.133
5.094
5.093
4.208
4.21
4.191
4.189
4.853
4.862
4.504
4.496
4.479
4.478
4.449
4.44
4.412
4.412
4.35
4.349
4.352
4.342
4.855
4.832
6.288
6.286
7.523
7.533
7.507
7.514
7.488
7.498
7.48
7.478
7.462
7.469
7.452
7.453
7.442
7.451
7.44
7.443
7.147
7.147
7.13
7.13
7.281
7.293
7.361
7.361
7.368
7.369
7.378
7.378
7.385
7.387
7.394
7.393
7.403
7.412
7.42
7.419
7.541
7.55
7.566
7.567
7.592
7.593
7.619
7.62
6.674
6.677
6.263
6.245
5.488
5.49
5.476
5.483
5.511
5.51
4.871
4.877
4.531
4.53
4.551
4.559
4.565
4.574
3.568
3.594
3.329
3.338
3.238
3.247
3.263
3.272
3.29
3.3
3.34
3.34
3.281
3.282
3.059
3.071
2.216
2.233
2.007
2.014
1.957
1.957
1.92
1.931
1.899
1.898
1.872
1.883
1.859
1.865
1.846
1.855
1.863
1.868
2.222
2.24
2.176
2.185
2.134
2.141
2.106
2.116
2.08
2.08
2.095
2.103
2.137
2.137
2.175
2.182
1.737
1.739
1.751
1.752
1.735
1.735
1.698
1.707
1.663
1.672
1.63
1.638
1.597
1.596
1.545
1.553
1.512
1.512
1.477
1.484
1.379
1.381
1.343
1.345
1.312
1.32
1.294
1.294
1.276
1.276
1.263
1.263
1.245
1.247
1.234
1.25
1.233
1.245
1.226
1.237
1.227
1.234
1.227
1.227
1.225
1.228
2.48334 9.05271 3.47101
