1 361
1.612
1.662
1.686
1.727
1.762
1.813
1.837
1.895
1.93
1.996
2.038
2.11
2.155
2.224
2.275
2.368
2.423
2.522
2.596
2.709
2.777
2.911
3.017
3.166
3.282
3.453
3.617
3.829
4
4.258
4.504
4.832
4.918
4.91
4.909
4.907
4.898
4.898
4.889
4.89
4.89
4.88
4.879
4.879
4.879
4.881
4.88
4.882
4.881
4.88
4.88
4.89
4.89
4.89
4.899
4.898
4.883
4.117
4.128
3.965
3.511
3.237
2.655
2.634
2.628
2.618
2.498
2.294
2.206
2.088
2.041
1.923
1.911
1.92
5.042
5.053
5.069
5.077
5.094
5.101
5.118
5.135
5.152
5.168
5.185
5.193
5.217
5.234
5.251
5.267
5.286
5.302
5.32
5.336
5.363
4.574
4.554
5.422
5.447
5.471
5.496
5.444
5.47
5.497
5.522
5.519
5.567
5.584
5.6
5.609
5.623
5.653
5.698
5.728
5.768
5.803
5.896
3.254
3.233
3.232
5.819
5.75
5.681
5.852
6.01
6.044
6.111
6.146
6.202
6.259
6.217
6.173
6.234
6.282
6.316
6.249
6.887
6.974
4.986
4.965
4.932
5.033
7.313
7.371
7.451
7.524
7.6
7.676
7.766
7.846
7.941
8.021
8.114
7.044
6.874
6.828
6.782
6.744
6.702
6.661
6.246
6.205
6.171
6.125
6.204
6.288
6.405
6.367
5.411
5.372
5.433
6.238
6.224
5.709
5.644
5.618
5.594
5.56
5.513
5.459
5.442
5.485
5.572
5.68
5.951
5.964
6.114
7.917
7.439
7.299
7.327
8.183
8.183
8.183
8.183
8.183
8.183
8.183
8.183
8.183
8.183
8.183
8.183
8.183
8.183
8.183
8.183
8.011
8
7.965
7.958
7.918
8.172
8.171
8.168
1.285
1.235
1.201
1.174
1.149
1.128
1.096
1.095
1.107
0.963
0.948
0.957
0.956
0.956
0.96
0.993
0.993
0.993
0.96
0.971
0.973
0.97
0.969
0.973
0.961
0.969
0.967
0.966
0.964
0.975
0.973
0.972
0.974
0.981
0.98
0.98
0.982
0.981
0.98
0.989
0.987
0.998
0.987
0.997
0.996
1.004
0.997
1.005
1.013
1.014
1.012
1.023
1.021
1.022
1.029
1.029
1.029
1.037
1.036
1.053
1.045
1.052
1.052
1.061
1.059
1.077
1.077
1.086
1.083
1.094
1.093
1.109
1.109
1.109
1.117
1.126
1.127
1.135
1.143
1.153
1.15
1.161
1.169
1.179
1.181
1.158
1.15
1.149
1.141
1.122
1.123
1.113
1.106
1.096
1.088
1.07
1.07
1.051
1.041
1.031
1.023
1.012
1.005
0.986
0.985
0.968
0.959
0.943
0.936
0.935
0.964
1.171
1.162
1.154
1.155
1.137
1.128
1.119
1.119
1.102
1.102
1.093
1.085
1.078
1.077
1.069
1.061
1.049
1.056
1.04
1.041
1.032
1.024
0.93
0.823
0.719
0.713
0.696
0.689
0.671
0.672
0.663
0.674
0.663
0.665
0.663
3.8353 8.20419 3.25783
