1 361
7.982
7.947
7.947
7.921
7.921
6.851
6.84
6.779
6.771
6.759
6.751
6.774
6.767
7.35
7.339
6.801
6.801
6.742
6.745
6.751
6.731
6.765
8.187
3.977
3.977
1.973
1.969
1.874
1.873
1.822
1.824
0.976
1.022
0.834
0.835
0.791
0.793
0.766
0.758
0.746
0.748
0.725
0.724
0.7
0.707
0.676
0.681
0.671
0.669
0.674
0.67
0.635
0.647
0.585
0.597
0.542
0.553
0.544
0.535
0.543
0.546
0.551
0.543
0.552
0.542
0.558
0.551
0.56
0.55
0.559
0.561
0.569
0.56
0.568
0.568
0.577
0.57
0.575
0.577
0.585
0.577
0.593
0.585
0.593
0.594
0.601
0.596
0.601
0.602
0.612
0.601
0.62
0.611
0.627
0.618
0.637
0.626
0.641
0.633
0.65
0.642
0.659
0.651
0.667
0.658
0.676
0.667
0.682
0.676
0.691
0.691
0.709
0.699
0.716
0.708
0.733
0.725
0.742
0.742
0.759
0.75
0.777
0.777
0.802
0.794
0.822
0.814
0.842
0.833
0.864
0.872
0.902
0.893
0.93
0.921
0.966
0.958
1.029
1.013
1.098
1.088
1.091
1.09
1.074
1.074
1.005
1.065
0.98
0.989
0.98
0.98
0.98
0.98
0.971
0.971
0.964
0.964
0.964
0.964
0.955
0.955
0.955
0.955
0.946
0.946
0.937
0.937
0.928
0.936
0.928
0.928
0.92
0.92
0.91
0.919
0.901
0.91
0.901
0.902
0.892
0.902
0.884
0.893
0.888
0.884
1.071
1.071
1.062
1.072
1.062
1.072
1.065
1.064
1.053
1.058
1.057
1.053
1.05
1.053
1.053
1.052
1.052
1.049
1.053
1.052
1.046
1.056
1.045
1.056
1.044
1.05
1.052
1.053
1.05
1.056
1.049
1.056
1.033
1.059
0.813
0.817
0.811
0.81
0.785
0.789
0.79
0.798
0.776
0.779
0.785
0.785
0.783
0.784
0.785
0.792
0.791
0.792
0.8
0.8
0.799
0.81
0.809
0.816
0.816
0.815
0.824
0.826
0.824
0.833
0.834
0.833
0.842
0.85
0.849
0.85
0.858
0.858
0.865
0.867
0.875
0.875
0.884
0.884
0.893
0.9
0.907
0.908
0.908
0.917
0.925
0.935
0.941
0.942
0.95
0.958
0.967
0.973
0.983
0.983
0.998
0.998
1.016
1.015
1.03
1.029
1.048
1.054
1.072
1.072
1.087
1.088
1.106
1.115
1.13
1.13
1.147
1.157
1.174
1.183
1.2
1.209
1.234
1.233
1.259
1.269
1.293
1.302
1.367
1.374
1.417
1.42
1.435
1.443
1.467
1.476
1.499
1.506
1.529
1.57
5.047
5.055
4.981
4.989
4.93
4.93
4.879
4.878
4.827
4.835
4.783
4.784
4.738
4.739
4.696
4.696
4.66
4.659
4.616
4.62
4.584
4.584
4.55
4.551
4.516
4.517
4.484
4.493
4.458
4.458
4.44
4.439
4.406
4.415
4.38
4.389
4.365
4.365
4.349
4.348
4.324
4.333
2.43293 8.80298 5.2824
