1 361
1.816
1.825
1.827
1.82
1.827
1.831
1.827
1.83
1.828
1.816
1.816
1.729
1.728
1.729
1.727
1.736
1.736
1.736
1.74
1.739
1.696
1.615
1.623
1.624
1.624
1.631
1.645
1.661
1.67
1.67
1.678
1.678
1.687
1.687
1.694
1.694
1.703
1.713
1.72
1.721
1.729
1.738
1.738
1.746
1.755
1.764
1.773
1.772
1.781
1.785
1.798
1.807
1.807
1.815
1.823
1.833
1.842
1.85
1.858
1.867
1.878
5.085
5.115
5.15
5.174
5.204
5.238
5.262
5.308
5.334
5.372
5.397
5.439
5.474
5.519
5.553
5.586
5.631
5.675
5.71
5.759
5.799
5.832
5.844
5.885
5.987
6.046
6.096
6.149
6.203
6.26
6.302
6.381
6.431
6.503
6.556
6.627
6.695
6.77
6.833
6.916
6.993
7.072
7.14
7.234
7.31
7.402
7.493
7.589
7.678
7.79
7.884
8.003
4.042
4.027
4.001
3.983
3.966
4.026
4.077
4.146
4.207
4.278
4.348
4.432
4.497
4.587
4.657
4.749
4.83
4.938
5.02
5.137
5.23
5.357
5.48
5.601
5.725
5.885
6.007
6.171
6.311
6.414
6.396
6.384
6.361
6.346
6.33
6.311
6.298
6.284
6.27
6.263
6.244
6.243
6.223
6.216
6.203
6.203
6.188
6.177
6.173
6.163
6.154
6.153
6.141
6.139
6.133
6.135
6.119
6.122
6.115
6.119
6.12
6.12
6.108
6.113
6.099
6.115
6.105
6.111
6.11
4.933
4.217
3.523
3.159
3.155
3.156
3.155
3.155
3.164
3.164
3.164
3.168
3.175
3.171
3.18
3.189
3.196
3.189
3.206
3.205
3.214
3.222
3.222
3.23
3.239
3.238
3.256
3.254
3.271
3.272
3.278
3.287
3.295
3.303
3.312
3.319
3.335
3.337
3.36
3.361
3.377
3.386
3.401
3.411
3.413
3.356
3.293
3.25
3.182
3.131
3.07
3.016
2.963
2.922
2.876
2.833
2.784
2.744
2.7
2.666
2.622
2.595
2.555
2.522
2.488
2.464
2.424
2.399
2.365
2.34
2.306
2.29
2.256
2.232
2.205
2.188
2.153
2.144
2.118
2.099
2.072
2.057
2.038
2.021
2.004
1.988
1.961
1.943
1.928
1.911
1.893
1.886
1.867
1.852
1.834
1.826
1.81
1.802
1.783
1.777
1.758
1.751
1.741
1.724
1.716
1.706
1.689
1.684
1.674
1.666
1.658
1.649
1.634
1.624
1.617
1.609
1.6
1.593
1.584
1.576
1.568
1.559
1.551
1.551
1.544
1.534
1.527
1.527
1.519
1.51
1.51
1.501
1.493
1.493
1.484
1.477
1.477
1.468
1.467
1.459
1.46
1.451
1.451
1.443
1.443
1.435
1.435
1.426
1.422
1.418
1.419
1.419
1.41
1.41
1.41
1.41
1.41
1.401
1.402
1.402
1.394
1.395
1.396
1.396
1.39
1.389
1.386
1.387
1.38
1.383
1.386
1.383
1.379
1.382
1.378
1.381
1.372
1.372
1.372
-2.48539 11.7573 4.34215
