1 361
1.45
1.45
1.443
1.45
1.443
1.443
1.445
1.445
1.437
1.443
1.445
1.287
1.291
1.287
1.29
1.285
1.283
1.291
1.291
1.291
1.3
1.304
1.307
1.307
1.299
1.303
1.309
1.303
1.309
1.305
1.314
1.313
1.313
1.322
1.312
1.321
1.322
1.321
1.331
1.321
1.33
1.33
1.329
1.338
1.339
1.341
1.347
1.347
1.347
1.356
1.355
1.356
1.364
1.364
1.363
1.373
1.382
1.382
1.383
1.391
1.391
1.404
1.407
1.407
1.416
1.416
1.425
1.433
1.433
1.441
1.45
1.459
1.459
1.466
1.475
1.486
1.488
1.499
1.509
1.509
1.516
1.525
1.534
1.539
1.55
1.556
1.565
1.573
1.587
1.597
1.596
1.613
1.622
1.629
1.646
1.652
1.671
1.677
1.694
1.702
1.71
1.727
1.743
1.761
1.771
1.786
1.804
1.82
1.829
1.839
1.862
1.88
1.896
1.922
1.931
1.955
1.973
1.992
2.014
2.032
2.06
2.077
2.103
2.131
2.15
2.174
2.199
2.226
2.252
6.07
5.944
5.596
5.607
5.284
3.765
3.706
3.697
3.671
3.656
3.639
3.71
3.801
3.857
3.925
3.987
4.051
4.129
4.197
4.274
4.357
4.443
4.509
4.501
4.482
4.474
4.448
4.439
4.422
4.414
4.386
4.387
4.37
4.361
4.345
4.347
4.477
4.725
4.881
4.98
5.093
5.262
5.478
7.906
7.882
7.876
7.853
7.845
7.824
7.819
7.795
8.056
8.183
8.183
8.183
8.183
8.183
8.183
8.183
8.183
8.191
8.183
8.183
8.183
8.187
8.187
8.191
8.191
7.477
7.478
7.462
7.462
7.451
7.455
7.438
7.436
7.43
7.427
7.421
7.421
7.413
7.42
7.412
7.42
7.41
7.42
7.41
7.417
7.409
7.418
7.417
7.423
7.425
7.433
7.431
7.434
7.399
7.158
6.923
6.708
6.485
6.26
6.064
5.886
5.722
5.575
5.434
5.29
5.164
5.045
4.915
4.81
4.709
4.613
4.507
4.405
4.267
4.195
4.206
4.233
4.264
4.415
4.334
4.518
5.733
5.757
5.785
5.821
5.853
5.929
5.954
5.984
6.012
6.051
6.072
6.018
6.015
6.054
6.01
5.968
6.016
6.067
6.107
6.151
6.181
6.228
6.26
6.31
2.628
2.604
2.572
2.574
2.545
2.521
2.505
2.48
2.457
2.431
2.405
2.39
2.373
2.348
2.332
2.315
2.29
2.281
2.265
2.24
2.232
2.213
2.196
2.177
2.168
2.153
2.135
2.116
2.11
2.091
2.082
2.064
2.055
2.046
2.031
2.02
2.015
1.997
1.988
1.973
1.962
1.953
1.949
1.94
1.93
1.913
1.906
1.901
1.894
1.889
1.872
1.866
1.866
1.857
1.849
1.841
1.831
1.823
1.823
1.814
1.806
1.806
1.798
1.789
1.79
1.782
1.782
1.773
1.773
1.756
1.756
1.753
1.749
1.748
1.739
1.739
1.74
1.732
1.733
1.724
1.724
1.724
1.716
1.716
2.42312 12.0611 2.44531
