1 361
1.928
1.944
1.945
1.96
1.97
1.987
1.984
2.011
2.011
2.037
2.035
2.054
2.053
2.079
2.078
2.104
2.112
2.14
2.147
2.174
2.181
2.158
2.149
2.114
2.104
2.071
2.057
2.081
2.09
2.146
2.146
2.181
2.181
2.216
2.225
2.249
2.258
2.291
2.3
2.341
2.35
2.385
2.392
2.403
2.39
2.336
2.322
2.279
2.255
2.21
2.202
2.16
2.151
2.1
2.098
2.062
2.053
2.012
2.003
1.971
1.962
1.935
1.917
1.922
1.921
1.939
1.939
1.948
1.956
1.965
1.965
1.981
1.981
1.999
2.007
2.014
2.025
2.034
2.034
2.051
2.051
2.069
2.078
2.087
2.095
2.113
2.122
2.132
2.14
2.158
2.167
2.185
2.195
6.049
6.166
6.433
8.183
8.183
8.183
8.183
8.183
8.183
8.183
8.183
8.183
8.183
8.183
8.183
8.183
8.187
8.187
8.183
8.183
8.183
8.183
8.183
8.183
8.187
8.187
8.183
8.183
8.183
8.183
8.183
8.183
8.183
8.183
8.183
8.183
8.183
8.183
8.183
8.183
8.183
8.183
8.183
8.183
8.183
8.183
8.183
8.183
8.183
8.183
8.183
8.183
8.183
8.183
8.183
6.528
6.256
6.137
5.829
5.715
5.461
5.361
5.13
5.042
4.835
4.754
4.561
4.498
4.342
4.276
4.128
4.079
3.947
3.893
3.781
3.737
3.631
3.584
3.483
3.448
3.352
3.319
3.239
3.199
3.12
3.095
3.017
2.988
2.918
2.902
2.836
2.809
2.752
2.734
2.668
2.657
2.598
2.588
2.531
2.524
2.475
2.458
2.375
2.367
2.327
2.348
2.365
2.381
2.398
2.415
2.413
2.401
2.36
2.352
2.318
2.309
2.269
2.269
2.233
2.225
2.19
2.191
2.155
2.146
2.121
2.112
2.093
2.086
2.058
2.059
2.032
2.04
8.183
8.183
7.381
7.396
8.183
8.183
8.183
8.183
8.183
8.183
8.183
8.183
8.183
8.183
8.183
8.183
8.183
8.183
8.183
8.183
8.183
7.965
7.879
7.924
8.183
8.183
8.113
8.078
8
7.956
7.957
8.093
8.183
8.183
8.183
8.183
8.183
8.183
8.183
8.183
8.183
8.183
8.183
8.183
1.467
1.463
1.455
1.454
1.445
1.446
1.447
1.453
1.451
1.451
1.451
1.441
1.442
1.441
1.434
1.442
1.434
1.434
1.425
1.434
1.418
1.426
1.391
1.319
1.26
1.371
1.404
1.403
1.395
1.396
1.397
1.397
1.395
1.397
1.392
1.398
1.396
1.398
1.387
1.402
1.399
1.404
1.392
1.408
1.397
1.402
1.4
1.403
1.398
1.412
1.408
1.425
1.417
1.419
1.428
1.429
1.423
1.432
1.432
1.436
1.434
1.312
1.449
1.468
1.468
1.45
1.435
1.446
1.435
1.443
1.435
1.448
1.437
1.455
1.444
1.455
1.444
1.452
1.45
1.459
1.458
1.466
1.467
1.475
1.475
1.475
1.475
1.482
1.483
1.5
1.493
1.508
6.48002 7.78852 2.53461
