1 361
0.888
0.897
0.904
0.914
0.912
0.921
0.92
0.929
0.929
0.937
0.944
0.952
0.957
0.96
0.968
0.977
0.984
0.991
1.021
1.066
1.069
1.078
1.088
1.087
1.078
1.083
1.083
1.093
1.101
1.101
1.111
1.119
1.118
1.136
1.136
1.144
1.154
1.156
5.831
5.764
5.702
5.643
5.592
5.529
5.477
5.43
5.38
5.306
5.314
5.357
5.392
5.34
5.293
5.252
5.2
5.157
5.117
5.076
5.034
5.003
4.962
4.926
4.893
4.665
4.634
4.638
4.603
4.568
4.535
4.509
4.475
4.458
4.433
4.406
4.382
4.355
4.331
4.306
4.282
4.256
4.241
4.217
4.192
4.176
4.151
4.134
4.117
4.1
4.083
4.067
4.051
4.033
4.017
4.006
3.99
3.973
3.964
3.946
3.93
3.919
3.901
3.896
3.885
3.875
3.858
3.85
3.84
3.833
3.822
3.814
3.805
3.787
3.764
3.764
3.882
3.904
3.901
3.89
3.881
3.872
3.873
3.863
3.857
3.855
3.848
3.847
3.847
3.838
3.838
3.829
3.83
3.831
3.83
3.822
3.816
3.818
3.813
3.817
3.814
3.813
3.811
3.766
3.652
3.661
3.674
3.682
3.681
3.688
3.685
3.69
3.691
3.688
3.688
3.696
3.706
3.706
3.705
3.712
3.721
3.727
3.727
3.738
3.737
3.745
3.753
3.763
3.771
3.779
3.781
3.787
3.798
3.814
3.815
3.823
3.832
3.85
3.86
3.868
3.877
3.886
3.903
3.92
3.919
3.948
3.946
3.965
3.973
3.998
4.007
4.023
4.034
4.058
4.067
4.092
4.1
4.127
4.144
4.159
4.184
4.193
4.203
4.227
4.422
4.449
4.474
4.498
4.52
4.546
4.573
4.606
4.623
4.656
4.682
4.71
0.901
0.891
0.883
0.874
0.866
0.859
0.849
0.832
0.832
0.815
0.814
0.805
0.797
0.786
0.797
0.802
0.801
0.792
0.782
0.779
0.776
0.784
0.791
0.785
0.777
0.773
0.737
0.737
0.72
0.699
0.694
0.692
0.691
0.695
0.695
0.694
0.688
0.694
0.697
0.688
0.682
0.689
0.692
0.692
0.686
0.695
0.686
0.688
0.69
0.684
0.683
0.695
0.692
0.697
0.69
0.694
0.694
0.694
0.692
0.692
0.69
0.69
0.69
0.696
0.699
0.697
0.697
0.698
0.697
0.705
0.704
0.705
0.705
0.714
0.714
0.712
0.719
0.72
0.721
0.72
0.721
0.728
0.73
0.727
0.738
0.737
0.735
0.736
0.745
0.752
0.754
0.76
0.761
0.761
0.768
0.769
0.767
0.777
0.775
0.784
0.783
0.782
0.793
0.8
0.801
0.808
0.809
0.817
0.817
0.826
0.826
0.834
0.834
0.844
0.941
2.079
2.086
2.086
2.088
2.083
2.131
2.156
2.768
2.802
2.815
2.846
2.828
2.698
2.509
2.518
2.492
2.486
2.467
2.352
2.267
2.15
2.081
1.972
1.918
1.846
1.796
1.755
1.755
1.764
1.765
1.775
1.775
4.63917 2.54555 0.469982
