1 361
1.949
1.896
1.87
1.82
1.795
1.751
1.726
1.69
1.665
1.63
1.605
1.572
1.556
1.524
1.505
1.473
1.464
1.422
1.423
1.388
1.381
1.355
1.338
1.312
1.303
1.278
1.279
1.252
1.238
1.247
1.247
1.255
1.186
1.147
1.147
1.121
1.121
1.104
1.095
1.078
1.069
1.061
1.053
1.036
1.028
1.019
1.011
1.003
0.995
0.977
0.977
0.968
0.961
0.952
0.952
0.935
0.934
0.925
0.925
0.942
0.95
0.966
0.975
0.984
0.993
1.009
1.017
1.034
1.042
1.067
1.076
1.092
1.11
1.126
1.145
1.161
1.17
1.013
0.802
0.747
0.752
0.767
0.771
0.766
0.765
0.772
0.778
0.78
0.779
0.786
0.815
0.845
0.876
0.919
0.944
1.011
1.04
1.123
1.176
1.261
1.336
1.451
1.556
1.798
1.848
4.955
4.946
4.926
4.916
4.909
4.9
4.891
4.882
4.866
4.858
4.844
4.842
4.84
4.831
4.823
4.817
4.815
4.806
4.795
4.776
4.772
4.927
4.915
4.916
4.91
4.913
4.908
4.904
4.901
4.908
4.895
4.908
4.872
4.881
4.898
4.907
4.907
4.909
4.901
4.917
4.912
4.919
4.802
4.768
4.79
4.797
4.805
4.806
4.809
4.822
4.822
4.841
4.841
4.852
4.848
4.865
4.865
4.882
4.882
4.9
4.9
4.918
4.929
4.952
4.952
4.969
4.978
4.994
5.003
5.02
5.037
5.046
5.062
5.077
5.096
5.111
5.126
5.151
5.161
5.185
5.201
5.227
5.244
5.269
5.287
5.312
2.025
2.002
1.971
1.936
1.907
1.909
1.89
1.871
1.828
1.78
1.768
1.767
1.748
1.748
1.732
1.732
1.724
1.722
1.707
1.706
1.697
1.697
1.688
1.681
1.672
1.671
1.663
1.661
1.655
1.654
1.646
1.646
1.637
1.638
1.63
1.638
1.621
1.622
1.621
1.621
1.614
1.622
1.606
1.614
1.606
1.602
1.746
2.531
2.547
2.589
2.606
2.64
2.667
2.701
2.726
2.766
2.793
2.834
2.86
2.911
2.936
2.988
3.014
3.069
3.103
3.163
3.189
3.256
3.29
3.354
3.386
3.459
3.502
3.58
3.622
3.709
2.741
3.856
2.713
4.005
4.073
4.174
4.24
2.68
2.656
2.626
2.611
2.606
2.597
2.64
2.629
2.707
2.886
2.982
2.989
3.01
3.016
3.067
3.266
3.245
3.238
3.107
2.917
2.869
2.86
2.835
2.702
1.758
1.742
1.725
1.71
0.961
0.961
0.961
0.952
0.952
0.953
0.954
0.954
0.945
0.947
0.949
0.952
0.955
0.949
0.951
0.954
0.948
0.95
0.951
0.952
0.951
0.951
0.957
0.955
0.951
0.948
0.955
0.951
0.949
0.947
0.956
0.955
0.954
0.954
0.953
0.952
0.954
0.953
0.961
0.961
0.961
0.961
0.961
0.968
0.968
0.968
0.968
0.977
0.977
0.977
0.977
0.986
0.986
0.986
0.995
0.986
0.995
0.995
1.003
3.57922 2.02188 0.470872
