1 361
1.163
1.17
1.162
1.171
1.17
1.179
1.179
1.179
1.178
1.186
1.185
1.193
1.193
1.202
1.201
1.2
1.208
1.217
1.216
1.215
1.213
1.231
1.23
1.239
1.238
1.239
1.246
1.255
1.253
1.264
1.262
1.278
1.277
1.286
1.284
1.3
1.298
1.315
1.313
1.322
1.329
1.337
1.344
1.356
1.365
1.378
1.389
1.404
1.415
1.434
1.443
1.461
1.471
1.5
1.502
1.528
1.546
1.563
1.572
1.591
1.601
1.626
1.635
1.656
1.661
1.689
1.697
1.716
1.725
1.742
1.75
1.777
1.785
1.81
1.819
1.836
1.851
1.878
1.886
1.911
1.919
1.956
1.961
1.997
2.004
2.039
2.047
2.084
2.101
2.138
2.146
2.19
2.198
2.243
2.251
2.3
2.316
2.367
2.382
2.427
2.45
2.507
2.53
2.589
2.607
2.676
2.702
2.76
2.788
2.863
2.887
2.969
3.001
3.08
3.115
3.204
3.241
3.344
3.386
3.481
3.535
3.639
3.707
3.828
3.904
4.094
5.402
5.384
5.384
5.378
5.436
5.412
5.385
5.37
5.373
5.529
5.671
5.983
6.167
6.54
6.742
7.165
7.427
7.95
8.183
8.183
8.183
8.183
8.183
8.183
8.183
8.183
8.183
8.183
8.183
8.183
8.183
8.183
8.183
8.183
8.183
8.183
8.183
8.183
8.183
8.183
8.183
8.183
8.183
8.183
8.183
8.183
8.187
8.187
8.183
8.187
8.187
8.183
8.183
8.183
8.183
8.183
8.183
8.183
8.183
8.183
8.183
8.183
7.504
7.152
6.978
6.665
6.532
6.274
6.153
5.91
5.808
5.605
5.469
5.481
5.498
5.486
5.377
5.221
5.149
4.599
4.557
4.438
4.386
4.271
4.218
4.116
4.062
3.968
3.916
3.835
3.788
3.706
3.664
3.588
3.552
3.475
3.441
3.375
3.343
3.279
3.252
3.184
3.16
3.099
3.081
3.029
2.994
2.951
2.932
2.881
2.838
2.788
2.787
2.802
2.827
2.844
2.871
2.859
2.839
2.806
2.78
2.748
2.73
2.696
2.688
2.653
2.636
2.61
2.594
2.56
2.551
2.519
2.508
2.476
2.468
2.444
2.436
2.41
2.394
2.378
2.37
2.345
2.182
2.119
2.118
2.092
2.115
2.101
2.092
2.074
2.066
2.048
2.038
2.032
2.016
2.015
2.006
1.989
1.988
1.962
1.963
1.945
1.946
1.928
1.922
1.911
1.911
1.895
1.895
1.879
1.879
1.87
1.87
1.861
1.853
1.845
1.839
1.837
1.836
1.819
1.819
1.81
1.81
1.802
1.802
1.794
1.794
1.785
1.787
1.776
1.776
1.767
1.776
1.767
1.768
1.758
1.758
1.751
1.75
1.751
1.751
1.74
1.743
1.743
1.743
1.734
1.736
1.732
1.735
1.733
1.738
1.731
1.738
1.724
1.732
1.707
1.715
1.724
1.732
1.731
1.735
1.737
1.733
1.735
1.733
1.73
1.727
1.736
1.732
1.743
1.743
1.743
1.752
1.752
1.752
5.71218 12.9023 0.117365
