1 361
1.045
1.045
1.047
1.047
1.046
1.047
1.046
1.048
1.038
1.038
1.04
1.04
1.04
1.046
1.04
1.042
1.029
1.036
1.041
1.032
1.029
1.042
1.035
1.039
1.039
1.044
1.043
1.04
1.043
1.042
1.042
1.042
1.041
1.051
1.05
1.051
1.051
1.059
1.059
1.059
1.06
1.06
1.067
1.066
1.067
1.067
1.075
1.075
1.075
1.074
1.084
1.092
1.09
1.092
1.1
1.1
1.1
1.109
1.109
1.118
1.118
1.126
1.128
1.127
1.134
1.143
1.146
1.137
1.151
1.097
1.1
1.065
1.064
1.026
1.025
1.005
1.005
1.02
1.02
1.029
1.028
1.037
1.045
1.078
1.085
1.094
1.094
1.11
1.11
1.12
1.119
1.128
1.136
1.145
1.153
1.161
1.162
1.179
1.178
1.197
1.204
1.213
1.222
1.231
1.239
1.248
1.258
1.265
1.274
1.292
1.301
1.309
1.317
1.335
1.343
1.359
1.37
1.386
1.403
1.412
1.42
1.449
1.456
1.479
1.496
1.512
1.52
1.553
1.56
1.585
1.601
1.625
1.643
1.675
1.692
1.727
1.734
1.77
1.789
1.829
1.844
1.878
1.903
1.938
1.964
2.013
2.038
2.083
2.118
2.161
2.196
2.247
2.281
2.339
2.38
2.447
2.49
2.568
2.612
2.654
2.697
3.252
3.327
3.447
3.528
3.631
3.622
3.606
3.615
3.597
3.6
3.843
3.937
4.069
4.059
4.023
4.021
3.987
3.979
3.953
3.944
3.91
3.909
3.874
3.874
3.848
3.838
3.811
3.813
3.783
3.818
3.864
3.89
3.925
3.961
4.004
4.04
4.081
4.124
4.165
4.206
8.183
8.183
8.183
8.183
8.183
8.183
8.183
8.183
8.183
8.183
8.183
8.183
8.183
8.183
8.183
8.183
8.183
8.183
8.183
8.183
8.183
8.183
8.183
8.183
8.183
8.183
8.183
8.155
7.829
7.645
7.372
7.201
6.948
6.806
6.577
6.463
6.265
6.145
5.968
5.866
5.695
5.604
5.462
5.368
5.236
5.157
5.028
4.96
4.847
4.782
4.68
4.613
4.488
4.503
4.53
4.554
4.517
4.454
4.374
4.325
4.249
4.2
4.121
4.082
4.143
8.183
8.183
8.183
8.183
8.183
8.183
8.183
8.183
8.183
8.183
3.282
3.235
3.23
3.151
2.788
2.743
2.719
2.686
2.673
2.656
2.657
2.644
2.651
2.644
2.645
2.651
2.662
2.667
2.686
2.706
2.742
2.734
2.725
2.7
2.682
2.666
2.648
2.631
2.613
2.588
2.581
2.563
2.55
2.522
2.515
2.499
2.492
2.467
2.46
2.444
2.427
2.418
2.411
2.394
2.386
2.37
2.362
2.345
2.347
2.32
2.319
2.312
2.305
2.287
2.278
2.271
2.261
2.254
2.252
2.244
2.233
2.224
2.214
2.204
2.196
2.188
2.175
2.171
2.165
2.146
2.136
2.123
2.126
2.103
2.103
2.083
2.083
2.068
2.061
2.053
2.043
2.031
2.03
2.021
2.015
7.65325 5.65217 1.75531
