1 361
0.711
0.727
0.726
0.752
0.75
0.774
0.765
0.788
0.788
0.812
0.802
0.835
0.835
0.86
0.859
0.885
0.893
0.917
0.916
0.949
0.947
0.983
0.987
1.029
1.036
1.078
1.078
1.121
1.128
1.17
1.167
1.22
1.235
1.287
1.295
1.352
1.361
1.431
1.444
1.511
1.552
1.609
1.626
1.756
1.792
1.904
1.93
2.051
2.086
2.226
2.286
2.449
2.507
2.7
2.764
2.954
3.072
3.259
3.262
3.257
3.258
3.249
3.248
3.248
3.248
3.241
3.24
3.241
3.241
3.233
3.241
3.232
3.242
3.233
3.241
3.233
3.241
3.24
3.241
3.24
3.249
3.249
3.257
3.258
3.259
3.259
3.267
3.266
3.274
3.275
3.275
3.283
3.291
3.29
3.299
3.306
3.306
3.314
3.315
3.323
3.328
3.346
3.345
3.355
3.363
3.379
3.379
3.395
3.395
3.412
3.419
3.436
3.444
3.452
3.462
3.478
3.488
3.505
3.513
3.53
3.537
3.556
3.572
3.59
3.607
3.623
3.632
3.658
3.665
3.682
3.699
3.725
3.742
3.767
3.775
3.802
3.819
3.846
3.856
3.89
3.908
3.934
3.952
3.98
3.996
4.031
4.054
4.079
4.036
4.137
4.147
4.064
4.178
4.264
4.288
4.33
4.356
4.39
4.424
4.466
4.491
4.541
4.564
4.616
4.651
4.694
4.727
4.785
4.815
4.877
4.911
4.97
5.01
5.065
5.106
5.188
5.232
5.301
5.343
5.417
5.468
5.555
5.6
5.696
5.74
5.838
5.895
5.991
6.057
6.166
6.232
6.347
6.417
6.529
6.608
6.737
6.817
6.959
2.296
2.277
2.277
2.26
2.26
2.242
2.243
2.248
2.287
2.345
2.378
2.435
2.483
2.555
2.604
2.676
2.724
2.808
2.861
2.955
3.02
3.126
3.197
3.312
3.395
3.535
3.631
3.773
3.89
4.077
4.173
4.417
4.511
4.505
4.495
4.481
4.481
4.47
4.472
4.456
4.463
4.446
4.447
4.445
4.441
4.431
4.438
4.43
4.429
4.423
4.432
4.425
4.423
4.423
4.424
4.425
4.426
4.424
4.423
4.425
4.428
4.431
4.431
4.43
4.438
4.438
4.446
4.447
4.454
4.455
4.465
4.472
4.477
4.483
4.487
4.497
4.505
4.503
4.514
4.528
4.534
4.539
4.555
4.556
4.579
4.583
4.594
4.582
4.473
4.312
4.228
4.09
4.003
3.88
3.808
3.695
3.632
3.536
3.478
3.385
3.324
3.255
3.202
3.126
3.08
3.012
2.977
2.916
2.872
2.812
2.773
2.722
2.688
2.637
2.6
2.559
2.527
2.476
2.46
2.42
2.385
2.353
2.32
2.288
2.263
2.236
2.218
2.189
2.195
2.203
2.219
2.238
2.246
2.262
2.28
2.296
2.318
2.326
2.352
2.37
2.386
2.402
2.427
2.445
2.47
2.486
2.512
2.528
2.552
2.577
2.603
2.628
2.646
2.673
2.7
2.724
2.75
2.784
2.809
2.845
2.869
2.905
2.94
-3.8496 10.5139 3.74266
