1 361
6.835
6.844
6.855
6.841
6.845
6.898
6.868
6.882
6.881
6.898
6.906
6.922
6.921
6.933
6.943
6.962
6.97
6.993
6.994
7.021
7.024
7.052
7.062
7.086
7.087
8.187
7.2
7.093
6.905
6.909
6.918
7.054
6.943
6.195
5.964
5.83
5.752
5.589
5.519
5.364
5.3
5.152
5.096
4.962
4.907
4.793
4.739
4.625
4.583
4.476
4.434
4.347
4.308
4.205
4.213
4.247
4.265
4.268
4.205
4.124
4.087
4.005
3.98
3.911
3.884
3.826
3.801
3.739
3.712
3.418
3.403
3.375
3.352
3.304
3.287
3.239
3.221
3.171
3.164
3.121
3.102
3.059
3.051
3.01
2.999
2.965
2.947
2.912
2.903
2.871
2.862
2.82
2.819
2.787
2.778
2.744
2.737
2.712
2.701
2.666
2.667
2.642
2.642
2.609
2.609
2.582
2.574
2.552
2.55
2.526
2.519
2.503
2.494
2.478
2.469
2.453
2.446
2.429
2.423
2.414
2.405
2.389
2.388
2.362
2.372
2.347
2.347
2.338
2.338
2.312
2.321
2.305
2.306
2.287
2.265
2.255
2.254
2.248
2.272
2.36
2.391
2.374
2.376
2.366
2.366
2.36
2.36
2.349
2.35
2.342
2.343
2.334
2.334
2.328
2.327
2.327
2.32
2.31
2.319
2.312
2.319
2.303
2.311
2.303
2.304
2.305
2.306
2.299
2.299
2.297
2.301
2.295
2.287
2.306
2.306
2.306
2.303
2.298
2.304
2.305
2.314
2.305
2.313
2.306
2.311
2.16
2.162
2.162
2.172
2.187
2.194
2.193
2.201
2.201
2.21
2.21
2.219
2.22
2.229
2.228
2.237
2.237
2.246
2.246
2.253
2.253
2.272
2.271
2.282
2.28
2.297
2.297
2.305
2.312
2.321
2.331
2.338
2.339
2.348
2.355
2.371
2.372
2.389
2.397
2.406
2.413
2.43
2.428
2.446
2.455
2.471
2.477
2.495
2.51
2.518
2.526
2.542
2.559
2.574
2.584
2.6
2.616
2.636
2.639
2.666
2.674
2.701
2.709
2.735
2.752
2.768
2.795
2.809
2.826
2.852
2.879
2.894
2.912
2.936
2.963
2.99
3.017
3.032
3.066
3.094
3.13
3.13
3.158
3.311
3.446
3.479
3.521
3.547
3.586
3.62
3.663
3.706
3.753
3.782
3.842
3.876
3.951
3.973
3.945
3.934
3.898
3.906
4.004
4.042
4.114
4.165
4.225
4.286
4.362
4.415
4.495
4.551
4.648
4.708
4.807
4.87
4.978
5.046
5.166
5.247
5.377
5.47
5.614
5.698
6.294
6.359
6.547
6.657
6.633
6.623
6.795
6.922
7.072
7.036
6.974
6.947
6.892
6.86
6.813
6.787
6.733
6.752
6.81
6.843
6.9
6.941
7.001
7.044
7.089
8.183
8.183
8.183
8.183
8.183
8.183
8.183
8.191
8.183
8.183
8.183
8.187
8.183
8.183
8.183
8.183
8.183
8.183
8.183
8.183
8.183
8.183
8.183
8.183
8.183
8.183
8.183
6.364 2.76223 0.269261
