1 361
5.226
5.176
5.159
5.117
5.093
5.06
5.043
4.993
4.974
5.072
5.097
5.209
5.245
5.37
5.393
5.529
5.572
5.714
5.764
5.915
5.966
6.127
6.192
6.367
6.423
6.615
6.628
7.25
7.325
7.573
7.57
7.535
7.549
4.289
4.273
4.247
4.238
4.207
4.199
4.182
4.166
4.149
4.14
4.116
4.107
4.082
4.074
4.064
4.058
4.031
4.024
4.006
4.005
3.99
3.982
3.972
3.963
3.947
3.946
3.929
3.92
3.912
3.913
3.904
3.894
3.886
3.885
3.868
3.868
3.859
3.859
3.851
3.851
3.842
3.842
3.832
3.833
3.824
3.825
3.825
3.816
3.818
3.828
3.67
3.623
3.201
3.088
2.745
2.695
2.337
2.288
2.089
2.055
1.896
1.872
1.73
1.714
1.595
1.579
1.472
1.47
1.379
1.372
1.294
1.285
1.229
1.219
1.16
1.153
1.093
1.098
1.055
1.057
0.999
1
0.957
0.958
0.917
0.917
0.883
0.884
0.849
0.842
0.815
0.824
0.791
0.791
0.759
0.768
0.735
0.736
0.713
0.714
0.685
0.696
0.662
0.671
0.646
0.648
0.63
0.631
0.606
0.613
0.598
0.599
0.539
0.549
0.532
0.533
0.523
0.525
0.508
0.509
0.498
0.499
0.493
0.491
0.491
0.492
0.501
0.501
0.511
0.511
0.519
0.519
0.527
0.527
0.535
0.537
0.543
0.546
0.553
0.56
0.569
0.569
0.603
0.611
0.673
0.672
0.655
0.67
0.682
0.699
0.715
0.729
2.601
2.628
2.673
2.7
2.749
2.776
2.825
2.858
2.911
2.938
3
3.017
8.183
8.183
8.183
8.183
8.183
8.183
8.183
8.183
8.183
8.183
8.183
8.183
8.183
8.183
5.476
5.468
5.438
5.491
5.679
5.776
5.972
6.078
6.322
6.429
6.695
6.828
7.146
7.31
7.635
7.806
8.002
7.99
7.973
7.973
7.939
7.94
7.92
7.917
7.893
7.893
7.871
7.871
7.859
7.858
7.844
7.845
7.82
7.827
7.814
7.812
7.81
7.811
7.805
7.805
7.797
7.805
7.8
7.802
7.802
7.808
7.805
7.813
6.284
5.774
4.877
4.864
4.858
4.873
4.865
4.872
4.876
4.881
4.881
4.89
4.899
4.904
4.907
4.916
4.927
4.933
4.943
4.948
4.956
4.965
4.974
4.99
5
5.007
5.015
5.033
5.041
5.053
4.98
4.898
4.732
4.658
4.498
4.441
4.296
4.232
4.111
4.058
3.935
3.884
3.772
3.721
3.632
3.588
3.501
3.456
3.381
3.334
3.262
3.229
3.152
3.126
3.06
3.024
2.969
2.942
2.884
2.855
2.797
2.78
2.721
2.704
2.661
2.635
2.592
2.567
2.534
2.511
2.47
2.453
2.42
2.406
2.362
2.353
2.313
2.304
2.272
2.254
2.229
1.99
1.964
1.918
1.933
1.921
1.886
1.877
1.893
1.917
2.041
2.035
2.017
2.001
1.983
1.974
1.951
1.951
1.927
1.92
1.901
1.896
-1.5621 13.2796 3.72664
