1 361
1.006
1.125
1.186
1.322
1.409
1.627
1.771
2.068
2.304
2.893
3.513
5.068
5.095
6.743
6.749
6.754
6.74
6.735
6.739
6.744
6.75
6.749
6.752
6.758
6.763
6.771
6.774
6.782
6.787
6.795
6.803
6.81
6.815
6.825
6.834
6.857
6.838
6.856
7.012
7.034
6.913
6.928
6.934
6.953
6.966
6.983
7
7.017
7.044
7.061
7.079
7.097
7.12
7.135
7.161
7.186
7.21
7.232
8.191
7.284
7.281
7.086
7.075
7.095
7.197
7.132
7.132
7.145
6.323
6.159
6.059
5.953
5.861
5.776
5.691
5.601
5.525
5.438
5.365
5.287
5.227
5.153
5.089
5.021
4.959
4.895
4.845
4.784
4.732
4.676
4.63
4.535
4.538
4.564
4.604
4.601
4.538
4.504
4.453
4.403
4.359
4.319
4.288
4.235
4.212
4.165
4.141
4.11
4.038
3.834
3.811
3.805
3.778
3.744
3.72
3.686
3.661
3.635
3.611
3.587
3.568
3.542
3.516
3.491
3.473
3.448
3.431
3.407
3.39
3.367
3.358
3.335
3.326
3.302
3.295
3.271
3.262
3.236
3.228
3.211
3.195
3.186
3.171
3.153
3.144
3.127
3.126
3.109
3.096
3.084
3.077
3.059
3.05
3.042
3.033
3.015
3.014
3.007
2.997
2.99
2.98
2.971
2.972
2.954
2.954
2.945
2.945
2.937
2.917
2.895
2.895
2.889
3.017
3.034
3.039
3.03
3.019
3.02
3.021
3.012
3.012
3.005
3.003
2.997
2.994
2.997
2.995
2.987
2.998
2.99
2.99
2.981
2.984
2.993
2.993
2.985
2.995
2.989
2.988
2.985
2.99
2.986
2.996
2.995
3.003
2.994
3.004
2.998
2.854
2.853
2.86
2.875
2.894
2.891
2.901
2.899
2.908
2.908
2.92
2.918
2.926
2.927
2.943
2.942
2.951
2.954
2.961
2.969
2.978
2.987
2.995
2.994
3.012
3.015
3.03
3.03
3.046
3.054
3.072
3.072
3.093
3.098
3.115
3.116
3.134
3.141
3.158
3.17
3.184
3.193
3.217
3.227
3.251
3.253
3.276
3.283
3.308
3.317
3.347
3.357
3.38
3.388
3.413
3.429
3.455
3.472
3.496
3.515
3.548
3.566
3.592
3.608
3.651
3.658
3.684
3.69
3.742
3.946
3.984
4.015
4.045
4.066
4.12
4.137
4.184
4.205
4.256
4.288
4.338
4.373
4.427
4.468
4.425
4.407
4.377
4.396
4.49
4.525
4.589
4.624
4.687
4.732
4.798
4.841
4.9
4.955
5.03
5.08
5.161
5.219
5.302
5.363
5.454
5.523
5.62
5.7
5.792
5.869
5.991
6.059
6.509
6.627
6.73
6.829
6.991
6.985
6.95
7.011
7.181
7.317
7.369
7.321
7.248
7.209
7.14
7.108
7.049
7.013
7.039
7.067
7.108
7.142
7.189
7.227
7.272
7.312
8.183
8.183
8.183
8.183
8.183
8.183
8.183
8.183
8.183
8.183
8.183
8.187
8.183
8.183
8.191
5.60079 2.69409 -0.013797
