1 361
1.56
1.552
1.552
1.543
1.543
1.535
1.535
1.527
1.527
1.526
1.526
1.517
1.517
1.509
1.509
1.509
1.509
1.509
1.5
1.5
1.509
1.5
1.5
1.5
1.501
1.493
1.495
1.492
1.493
1.489
1.487
1.489
1.489
1.483
1.475
1.475
1.466
1.466
1.475
1.483
1.492
1.493
1.495
1.488
1.495
1.494
1.493
1.501
1.501
1.5
1.5
1.509
1.509
1.498
1.491
1.491
1.49
1.496
1.505
1.53
1.663
1.665
1.672
1.672
1.673
1.681
1.68
1.69
1.698
1.698
1.707
1.707
1.714
1.714
1.723
1.724
1.732
1.741
1.75
1.749
1.759
1.766
1.765
1.776
1.784
1.784
1.793
1.801
1.808
1.817
1.826
1.836
1.843
1.851
1.861
1.867
1.877
1.884
1.893
1.91
1.919
1.927
1.944
1.952
1.969
1.977
1.994
2.003
2.023
2.02
1.994
1.969
1.961
1.918
1.91
1.906
1.924
1.941
1.97
1.989
2.006
2.023
2.041
2.059
2.075
2.094
2.111
2.128
2.146
2.162
2.184
2.198
2.224
2.242
2.267
2.283
2.308
2.337
2.367
2.384
2.418
2.432
2.465
2.493
2.523
2.556
2.588
2.613
2.652
2.683
2.715
2.759
2.784
2.827
2.876
2.921
2.964
3
3.06
3.103
3.156
3.205
3.263
3.313
3.377
3.439
4.904
4.882
4.877
4.996
5.101
5.204
5.317
5.428
5.546
5.672
5.776
5.75
5.741
5.725
5.704
5.688
5.679
5.66
5.651
5.635
5.633
5.922
6.298
6.281
6.46
6.702
8.183
8.183
8.183
8.183
8.183
8.183
8.183
8.183
8.183
8.183
8.183
8.183
8.183
8.187
8.183
8.183
8.187
8.183
8.191
8.187
8.183
8.183
8.183
8.183
8.183
8.183
8.183
8.183
8.183
8.183
8.183
8.183
8.183
8.183
8.183
8.183
8.183
8.183
8.183
8.183
8.183
8.183
8.183
8.183
8.183
8.183
8.163
7.818
7.391
7.108
6.831
6.586
6.361
6.146
5.943
5.77
5.561
5.327
5.342
5.353
5.405
5.437
5.491
6.676
6.762
6.801
6.827
6.841
6.866
6.885
6.959
6.993
3.627
3.568
3.55
3.492
3.431
3.374
3.31
3.268
3.211
3.151
3.107
3.063
3.009
2.965
2.92
2.887
2.843
2.801
2.76
2.726
2.684
2.657
2.617
2.59
2.557
2.525
2.5
2.466
2.435
2.41
2.385
2.36
2.335
2.31
2.286
2.271
2.243
2.227
2.2
2.183
2.155
2.141
2.122
2.106
2.088
2.069
2.053
2.035
2.018
2.003
1.993
1.975
1.958
1.942
1.924
1.917
1.901
1.892
1.874
1.866
1.85
1.842
1.834
1.825
1.809
1.801
1.783
1.783
1.769
1.758
1.75
1.741
1.732
1.725
1.716
1.707
1.699
1.691
1.683
1.674
1.667
1.666
1.657
1.65
1.64
1.633
1.625
1.617
1.617
1.608
1.6
1.601
1.592
1.592
1.584
1.576
1.576
3.45311 11.0345 2.25928
