1 361
1.695
1.73
1.738
1.774
1.774
1.773
1.773
1.764
1.763
1.755
1.754
1.745
1.745
1.737
1.736
1.736
1.728
1.728
1.728
1.718
1.718
1.719
1.719
1.71
1.71
1.708
1.71
1.704
1.705
1.702
1.703
1.709
1.705
1.705
1.709
1.701
1.702
1.694
1.694
1.708
1.702
1.702
1.708
1.702
1.706
1.709
1.703
1.705
1.711
1.707
1.713
1.712
1.711
1.712
1.719
1.719
1.719
1.719
1.728
1.728
1.736
1.736
1.736
1.736
1.745
1.745
1.751
1.753
1.754
1.763
1.771
1.771
1.78
1.78
1.788
1.788
1.796
1.805
1.804
1.814
1.823
1.831
1.831
1.84
1.848
1.848
1.856
1.866
1.873
1.882
1.884
1.899
1.908
1.916
1.925
1.933
1.942
1.953
1.952
1.953
1.961
1.977
1.985
2.182
2.182
2.202
2.211
2.227
2.236
2.253
2.27
2.279
2.297
2.311
2.328
2.345
2.363
2.37
2.395
2.412
2.429
2.445
2.47
2.486
2.503
2.526
2.551
2.575
2.593
2.627
2.645
2.672
2.673
2.636
2.628
2.595
2.584
2.591
2.607
2.661
2.686
2.721
2.745
2.779
2.805
2.847
2.872
2.915
2.942
2.985
3.021
3.058
3.099
3.142
3.176
3.229
3.27
3.319
3.367
3.424
3.464
3.526
3.578
3.652
3.703
3.771
3.832
3.904
3.963
4.056
4.119
4.26
5.645
5.679
5.818
5.967
6.08
6.232
6.37
6.536
6.538
6.509
6.502
6.473
6.465
6.44
6.43
6.412
6.398
6.643
6.915
7.033
7.256
7.563
8.183
8.183
8.183
8.183
8.183
8.183
8.183
8.183
8.183
8.183
8.183
8.183
8.183
8.183
8.191
8.183
8.183
8.187
8.187
8.183
8.183
8.183
8.183
8.183
8.183
8.183
8.183
8.183
8.183
8.183
8.183
8.183
8.183
8.183
8.183
8.183
8.183
8.183
8.183
8.183
8.183
8.183
8.183
8.183
7.813
7.407
7.099
6.753
6.491
6.108
5.996
6.005
6.044
6.086
6.106
7.026
7.241
7.351
7.435
4.248
4.182
4.105
4.015
3.898
3.822
3.716
3.641
3.55
3.48
3.405
3.344
3.26
3.203
3.143
3.081
3.012
2.971
2.906
2.862
2.815
2.772
2.722
2.678
2.636
2.594
2.56
2.518
2.476
2.438
2.404
2.37
2.337
2.312
2.283
2.255
2.22
2.193
2.168
2.142
2.119
2.099
2.073
2.054
2.029
2.011
1.985
1.968
1.943
1.926
1.901
1.893
1.877
1.859
1.834
1.825
1.802
1.793
1.775
1.768
1.75
1.732
1.717
1.708
1.691
1.683
1.669
1.659
1.643
1.633
1.625
1.61
1.601
1.593
1.585
1.568
1.561
1.556
1.545
1.537
1.528
1.52
1.512
1.504
1.496
1.488
1.48
1.472
1.463
1.455
1.447
1.447
1.438
1.43
1.421
1.422
1.414
1.405
1.405
1.396
1.388
1.388
1.379
1.38
1.371
1.362
1.362
1.362
4.00395 10.3661 2.23391
