1 361
5.55
5.505
5.467
5.407
5.34
5.288
5.248
5.244
5.035
4.991
4.94
4.906
4.889
4.861
4.833
4.839
5.202
5.165
5.156
5.177
4.934
4.883
4.864
4.812
4.708
4.663
4.635
4.647
4.602
4.679
4.82
5.025
5.162
5.212
4.751
4.126
4.107
4.082
4.074
4.047
4.03
4.02
4.004
3.996
3.977
3.959
3.952
3.934
3.916
3.908
3.899
3.883
3.876
3.867
3.85
3.851
3.84
3.825
3.817
3.809
3.808
3.799
3.783
3.783
3.774
3.766
3.758
3.758
3.746
3.746
3.74
3.733
3.729
3.725
3.724
3.724
3.716
3.708
3.709
3.71
3.71
3.711
3.71
3.708
3.705
3.704
3.702
3.706
3.71
3.706
3.702
3.702
3.71
3.71
3.711
3.71
3.717
3.72
3.727
3.722
3.728
3.729
3.737
3.738
3.745
3.744
3.753
3.761
3.76
3.77
3.77
3.774
3.784
3.82
4.977
4.993
5.002
5.017
5.028
5.043
5.05
5.068
5.076
5.092
5.102
5.117
5.132
5.15
5.166
5.184
5.199
5.215
5.24
5.258
5.275
5.3
5.318
5.335
5.361
5.377
5.404
5.419
5.445
5.47
5.496
5.521
5.556
5.582
5.608
5.634
5.661
5.698
5.723
5.758
5.785
5.82
5.854
5.889
5.922
5.956
5.996
6.036
6.08
6.12
6.154
6.197
6.233
6.178
6.115
6.05
5.985
5.927
5.87
5.81
5.767
3.004
2.992
2.964
2.937
2.913
2.895
2.862
2.844
2.82
2.804
2.787
2.761
2.745
2.729
2.711
2.684
2.676
2.658
2.641
2.624
2.607
2.59
2.581
2.556
2.549
2.532
2.516
2.507
2.49
2.474
2.467
2.45
2.441
2.433
2.416
2.408
2.399
2.391
2.382
2.365
2.357
2.348
2.338
2.331
2.322
2.314
2.306
2.298
2.297
2.289
2.281
2.272
2.263
2.254
2.254
2.246
2.237
2.237
2.228
2.219
2.219
2.21
2.21
2.201
2.201
2.201
2.192
2.191
2.192
2.182
2.173
2.174
2.174
2.177
2.838
2.85
2.883
2.953
3.012
3.084
3.417
3.421
3.437
3.418
3.476
3.546
3.832
3.972
3.972
3.759
3.953
3.972
3.963
3.467
3.218
3.219
3.214
3.215
3.219
3.165
3.224
3.746
3.92
3.901
3.439
3.291
3.257
3.251
3.665
3.505
3.378
3.235
3.214
3.227
3.235
3.249
3.247
3.269
3.847
3.726
3.599
3.484
3.367
3.263
3.171
3.18
3.18
3.198
3.205
3.206
3.222
3.232
3.241
3.249
3.257
3.274
3.624
3.574
3.532
3.49
3.445
3.405
3.357
3.328
3.335
7.903
7.938
7.971
8.008
8.042
8.075
8.119
8.161
8.183
8.183
8.183
8.183
8.183
8.183
4.928
4.863
4.841
4.811
4.694
4.682
4.67
4.654
4.643
4.619
4.612
4.588
4.585
4.563
4.554
4.547
4.529
4.696
5.339
5.373
5.417
5.467
5.511
5.561
5.605
5.657
5.703
12.2949 6.08091 0.937608
