1 361
4.568
4.645
4.662
4.732
4.751
4.828
4.845
4.936
4.933
4.876
4.861
4.88
4.917
5.033
5.051
5.146
5.173
5.158
5.142
5.101
5.084
5.043
5.026
4.992
4.974
4.932
4.924
5.027
5.055
5.182
5.212
5.354
5.397
5.545
5.585
5.749
5.791
5.966
6.019
6.213
6.27
6.468
6.547
7.01
7.214
7.527
7.557
7.532
7.517
7.805
7.923
4.278
4.273
4.24
4.233
4.207
4.199
4.182
4.175
4.151
4.15
4.126
4.117
4.101
4.092
4.076
4.066
4.049
4.051
4.034
4.025
4.007
4.008
3.992
3.991
3.974
3.975
3.966
3.958
3.949
3.94
3.941
3.932
3.923
3.923
3.914
3.915
3.906
3.905
3.897
3.897
3.888
3.898
3.888
3.889
3.879
3.88
3.88
3.88
3.88
3.879
3.954
3.875
3.578
3.528
3.248
3.173
2.925
2.872
2.679
2.644
2.459
2.397
2.236
2.22
2.091
2.084
1.965
1.96
1.85
1.842
1.75
1.748
1.663
1.653
1.582
1.576
1.506
1.507
1.449
1.442
1.383
1.378
1.331
1.324
1.281
1.282
1.228
1.238
1.193
1.191
1.158
1.16
1.125
1.125
1.082
1.09
1.049
1.049
1.022
1.022
0.991
0.992
0.966
0.968
0.943
0.944
0.917
0.925
0.901
0.902
0.884
0.885
0.857
0.861
0.842
0.842
0.826
0.826
0.801
0.814
0.797
0.794
0.778
0.781
0.764
0.766
0.748
0.75
0.701
0.701
0.685
0.686
0.677
0.678
0.66
0.668
0.654
0.66
0.65
0.653
0.664
0.671
0.679
0.689
0.695
0.704
0.719
0.729
0.736
0.745
0.794
0.843
0.84
0.846
0.89
0.91
3.031
3.06
3.115
3.147
3.204
3.214
8.183
8.183
8.183
8.183
8.183
8.183
8.183
8.183
8.183
8.183
8.183
8.183
5.67
5.671
5.629
5.666
5.876
5.975
6.194
6.305
6.556
6.685
6.965
7.097
7.432
7.586
7.943
8.128
8.177
8.183
8.149
8.157
8.123
8.122
8.097
8.096
8.07
8.071
8.051
8.051
8.037
8.036
8.024
8.022
8.013
8.019
7.998
8.008
7.991
7.998
7.99
7.99
7.979
7.99
7.983
7.994
7.991
8.001
7.135
6.412
5.161
5.043
5.044
5.044
5.043
5.053
5.053
5.061
5.058
5.069
5.073
5.083
5.083
5.091
5.107
5.108
5.115
5.128
5.131
5.147
5.147
5.158
5.175
5.179
5.19
5.198
5.22
5.229
5.043
4.956
4.787
4.697
4.54
4.471
4.316
4.255
4.121
4.056
3.938
3.875
3.765
3.712
3.613
3.579
3.487
3.438
3.358
3.318
3.244
3.204
3.126
3.1
3.033
3.004
2.942
2.915
2.856
2.829
2.771
2.745
2.695
2.669
2.626
2.6
2.559
2.535
2.494
2.477
2.436
2.421
2.379
2.252
2.076
2.063
2.041
2.026
1.997
1.984
1.995
2.023
2.148
2.139
2.114
2.096
2.08
2.064
2.044
2.027
-1.3988 13.373 3.59223
