1 361
2.432
2.435
2.446
2.442
2.439
2.401
2.397
2.428
2.453
2.438
2.441
2.426
2.432
2.431
2.438
2.434
2.436
2.467
2.504
2.519
2.581
2.629
2.379
2.364
2.356
2.356
2.359
2.346
2.352
2.346
2.353
2.502
2.741
2.754
2.744
2.735
2.692
2.19
2.192
2.184
2.184
2.175
2.175
2.174
2.175
2.165
2.174
2.165
2.166
2.165
2.166
2.166
2.166
2.166
2.167
3.022
3.018
2.92
2.792
2.697
2.605
2.52
2.428
2.361
2.287
2.22
2.135
2.123
2.156
2.174
6.423
6.425
6.334
6.288
6.324
6.323
6.342
6.346
6.366
6.376
6.387
6.4
6.416
6.427
6.444
6.46
6.478
6.486
6.514
6.521
6.55
6.559
6.592
6.593
6.632
6.634
6.661
6.681
6.711
6.727
6.766
6.77
6.813
6.829
3.565
3.506
3.475
3.438
3.337
3.318
3.303
3.287
3.271
3.252
3.245
3.221
3.219
3.195
3.187
3.17
3.161
3.145
3.136
3.119
3.111
3.1
3.196
3.823
3.858
3.876
3.911
3.929
3.964
3.982
4.024
4.043
4.083
4.102
4.143
4.167
4.208
4.227
2.292
2.203
2.187
2.168
2.15
2.123
2.107
2.089
2.08
2.053
2.045
2.028
2.01
1.993
1.975
1.959
1.95
1.933
1.925
1.907
1.89
1.873
1.865
1.857
1.849
1.831
1.823
1.814
1.807
1.79
1.79
1.772
1.765
1.755
1.747
1.738
1.73
1.721
1.712
1.704
1.696
1.686
1.687
1.671
1.671
1.662
1.654
1.645
1.646
1.637
1.63
1.622
1.622
1.613
1.614
1.605
1.596
1.596
1.597
1.579
1.58
1.573
1.573
1.563
1.564
1.564
1.556
1.555
1.556
1.548
1.547
1.548
1.547
1.54
1.548
1.54
1.54
1.531
1.54
1.531
1.533
1.524
1.528
1.529
1.531
1.524
1.528
1.53
1.533
1.525
1.536
1.527
1.528
1.527
1.533
1.523
1.528
1.527
1.531
1.521
1.533
1.525
1.53
1.53
1.537
1.529
1.538
1.537
1.536
1.536
1.544
1.544
1.551
1.544
1.551
1.551
1.56
1.56
1.56
1.56
1.568
1.568
1.574
1.574
1.583
1.583
1.591
1.591
1.6
1.6
1.608
1.608
1.625
1.625
1.633
1.632
1.64
1.65
1.657
1.666
1.674
1.674
1.682
1.69
1.69
1.699
1.717
1.716
1.733
1.733
1.751
1.741
1.76
1.768
1.786
1.786
1.802
1.802
1.82
1.828
1.837
1.845
1.861
1.87
1.887
1.886
1.912
1.912
1.938
1.946
1.964
1.969
1.996
2.005
2.022
2.032
2.056
2.055
2.093
2.102
2.137
2.146
2.171
2.18
2.206
2.214
2.249
2.258
2.292
2.3
2.334
2.342
2.383
2.39
2.433
2.442
2.491
2.498
2.548
2.556
2.606
2.624
2.667
2.684
2.735
2.753
2.811
2.828
2.889
2.916
2.975
2.994
3.065
3.09
3.16
3.186
3.261
3.287
3.368
2.39548 0.864875 1.18964
