1 361
1.483
1.483
1.474
1.482
1.474
1.474
1.473
1.473
1.464
1.464
1.463
1.463
1.463
1.463
1.455
1.455
1.455
1.458
1.458
1.457
1.462
1.451
1.459
1.451
1.466
1.46
1.456
1.464
1.461
1.461
1.47
1.46
1.461
1.46
1.469
1.47
1.469
1.478
1.478
1.49
1.485
1.387
1.324
1.331
1.331
1.329
1.338
1.339
1.339
1.364
1.362
1.372
1.372
1.372
1.381
1.381
1.38
1.384
1.394
1.397
1.398
1.406
1.407
1.416
1.415
1.424
1.423
1.432
1.44
1.441
1.449
1.458
1.465
1.466
1.473
1.482
1.491
1.491
1.499
1.508
1.516
1.515
1.533
1.531
1.54
1.548
1.558
1.566
1.574
1.581
1.587
1.597
1.613
1.614
1.63
1.638
1.654
1.66
1.681
1.685
1.694
1.712
1.72
1.727
1.745
1.764
1.772
1.787
1.801
1.812
1.829
1.846
1.855
1.871
1.889
1.905
1.922
1.941
1.966
1.99
1.998
2.024
2.041
2.067
2.094
2.111
2.129
2.155
2.182
2.208
2.234
2.261
2.285
2.318
2.344
2.376
2.411
2.435
2.476
2.507
5.636
5.568
4.154
4.004
3.978
3.952
3.944
3.923
3.998
4.094
4.161
4.233
4.318
4.398
4.473
4.565
4.652
4.764
4.803
4.785
4.776
4.753
4.74
4.724
4.714
4.696
4.689
4.671
4.671
4.654
4.652
4.834
5.001
5.183
5.284
5.494
5.688
8.183
8.183
8.17
8.161
8.138
8.127
8.11
8.154
8.183
8.183
8.183
8.189
8.183
8.183
8.187
8.183
8.183
8.183
8.183
8.183
8.183
8.191
8.191
8.191
7.791
7.785
7.776
7.775
7.751
7.757
7.741
7.744
7.734
7.733
7.727
7.725
7.719
7.719
7.709
7.717
7.709
7.709
7.709
7.717
7.71
7.724
7.719
7.726
7.722
7.733
7.738
7.654
7.378
7.151
6.899
6.647
6.413
6.216
6.025
5.855
5.682
5.532
5.386
5.256
5.122
5.005
4.883
4.774
4.655
4.481
4.47
4.492
4.51
4.576
4.583
4.669
5.976
5.999
6.026
6.061
6.075
6.118
6.179
6.214
6.242
6.284
6.295
6.325
6.253
6.274
6.3
6.225
6.219
6.286
6.32
2.874
2.842
2.809
2.799
2.766
2.739
2.707
2.69
2.655
2.628
2.602
2.57
2.553
2.519
2.494
2.47
2.454
2.432
2.404
2.379
2.362
2.347
2.321
2.306
2.29
2.272
2.246
2.229
2.221
2.195
2.178
2.167
2.15
2.134
2.125
2.107
2.09
2.081
2.064
2.055
2.038
2.028
2.02
2.003
1.996
1.977
1.971
1.954
1.947
1.937
1.929
1.912
1.911
1.906
1.897
1.888
1.879
1.863
1.862
1.847
1.838
1.841
1.828
1.823
1.812
1.814
1.805
1.796
1.788
1.789
1.781
1.773
1.764
1.765
1.754
1.747
1.747
1.737
1.739
1.73
1.731
1.722
1.722
1.713
1.713
1.706
1.706
1.697
1.698
2.68587 11.8363 2.4106
