1 361
5.562
5.515
5.475
5.408
5.329
5.285
5.247
5.243
5.036
4.991
4.946
4.908
4.897
4.861
4.842
4.858
5.195
5.168
5.153
5.181
4.932
4.892
4.867
4.817
4.738
4.682
4.664
4.65
4.641
4.693
4.828
5.035
5.164
5.212
4.753
4.118
4.101
4.084
4.067
4.058
4.031
4.023
4.006
3.989
3.981
3.962
3.944
3.936
3.926
3.91
3.901
3.896
3.879
3.872
3.851
3.852
3.844
3.827
3.826
3.81
3.81
3.802
3.793
3.785
3.776
3.767
3.76
3.76
3.756
3.749
3.741
3.737
3.731
3.725
3.726
3.717
3.717
3.719
3.719
3.713
3.712
3.712
3.713
3.711
3.706
3.707
3.702
3.708
3.708
3.708
3.706
3.705
3.711
3.71
3.713
3.712
3.718
3.721
3.723
3.731
3.731
3.739
3.74
3.74
3.747
3.748
3.755
3.755
3.763
3.771
3.779
3.786
3.786
3.825
4.986
4.986
5.004
5.02
5.02
5.037
5.054
5.069
5.077
5.094
5.103
5.119
5.133
5.152
5.169
5.185
5.2
5.218
5.242
5.259
5.278
5.303
5.32
5.337
5.363
5.38
5.405
5.421
5.447
5.472
5.499
5.531
5.55
5.584
5.609
5.636
5.663
5.699
5.726
5.762
5.787
5.822
5.855
5.889
5.922
5.964
5.998
6.04
6.081
6.122
6.155
6.207
6.236
6.176
6.118
6.049
5.984
5.921
5.868
5.81
5.759
3.008
2.992
2.967
2.94
2.915
2.899
2.873
2.847
2.822
2.806
2.789
2.764
2.747
2.731
2.704
2.695
2.67
2.652
2.643
2.626
2.608
2.591
2.583
2.567
2.542
2.534
2.518
2.501
2.492
2.485
2.469
2.452
2.443
2.435
2.427
2.41
2.401
2.393
2.384
2.367
2.359
2.35
2.341
2.334
2.325
2.316
2.307
2.3
2.3
2.283
2.274
2.274
2.265
2.256
2.256
2.248
2.239
2.239
2.23
2.221
2.221
2.221
2.212
2.212
2.203
2.203
2.194
2.194
2.185
2.185
2.185
2.176
2.177
2.177
2.849
2.852
2.876
2.965
2.996
3.096
3.419
3.422
3.436
3.41
3.477
3.551
3.878
3.983
3.974
3.761
3.956
3.975
3.966
3.467
3.221
3.222
3.207
3.217
3.222
3.166
3.224
3.748
3.922
3.912
3.444
3.299
3.258
3.253
3.66
3.496
3.379
3.235
3.225
3.229
3.235
3.25
3.257
3.27
3.849
3.726
3.592
3.478
3.371
3.264
3.182
3.182
3.191
3.2
3.208
3.217
3.225
3.234
3.243
3.251
3.26
3.277
3.623
3.581
3.533
3.48
3.448
3.407
3.368
3.323
3.343
7.901
7.935
7.973
8.007
8.041
8.079
8.126
8.161
8.183
8.183
8.183
8.183
8.183
8.183
4.927
4.862
4.842
4.806
4.701
4.687
4.669
4.656
4.636
4.622
4.602
4.593
4.579
4.56
4.554
4.549
4.529
4.714
5.333
5.385
5.418
5.47
5.511
5.563
5.607
5.66
5.714
12.295 6.08102 0.938053
