1 361
5.549
5.513
5.457
5.407
5.337
5.286
5.239
5.243
5.038
4.991
4.938
4.906
4.887
4.862
4.832
4.84
5.2
5.167
5.152
5.17
4.934
4.883
4.864
4.804
4.727
4.67
4.652
4.629
4.609
4.685
4.828
5.033
5.162
5.211
4.752
4.125
4.099
4.082
4.065
4.047
4.03
4.021
4.003
3.986
3.978
3.959
3.942
3.933
3.924
3.908
3.9
3.892
3.876
3.866
3.859
3.841
3.832
3.825
3.815
3.809
3.8
3.799
3.79
3.783
3.773
3.766
3.758
3.756
3.754
3.747
3.741
3.733
3.73
3.723
3.725
3.714
3.716
3.716
3.708
3.711
3.71
3.71
3.703
3.708
3.704
3.705
3.701
3.707
3.709
3.706
3.702
3.71
3.711
3.708
3.712
3.71
3.718
3.719
3.721
3.722
3.73
3.729
3.736
3.737
3.746
3.745
3.753
3.759
3.761
3.769
3.777
3.784
3.784
3.823
4.976
4.994
5
5.017
5.026
5.033
5.051
5.067
5.076
5.084
5.099
5.117
5.134
5.15
5.167
5.184
5.199
5.216
5.231
5.257
5.274
5.291
5.318
5.343
5.363
5.385
5.404
5.419
5.445
5.471
5.497
5.522
5.548
5.581
5.608
5.633
5.661
5.687
5.724
5.759
5.786
5.819
5.855
5.888
5.93
5.956
5.996
6.038
6.079
6.111
6.153
6.198
6.242
6.184
6.115
6.046
5.987
5.925
5.867
5.81
5.76
3.006
2.982
2.955
2.938
2.912
2.888
2.871
2.845
2.819
2.804
2.787
2.762
2.745
2.728
2.711
2.684
2.676
2.658
2.641
2.624
2.606
2.589
2.582
2.557
2.549
2.532
2.524
2.508
2.49
2.474
2.467
2.45
2.441
2.433
2.416
2.408
2.399
2.391
2.382
2.374
2.357
2.348
2.339
2.331
2.322
2.314
2.306
2.297
2.289
2.281
2.281
2.272
2.263
2.262
2.254
2.246
2.237
2.237
2.228
2.228
2.219
2.219
2.21
2.21
2.2
2.201
2.191
2.192
2.182
2.182
2.183
2.174
2.174
2.175
2.837
2.85
2.883
2.946
2.994
3.086
3.416
3.421
3.436
3.421
3.458
3.549
3.789
3.981
3.981
3.76
3.954
3.972
3.963
3.473
3.218
3.212
3.214
3.214
3.213
3.164
3.227
3.747
3.92
3.901
3.433
3.298
3.256
3.25
3.665
3.496
3.368
3.242
3.222
3.227
3.233
3.248
3.256
3.267
3.847
3.725
3.599
3.485
3.37
3.272
3.179
3.18
3.189
3.198
3.206
3.206
3.223
3.232
3.24
3.249
3.266
3.274
3.621
3.58
3.535
3.491
3.438
3.398
3.356
3.319
3.336
7.904
7.936
7.973
8.016
8.041
8.086
8.119
8.16
8.183
8.183
8.183
8.183
8.183
8.183
4.93
4.862
4.84
4.814
4.704
4.686
4.668
4.653
4.636
4.628
4.609
4.593
4.578
4.569
4.553
4.543
4.53
4.705
5.338
5.373
5.415
5.458
5.509
5.561
5.606
5.658
5.703
12.2949 6.08091 0.937608
