1 361
5.57
5.522
5.475
5.405
5.338
5.294
5.246
5.251
5.045
4.989
4.946
4.916
4.898
4.862
4.841
4.859
5.201
5.166
5.161
5.193
4.942
4.891
4.88
4.835
4.762
4.7
4.681
4.684
4.651
4.718
4.827
5.034
5.143
5.211
4.757
4.127
4.101
4.092
4.074
4.058
4.04
4.023
4.004
3.988
3.979
3.961
3.952
3.935
3.926
3.909
3.901
3.895
3.877
3.869
3.86
3.842
3.834
3.834
3.817
3.819
3.802
3.802
3.792
3.785
3.776
3.768
3.759
3.758
3.754
3.749
3.74
3.736
3.732
3.723
3.725
3.726
3.716
3.708
3.709
3.711
3.712
3.712
3.71
3.709
3.707
3.708
3.703
3.708
3.706
3.707
3.705
3.711
3.71
3.711
3.713
3.711
3.717
3.722
3.722
3.73
3.722
3.73
3.738
3.738
3.746
3.755
3.755
3.754
3.762
3.77
3.779
3.785
3.793
3.822
4.976
4.994
5.003
5.021
5.027
5.036
5.053
5.069
5.076
5.093
5.102
5.118
5.135
5.15
5.167
5.183
5.199
5.216
5.24
5.258
5.275
5.302
5.319
5.343
5.361
5.388
5.405
5.421
5.454
5.472
5.497
5.523
5.557
5.583
5.608
5.636
5.662
5.698
5.724
5.761
5.785
5.821
5.854
5.89
5.93
5.964
5.998
6.038
6.071
6.129
6.156
6.199
6.242
6.175
6.107
6.05
5.984
5.926
5.869
5.809
5.758
3.008
2.982
2.964
2.94
2.915
2.888
2.872
2.847
2.821
2.804
2.78
2.763
2.747
2.73
2.713
2.686
2.677
2.66
2.642
2.626
2.607
2.591
2.574
2.566
2.551
2.533
2.516
2.509
2.492
2.484
2.467
2.45
2.443
2.433
2.425
2.408
2.401
2.393
2.384
2.366
2.358
2.358
2.341
2.333
2.324
2.315
2.315
2.299
2.29
2.282
2.282
2.273
2.264
2.255
2.256
2.248
2.239
2.239
2.23
2.221
2.22
2.211
2.211
2.212
2.203
2.194
2.193
2.193
2.184
2.184
2.175
2.176
2.175
2.177
2.848
2.862
2.885
2.965
3.005
3.087
3.417
3.422
3.437
3.418
3.477
3.552
3.902
3.983
3.974
3.76
3.965
3.974
3.965
3.448
3.219
3.212
3.215
3.209
3.219
3.164
3.223
3.747
3.922
3.911
3.44
3.292
3.257
3.259
3.662
3.495
3.371
3.237
3.224
3.229
3.235
3.249
3.258
3.269
3.849
3.717
3.591
3.487
3.371
3.264
3.181
3.173
3.19
3.198
3.198
3.216
3.216
3.234
3.241
3.258
3.267
3.275
3.622
3.573
3.532
3.488
3.445
3.397
3.356
3.322
3.334
7.901
7.937
7.973
8.015
8.04
8.084
8.116
8.161
8.183
8.183
8.183
8.183
8.183
8.183
4.933
4.869
4.841
4.813
4.704
4.684
4.669
4.653
4.646
4.621
4.601
4.595
4.577
4.561
4.553
4.546
4.53
4.714
5.34
5.383
5.417
5.468
5.51
5.562
5.606
5.658
5.703
12.295 6.08113 0.937608
