1 361
5.559
5.505
5.456
5.399
5.328
5.287
5.237
5.241
5.036
4.993
4.939
4.914
4.888
4.862
4.841
4.85
5.192
5.173
5.163
5.189
4.934
4.881
4.864
4.797
4.706
4.662
4.636
4.631
4.617
4.692
4.82
5.034
5.154
5.211
4.748
4.124
4.1
4.082
4.063
4.047
4.029
4.021
4.005
3.987
3.978
3.959
3.951
3.934
3.916
3.907
3.9
3.884
3.875
3.867
3.859
3.849
3.842
3.834
3.814
3.808
3.798
3.8
3.791
3.783
3.774
3.765
3.765
3.757
3.753
3.748
3.741
3.735
3.73
3.723
3.724
3.716
3.716
3.716
3.708
3.71
3.71
3.711
3.71
3.709
3.705
3.705
3.702
3.705
3.708
3.706
3.702
3.702
3.712
3.708
3.712
3.71
3.716
3.719
3.721
3.72
3.729
3.727
3.738
3.738
3.745
3.745
3.753
3.753
3.761
3.77
3.777
3.775
3.784
3.821
4.975
4.993
5.001
5.017
5.028
5.035
5.051
5.059
5.076
5.092
5.1
5.117
5.134
5.149
5.175
5.182
5.207
5.216
5.24
5.257
5.274
5.292
5.317
5.334
5.362
5.386
5.404
5.419
5.445
5.47
5.496
5.522
5.555
5.582
5.608
5.634
5.662
5.698
5.724
5.76
5.784
5.819
5.854
5.889
5.931
5.963
5.996
6.037
6.079
6.12
6.155
6.197
6.243
6.182
6.119
6.046
5.985
5.927
5.876
5.812
5.758
3.006
2.99
2.955
2.937
2.911
2.887
2.869
2.846
2.819
2.805
2.786
2.761
2.745
2.727
2.711
2.693
2.667
2.649
2.641
2.623
2.606
2.589
2.573
2.556
2.549
2.532
2.516
2.499
2.49
2.483
2.467
2.457
2.44
2.432
2.416
2.407
2.399
2.391
2.382
2.365
2.357
2.348
2.339
2.331
2.322
2.314
2.306
2.297
2.289
2.289
2.281
2.272
2.263
2.254
2.254
2.245
2.246
2.237
2.228
2.219
2.218
2.21
2.21
2.209
2.201
2.2
2.192
2.192
2.182
2.183
2.183
2.174
2.174
2.183
2.838
2.858
2.892
2.942
3.003
3.085
3.425
3.42
3.436
3.412
3.468
3.534
3.833
3.981
3.972
3.759
3.954
3.972
3.963
3.484
3.217
3.212
3.214
3.215
3.219
3.165
3.221
3.746
3.92
3.9
3.44
3.288
3.256
3.251
3.664
3.496
3.372
3.236
3.222
3.227
3.241
3.24
3.254
3.268
3.847
3.726
3.599
3.485
3.369
3.272
3.18
3.18
3.189
3.198
3.206
3.215
3.223
3.231
3.241
3.248
3.265
3.274
3.621
3.581
3.53
3.491
3.439
3.407
3.368
3.322
3.335
7.903
7.938
7.973
8.006
8.04
8.078
8.118
8.161
8.183
8.183
8.183
8.183
8.183
8.183
4.934
4.86
4.84
4.811
4.703
4.686
4.669
4.654
4.634
4.619
4.603
4.593
4.576
4.563
4.553
4.538
4.529
4.697
5.33
5.374
5.417
5.458
5.51
5.561
5.605
5.658
5.701
12.2949 6.08091 0.937608
