1 361
1.16
1.169
1.169
1.178
1.169
1.178
1.178
1.187
1.178
1.186
1.186
1.195
1.195
1.204
1.203
1.212
1.213
1.221
1.221
1.229
1.229
1.238
1.238
1.247
1.246
1.256
1.255
1.264
1.264
1.283
1.282
1.29
1.282
1.3
1.299
1.317
1.317
1.325
1.325
1.343
1.343
1.36
1.359
1.377
1.377
1.384
1.393
1.403
1.413
1.427
1.427
1.442
1.441
1.459
1.468
1.485
1.492
1.503
1.508
1.506
1.505
1.521
1.529
1.76
1.77
1.788
1.796
1.821
1.828
1.854
1.862
1.887
1.896
1.929
1.939
1.973
1.981
2.015
2.023
2.059
2.069
2.103
2.113
2.158
2.172
2.215
2.225
2.267
2.282
2.331
2.348
2.324
2.314
2.299
2.299
2.274
2.273
2.281
2.294
2.392
2.406
2.469
2.491
2.555
2.579
2.643
2.67
2.696
2.683
2.649
2.64
2.606
2.595
2.573
2.563
2.532
2.532
2.492
2.491
2.46
2.46
2.426
2.426
2.401
2.4
2.367
2.367
2.334
2.333
2.323
2.339
2.357
2.366
2.391
2.407
2.425
2.433
2.458
2.474
2.498
2.508
2.531
2.558
2.579
2.589
2.623
2.631
2.667
2.684
2.709
2.716
8.183
8.187
8.191
8.191
8.187
8.191
8.183
8.183
8.183
8.183
8.183
8.183
8.183
8.183
8.183
8.183
8.183
8.183
8.183
8.183
8.183
8.183
8.183
8.183
8.183
8.183
8.183
8.183
8.183
8.183
8.183
8.183
8.183
8.183
7.236
7.188
6.899
6.773
6.511
6.381
6.144
6.034
5.824
5.725
5.538
5.451
5.272
5.196
5.033
4.964
4.823
4.759
4.63
4.569
4.45
4.391
4.287
4.238
4.14
4.094
4
3.961
3.869
3.836
3.75
3.714
3.64
3.605
3.537
3.501
3.443
3.412
3.345
3.312
3.263
3.232
3.171
3.118
3.071
3.084
3.111
3.127
3.146
3.161
3.106
3.091
3.05
3.032
2.989
2.971
2.928
2.908
2.874
2.864
2.824
2.815
2.773
2.767
2.764
8.183
8.183
8.183
8.183
8.183
8.183
8.183
8.097
8.091
8.183
8.183
8.183
8.183
8.183
8.183
8.183
8.183
8.183
8.183
8.183
8.183
8.183
8.183
8.183
8.183
8.183
8.183
2.089
2.093
2.076
2.068
2.056
2.068
2.055
2.055
2.038
2.038
2.029
2.02
2.011
1.993
1.928
1.78
1.734
1.729
1.71
1.711
1.695
1.697
1.692
1.692
1.701
1.708
1.705
1.717
1.711
1.736
1.759
1.789
1.817
1.843
1.857
1.851
1.843
1.854
1.838
1.717
1.742
1.772
1.836
1.867
1.855
1.859
1.852
1.852
1.853
1.853
1.842
1.847
1.842
1.844
1.837
1.842
1.846
1.839
1.83
1.83
1.83
1.839
1.833
1.829
1.819
1.826
1.819
1.815
1.809
1.809
1.797
1.795
1.783
1.791
1.782
1.79
1.782
1.782
1.782
1.782
1.782
1.782
1.782
1.782
7.03863 7.24293 2.20482
