1 361
1.55
1.637
1.652
1.746
1.764
1.888
1.906
2.035
2.066
2.225
2.281
2.486
2.542
2.686
2.843
3.127
3.258
3.641
3.799
4.335
4.893
6.375
6.36
7.161
7.757
8.187
8.183
8.183
8.183
8.183
8.183
8.183
8.183
8.183
8.183
8.183
8.183
8.183
8.183
8.183
8.183
8.187
8.187
8.187
8.191
8.191
8.191
8.191
8.191
8.191
8.191
8.191
8.187
8.183
8.183
8.183
8.183
8.183
8.183
8.183
8.183
8.183
8.183
8.183
8.183
8.183
8.183
7.943
7.835
7.541
7.441
7.172
7.088
6.802
6.78
6.81
6.809
6.657
6.578
6.383
6.044
5.822
5.771
5.619
5.558
5.411
5.364
5.234
5.19
5.059
5.026
4.91
4.867
4.768
4.734
4.641
4.598
4.506
4.474
4.387
4.361
4.277
4.244
4.132
4.117
4.135
4.151
4.185
4.176
4.103
4.088
4.019
3.995
3.946
3.928
3.869
3.848
3.789
3.78
3.724
3.706
3.656
3.545
3.384
3.371
3.343
3.336
3.294
3.286
3.246
3.237
3.196
3.179
3.144
3.137
3.103
3.094
3.059
3.059
3.024
3.016
2.989
2.982
2.945
2.945
2.911
2.912
2.886
2.877
2.852
2.844
2.818
2.818
2.796
2.788
2.768
2.76
2.744
2.736
2.719
2.719
2.695
2.694
2.676
2.675
2.659
2.65
2.632
2.633
2.617
2.617
2.599
2.6
2.582
2.582
2.565
2.564
2.558
2.559
2.541
2.541
2.532
2.533
2.515
2.516
2.508
2.508
2.491
2.5
2.491
2.492
2.476
2.484
2.476
2.483
2.446
2.454
2.439
2.458
2.596
2.595
2.587
2.587
2.587
2.587
2.58
2.581
2.571
2.581
2.573
2.574
2.57
2.572
2.575
2.574
2.564
2.572
2.572
2.58
2.581
2.587
2.577
2.585
2.586
2.594
2.584
2.594
2.594
2.603
2.602
2.609
2.61
2.619
2.628
2.626
2.635
2.645
2.644
2.658
2.569
2.505
2.499
2.507
2.52
2.538
2.546
2.555
2.561
2.561
2.571
2.58
2.587
2.596
2.603
2.613
2.621
2.638
2.639
2.649
2.658
2.669
2.434
2.288
2.056
2.05
2.042
2.042
2.033
2.041
2.033
2.032
2.023
2.023
2.014
2.015
2.015
2.015
2.006
2.007
2.007
2.007
1.998
1.998
1.998
1.997
1.997
1.997
1.989
1.989
1.989
1.989
1.989
1.988
1.989
1.988
1.989
1.989
1.989
2.039
3.356
3.373
3.407
3.44
3.473
3.5
3.536
3.549
3.578
3.786
3.877
3.924
3.968
4
4.05
4.085
4.133
4.174
4.231
4.273
4.34
4.387
4.373
4.348
4.316
4.321
4.42
4.474
4.548
4.599
4.673
4.733
4.815
4.86
4.963
5.013
5.108
5.169
5.278
5.348
5.463
5.535
5.673
5.745
5.891
5.973
7.418
7.56
7.749
7.87
8.085
8.183
8.183
8.183
8.183
8.183
8.183
8.183
8.152
8.183
8.183
8.183
4.01322 8.794 0.612558
