1 361
1.996
1.995
2.004
2.003
2.002
2.012
2.011
2.019
2.019
2.018
2.018
2.027
2.027
2.035
2.036
2.045
2.044
2.052
2.052
2.076
2.048
4.142
4.183
4.255
4.295
4.383
4.425
4.519
4.518
4.486
4.47
4.488
4.555
4.661
4.716
4.822
4.888
4.998
5.072
5.196
5.272
5.404
5.485
5.64
5.727
5.883
5.987
6.17
7.838
8.071
8.183
8.183
8.183
8.183
8.183
8.183
8.183
8.183
8.183
8.183
8.183
8.183
8.183
8.183
8.183
8.183
8.183
8.183
8.183
8.183
8.183
8.183
8.183
8.187
8.187
8.187
8.187
8.191
8.183
8.183
8.183
8.183
8.183
8.183
8.183
8.183
8.183
8.183
8.183
8.183
8.183
8.183
8.183
8.183
8.183
8.183
8.183
8.183
8.183
8.183
7.899
7.885
7.912
6.013
5.987
5.541
5.322
4.956
4.797
4.506
4.354
4.109
3.999
3.802
3.712
3.539
3.458
3.293
3.226
3.083
3.03
2.904
2.862
2.751
2.703
2.606
2.571
2.479
2.446
2.37
2.337
2.262
2.231
2.166
2.151
2.08
2.061
2.009
1.985
1.925
1.908
1.86
1.842
1.8
1.756
1.699
1.692
1.673
1.691
1.699
1.708
1.716
1.726
1.734
1.751
1.752
1.741
1.714
1.696
1.663
1.655
1.621
1.614
1.582
1.573
1.548
1.549
1.517
1.516
1.484
1.484
1.459
1.46
1.427
1.426
1.409
1.401
1.385
1.375
1.359
1.359
1.342
1.332
1.351
8.122
8.041
7.998
8.183
8.183
8.183
8.183
6.689
6.696
8.183
8.183
8.183
8.183
8.183
8.183
8.183
8.183
8.183
8.183
8.183
8.183
8.183
8.153
7.966
7.953
7.988
8.08
8.183
7.385
7.171
7.206
7.958
7.547
7.427
7.394
7.349
7.294
7.244
7.263
7.44
7.623
7.729
8.025
8.183
8.183
8.183
8.183
8.183
8.183
8.183
8.183
8.183
8.183
8.183
8.183
8.183
8.183
8.183
8.183
8.183
8.183
3.03
2.883
2.833
2.837
2.834
2.847
2.844
2.854
2.851
2.861
2.86
2.868
2.866
2.876
2.875
2.876
1.357
1.072
1.066
1.068
0.854
0.822
0.819
0.83
0.825
0.827
0.826
0.828
0.818
0.822
0.82
0.837
0.84
0.849
0.839
0.849
0.839
0.848
0.848
0.848
0.848
0.857
0.847
0.857
0.847
0.866
0.856
0.866
0.856
0.865
0.865
0.865
0.873
0.873
0.873
0.882
0.874
0.883
0.879
0.868
0.848
0.832
0.816
0.806
0.795
0.781
0.761
0.762
0.755
0.759
0.741
0.742
0.733
0.912
0.904
0.92
0.917
0.929
0.922
0.946
0.94
0.943
0.957
0.963
0.981
0.978
0.978
0.968
0.977
0.997
0.995
0.997
8.187
8.187
8.187
1.028
8.187
8.187
8.187
1.071
8.187
8.187
8.187
8.187
8.187
1.109
1.113
1.123
1.12
1.102
1.087
1.082
1.107
1.096
1.08
1.021
5.806 8.10044 2.8595
