1 361
5.549
5.513
5.467
5.406
5.328
5.294
5.237
5.244
5.037
4.991
4.937
4.917
4.897
4.862
4.832
4.849
5.191
5.165
5.156
5.179
4.933
4.882
4.866
4.807
4.716
4.669
4.653
4.638
4.617
4.683
4.829
5.033
5.171
5.209
4.751
4.124
4.099
4.081
4.064
4.055
4.038
4.02
4.005
3.987
3.978
3.96
3.95
3.933
3.917
3.917
3.899
3.894
3.876
3.869
3.849
3.842
3.832
3.825
3.825
3.809
3.799
3.799
3.791
3.783
3.775
3.765
3.757
3.748
3.755
3.747
3.74
3.734
3.73
3.723
3.725
3.724
3.715
3.717
3.71
3.709
3.71
3.711
3.71
3.709
3.705
3.706
3.701
3.707
3.709
3.705
3.704
3.71
3.712
3.71
3.711
3.709
3.717
3.719
3.721
3.722
3.727
3.728
3.737
3.735
3.745
3.746
3.753
3.752
3.761
3.771
3.768
3.783
3.783
3.821
4.975
4.994
5
5.009
5.026
5.034
5.05
5.068
5.075
5.084
5.099
5.118
5.134
5.148
5.166
5.183
5.198
5.216
5.241
5.257
5.275
5.292
5.316
5.335
5.361
5.377
5.403
5.419
5.444
5.47
5.496
5.521
5.556
5.582
5.598
5.635
5.66
5.698
5.724
5.759
5.785
5.82
5.853
5.889
5.922
5.964
5.997
6.038
6.079
6.111
6.163
6.197
6.242
6.178
6.11
6.052
5.977
5.92
5.87
5.819
5.758
3.006
2.991
2.962
2.939
2.913
2.887
2.871
2.844
2.819
2.804
2.787
2.761
2.744
2.729
2.711
2.684
2.676
2.659
2.641
2.624
2.606
2.589
2.582
2.565
2.549
2.532
2.516
2.507
2.491
2.483
2.466
2.449
2.441
2.433
2.425
2.408
2.399
2.391
2.382
2.365
2.357
2.348
2.339
2.331
2.322
2.314
2.315
2.298
2.298
2.29
2.281
2.272
2.263
2.263
2.254
2.246
2.246
2.237
2.228
2.228
2.219
2.21
2.21
2.21
2.201
2.201
2.192
2.192
2.182
2.183
2.174
2.174
2.174
2.176
2.838
2.86
2.873
2.947
3.003
3.077
3.416
3.421
3.434
3.42
3.467
3.544
3.797
3.981
3.981
3.759
3.953
3.972
3.963
3.466
3.219
3.211
3.214
3.214
3.22
3.164
3.224
3.746
3.92
3.909
3.443
3.288
3.256
3.258
3.664
3.504
3.371
3.235
3.222
3.227
3.233
3.239
3.247
3.259
3.848
3.725
3.59
3.486
3.37
3.272
3.179
3.18
3.189
3.198
3.206
3.215
3.215
3.232
3.24
3.248
3.257
3.274
3.624
3.583
3.532
3.489
3.437
3.406
3.367
3.323
3.342
7.901
7.939
7.971
8.016
8.04
8.079
8.117
8.161
8.183
8.183
8.183
8.183
8.183
8.183
4.937
4.862
4.84
4.804
4.706
4.684
4.671
4.655
4.636
4.622
4.604
4.592
4.575
4.572
4.554
4.547
4.529
4.722
5.34
5.373
5.417
5.458
5.51
5.562
5.605
5.657
5.702
12.2949 6.08091 0.937608
