1 361
1.756
1.772
1.807
1.833
1.866
1.892
1.926
1.951
2.001
2.026
2.072
2.104
2.147
2.184
2.225
2.258
2.317
2.358
2.425
2.465
2.528
2.579
2.656
2.707
2.791
2.858
2.955
3.015
3.128
3.196
3.321
3.4
3.554
3.64
3.82
3.919
4.108
4.234
4.476
4.621
4.75
4.739
4.73
4.719
4.722
4.712
4.712
4.705
4.695
4.697
4.687
4.688
4.68
4.679
4.68
4.681
4.67
4.67
4.682
4.67
4.671
4.673
4.669
4.672
4.237
3.885
2.425
2.391
2.382
2.383
2.341
2.212
1.792
1.738
4.709
4.712
4.723
4.715
4.734
4.734
4.751
4.749
4.761
4.769
4.779
4.778
4.798
4.805
4.824
4.821
4.839
4.838
4.865
4.866
4.891
4.891
4.917
4.916
4.941
4.95
4.977
4.977
5.01
5.008
5.035
5.051
4.272
4.223
5.109
5.117
5.148
5.157
5.191
5.172
5.155
5.172
5.204
5.223
5.232
5.26
5.283
5.281
5.303
5.308
5.348
5.373
5.42
5.437
5.492
5.512
2.9
2.913
5.583
5.536
5.443
5.406
5.328
5.631
5.702
5.716
5.797
5.82
5.891
5.915
5.891
5.836
5.897
5.921
5.991
5.966
6.073
6.593
4.718
4.656
4.589
4.601
6.922
6.963
7.057
7.1
7.2
7.243
7.356
7.4
7.502
7.557
7.674
7.724
6.918
6.587
6.509
6.485
6.439
6.401
6.356
6.326
5.891
5.888
5.835
5.784
5.806
5.792
6.082
6.054
5.106
5.067
5.086
5.115
5.904
5.863
5.343
5.323
5.292
5.277
5.239
5.215
5.146
5.128
5.132
5.184
5.334
5.431
5.637
5.704
7.076
6.854
6.912
6.861
8.183
8.183
8.183
8.183
8.183
8.183
8.183
8.169
8.152
8.135
8.119
8.102
8.083
8.076
8.068
8.048
7.76
7.716
7.686
7.678
7.66
7.65
7.907
7.9
7.888
7.889
7.883
7.874
7.873
7.866
7.865
7.857
7.857
7.849
7.844
2.181
2.098
2.074
2.035
2.027
1.99
1.971
1.985
1.099
1.039
1.024
0.988
0.978
0.954
0.954
0.923
0.921
0.908
0.902
0.875
0.875
0.862
0.859
0.875
0.874
0.84
0.842
0.78
0.779
0.728
0.73
0.739
0.728
0.738
0.737
0.746
0.746
0.746
0.745
0.753
0.752
0.752
0.754
0.759
0.759
0.767
0.769
0.775
0.775
0.781
0.775
0.783
0.783
0.789
0.789
0.798
0.797
0.807
0.807
0.814
0.816
0.824
0.822
0.831
0.832
0.839
0.839
0.848
0.848
0.857
0.866
0.873
0.874
0.882
0.882
0.89
0.89
0.907
0.906
0.915
0.923
0.932
0.932
0.947
0.947
0.957
0.955
0.972
0.98
0.989
0.997
1.006
1.015
1.029
1.029
1.046
1.055
1.063
1.072
1.089
1.098
1.107
1.125
1.143
1.142
1.136
1.127
1.127
1.127
1.118
1.117
1.109
1.109
1.101
1.101
1.092
1.084
1.075
3.49606 8.18569 3.0807
