1 361
5.855
5.905
5.94
5.988
6.005
6.08
6.105
6.172
6.206
6.266
6.3
6.368
6.393
6.472
6.505
6.577
6.621
6.692
6.736
6.72
6.685
6.623
5.814
5.51
5.489
5.443
5.401
5.311
5.289
5.269
5.303
5.061
4.989
5.032
5.021
5.05
5.05
4.988
5.006
5.132
5.131
5.132
5.198
5.27
5.039
5.067
5.027
5.002
5.003
4.95
4.946
4.909
4.903
4.919
4.921
4.987
5.078
4.767
4.767
4.138
4.119
4.094
4.086
4.069
4.06
4.042
4.034
4.017
4.008
3.992
3.983
3.973
3.965
3.957
3.947
3.932
3.933
3.917
3.917
3.9
3.899
3.892
3.882
3.874
3.874
3.856
3.856
3.848
3.848
3.848
3.839
3.83
3.829
3.83
3.829
3.832
3.83
3.822
3.821
3.815
3.821
3.822
3.823
3.823
3.822
3.821
3.822
3.823
3.827
3.828
3.823
3.824
3.832
3.835
3.841
3.841
3.841
3.848
3.844
3.855
3.861
3.869
3.868
3.877
3.886
3.886
3.885
3.895
3.901
3.911
3.918
3.919
3.926
3.943
3.946
3.96
3.97
5.169
5.185
5.201
5.209
5.235
5.243
5.259
5.276
5.293
5.303
5.329
5.345
5.363
5.379
5.406
5.422
5.448
5.465
5.491
5.508
5.54
5.558
5.592
5.611
5.636
5.663
5.69
5.718
5.751
5.77
5.804
5.83
5.872
5.897
5.94
5.958
6.001
6.032
6.073
6.098
6.157
6.183
6.225
6.27
6.32
6.354
6.405
6.447
6.479
6.433
6.341
6.299
6.215
6.18
6.103
6.07
5.987
5.953
3.261
3.256
3.217
3.201
3.169
3.152
3.127
3.11
3.086
3.065
3.04
3.02
2.997
2.987
2.96
2.952
2.926
2.908
2.891
2.882
2.857
2.848
2.823
2.815
2.789
2.789
2.764
2.764
2.739
2.731
2.714
2.705
2.687
2.687
2.669
2.661
2.643
2.643
2.626
2.617
2.601
2.601
2.583
2.582
2.567
2.566
2.551
2.551
2.534
2.534
2.517
2.517
2.5
2.5
2.492
2.492
2.484
2.484
2.467
2.467
2.459
2.459
2.45
2.449
2.442
2.442
2.433
2.475
3.317
3.337
3.589
3.673
3.669
3.68
3.663
3.669
3.668
3.668
3.903
4.063
4.232
4.231
4.231
4.139
4.224
4.223
3.62
3.468
3.469
3.464
3.456
3.389
3.414
3.498
4.017
4.224
4.215
4.023
3.621
3.65
3.934
3.794
3.595
3.461
3.457
3.462
3.467
3.472
3.48
3.542
4.076
3.939
3.747
3.622
3.459
3.391
3.393
3.401
3.41
3.417
3.418
3.434
3.434
3.45
3.459
3.467
3.847
3.811
3.75
3.708
3.64
3.599
3.531
3.507
3.532
7.964
8
8.025
8.061
8.094
8.127
8.155
8.183
8.183
8.183
8.183
8.183
8.183
8.183
8.183
5.092
5.045
4.982
4.957
4.844
4.834
4.801
4.791
4.766
4.757
4.734
4.719
4.698
4.692
4.675
4.669
12.1526 5.90437 0.825008
