1 361
2.796
2.787
2.788
2.78
2.78
2.781
2.772
2.773
2.764
2.766
2.758
2.758
2.758
2.763
2.755
2.758
2.758
2.305
2.237
1.84
1.824
1.333
1.343
1.23
1.233
1.23
1.232
0.991
0.989
0.991
0.991
0.991
0.992
0.991
0.991
1.001
0.994
1.017
1.009
1.017
1.016
1.017
1.025
1.025
1.025
1.025
1.025
1.032
1.032
1.041
1.032
1.041
1.041
1.049
1.041
1.05
1.049
1.058
1.059
1.047
1.05
1.003
1.01
0.978
0.977
0.949
0.951
0.93
0.933
0.924
0.92
1.108
1.089
1.11
1.119
1.124
1.118
1.136
1.141
1.145
1.14
1.153
1.166
1.162
1.185
1.168
1.186
1.205
1.202
8.187
1.217
1.234
8.187
8.187
1.25
8.187
8.187
8.187
8.187
1.295
1.297
1.285
1.296
1.28
1.275
1.239
1.245
1.387
1.397
1.413
1.422
1.438
1.446
1.463
1.472
1.498
1.506
1.524
1.531
1.547
1.555
1.587
1.588
1.62
1.628
1.655
1.661
1.688
1.704
1.728
1.746
1.781
1.789
1.822
1.83
1.872
1.89
1.923
1.939
1.983
2
2.043
2.07
2.104
2.132
2.184
2.196
2.253
2.27
2.328
2.354
2.42
2.445
2.519
2.543
2.619
2.652
2.732
2.773
2.869
2.905
2.997
3.038
3.144
3.184
3.311
3.361
3.501
3.561
3.721
3.801
3.984
4.055
4.268
4.36
4.618
4.681
6.176
6.238
6.195
6.186
6.168
6.172
6.715
6.934
7.611
7.891
8.183
8.183
8.183
8.183
8.183
8.183
8.183
8.183
8.183
8.183
8.183
8.183
8.183
8.183
8.183
8.183
8.183
8.183
8.183
8.183
8.183
8.183
8.183
8.183
8.183
8.183
8.183
8.183
8.183
8.183
8.183
8.183
8.183
8.183
8.183
8.183
8.183
8.183
8.183
8.183
8.183
8.183
7.902
7.745
7.418
7.278
6.973
6.841
6.597
6.476
6.384
6.399
6.374
6.268
6.071
5.82
5.417
5.351
5.196
5.126
4.988
4.924
4.789
4.742
4.61
4.56
4.45
4.409
4.297
4.253
4.154
4.122
4.026
4.003
3.907
3.881
3.802
3.776
3.643
3.629
3.648
3.668
3.696
3.71
3.641
3.616
3.559
3.528
3.474
3.455
3.399
3.383
3.327
3.302
3.264
3.248
3.199
3.182
2.998
2.9
2.868
2.858
2.83
2.814
2.78
2.764
2.731
2.721
2.687
2.678
2.643
2.634
2.602
2.592
2.567
2.56
2.526
2.518
2.494
2.486
2.463
2.455
2.429
2.42
2.396
2.397
2.381
2.375
2.348
2.346
2.323
2.314
2.297
2.299
2.272
2.273
2.257
2.247
2.23
2.231
2.212
2.204
2.196
2.187
2.168
2.17
2.16
2.161
2.143
2.142
2.133
2.124
2.116
2.116
2.107
2.099
2.089
2.089
2.072
2.072
2.063
2.063
2.054
2.054
2.046
2.046
2.038
2.038
2.029
2.029
2.02
2.02
2.011
2.02
4.7382 12.9331 6.04717
