1 361
4.995
4.82
4.785
4.633
4.607
4.448
4.434
4.251
4.235
4.235
4.226
4.269
4.261
4.152
4.145
4.026
4.018
3.915
3.898
3.8
3.792
3.455
3.42
3.358
3.354
3.284
3.268
3.194
3.184
3.125
3.116
3.047
3.039
2.975
2.976
2.922
2.915
2.854
2.854
2.806
2.796
2.747
2.738
2.695
2.694
2.651
2.643
2.611
2.601
2.56
2.56
2.526
2.518
2.488
2.477
2.445
2.446
2.412
2.415
2.381
2.382
2.347
2.342
2.325
2.316
2.291
2.292
2.265
2.258
2.242
2.243
2.215
2.214
2.198
2.196
2.172
2.171
2.154
2.153
2.127
2.128
2.109
2.11
2.093
2.092
2.075
2.076
2.044
2.034
2.025
2.017
2.043
2.048
2.138
2.144
2.144
2.153
2.133
2.134
2.117
2.116
2.107
2.106
2.098
2.099
2.08
2.089
2.072
2.073
2.064
2.064
2.056
2.055
2.047
2.047
2.048
2.048
2.039
2.038
2.029
2.038
2.031
2.029
2.021
2.023
2.022
2.033
2.023
2.024
2.019
2.021
2.02
2.02
2.02
2.026
2.021
2.02
2.027
2.027
2.025
2.026
2.024
2.024
2.028
2.028
1.87
1.871
1.868
1.877
1.896
1.897
1.897
1.896
1.903
1.903
1.903
1.912
1.912
1.92
1.912
1.92
1.92
1.929
1.929
1.937
1.937
1.945
1.946
1.955
1.962
1.963
1.704
1.852
1.356
1.366
1.347
1.348
1.338
1.347
1.328
1.337
1.328
1.329
1.32
1.32
1.311
1.32
1.302
1.311
1.294
1.303
1.294
1.294
1.292
1.292
1.284
1.293
1.285
1.286
1.276
1.285
1.276
1.284
1.276
1.278
1.275
1.275
1.266
1.277
1.267
1.277
1.266
1.274
1.266
1.276
1.258
1.266
1.266
1.267
1.265
1.273
1.265
1.273
1.266
1.275
1.272
1.284
2.673
2.692
2.726
2.74
2.783
2.792
2.827
2.832
2.879
2.905
3.179
3.195
3.246
3.261
3.318
3.333
3.397
3.415
3.467
3.495
3.562
3.585
3.673
3.692
3.668
3.666
3.624
3.625
3.705
3.737
3.833
3.852
3.95
3.977
4.084
4.116
4.217
4.259
4.374
4.409
4.534
4.576
4.721
4.767
4.93
4.973
5.153
5.204
5.371
6.988
7.245
7.318
7.636
7.692
7.659
7.661
7.624
7.625
7.583
7.591
7.55
7.602
8.183
8.183
8.183
8.183
8.183
8.183
8.183
8.183
8.183
8.183
8.183
8.183
8.183
8.183
8.183
8.183
8.183
8.183
8.183
8.187
8.183
8.183
8.183
8.183
8.183
8.183
8.183
8.183
8.183
8.183
8.183
8.183
8.183
8.183
8.183
8.183
8.183
8.183
8.183
8.183
8.183
8.183
8.183
8.134
7.346
7.108
7.125
7.149
7.183
7.231
5.307
5.262
4.994
4.929
4.656
4.588
4.357
4.287
4.087
4.021
3.836
3.787
3.616
3.581
3.435
3.39
3.271
3.24
3.127
3.092
2.98
2.955
4.38361 9.33524 1.37806
