1 361
2.135
2.135
2.127
2.123
2.123
2.116
2.116
2.12
2.11
2.116
2.109
2.115
2.107
2.113
2.112
2.113
2.105
2.112
2.104
2.11
2.11
2.118
2.109
2.111
2.111
2.11
2.111
2.11
2.11
2.118
2.118
2.126
2.117
2.127
2.127
2.136
2.136
2.223
2.242
2.243
2.25
2.153
2.154
2.162
2.161
2.17
2.17
2.186
2.176
3.373
3.374
3.399
3.391
3.415
3.415
3.432
3.431
3.456
3.456
3.482
3.482
3.499
3.508
3.525
3.525
3.561
3.551
3.586
3.578
3.613
3.613
3.647
3.647
3.681
3.68
3.715
3.715
3.758
3.748
3.791
3.791
3.833
3.836
3.88
3.872
3.916
3.914
3.961
3.969
4.011
4.011
4.062
4.063
4.114
4.113
4.17
4.17
4.227
4.228
4.294
4.293
4.36
4.367
4.435
4.436
4.505
4.505
4.572
4.581
4.657
4.666
4.743
4.752
4.834
4.841
4.884
4.875
4.806
4.8
4.737
4.727
4.667
4.668
4.606
4.609
4.54
4.54
4.491
4.489
4.44
4.439
4.387
4.383
4.341
4.338
4.29
4.298
4.245
4.253
4.205
4.202
4.162
4.161
4.131
4.132
4.098
4.098
4.065
4.066
4.036
4.038
4.034
4.034
4
3.999
3.973
3.982
3.945
3.954
3.928
3.919
3.896
3.899
1.887
1.895
1.878
1.887
1.87
1.879
1.862
1.87
1.862
1.862
1.854
1.854
1.845
1.854
1.846
1.847
1.837
1.846
1.83
1.838
1.831
1.839
1.825
1.835
1.829
1.828
1.824
1.825
1.831
1.831
1.825
1.826
1.825
1.825
1.831
1.831
1.826
1.834
1.831
1.83
1.826
1.834
1.831
1.83
1.83
1.837
1.836
1.836
1.844
1.845
1.844
1.844
1.853
1.853
1.861
1.86
1.861
1.868
1.878
1.878
1.877
1.886
1.886
1.894
1.903
1.903
1.911
1.911
1.92
1.928
1.928
1.936
1.945
1.953
1.962
1.961
1.971
1.978
1.987
1.996
2.004
2.013
2.022
2.031
2.039
2.04
2.056
2.066
2.075
2.083
2.092
2.102
2.11
2.127
2.136
2.147
2.163
2.163
2.19
2.198
2.215
2.225
3.756
3.758
3.672
3.664
3.598
3.599
3.626
3.626
3.67
3.687
3.901
3.894
3.824
3.814
3.746
3.737
3.725
3.734
3.783
3.791
3.845
3.852
3.907
3.924
4.138
4.137
4.097
4.096
4.06
4.096
5.693
5.694
5.649
5.639
5.569
5.577
5.562
5.561
5.545
5.547
5.552
5.554
5.538
5.549
5.541
5.577
6.708
6.742
6.892
6.923
7.083
7.12
7.297
7.323
7.516
7.551
7.759
7.801
6.517
4.902
4.805
4.805
4.761
4.76
4.717
4.717
4.683
4.674
4.647
4.64
4.606
4.605
4.572
4.572
4.539
4.537
4.513
4.514
4.488
4.487
4.462
4.463
4.445
4.436
4.421
4.419
4.392
4.401
4.387
4.387
4.362
4.372
4.355
4.354
4.338
4.338
1.59483 -1.59144 -0.023588
