1 361
1.562
1.622
1.652
1.728
1.763
1.839
1.878
1.964
2.023
2.12
2.186
2.298
2.375
2.513
2.611
2.745
2.884
3.075
3.235
3.485
3.694
4.018
4.318
4.717
5.297
5.472
6.939
6.979
7.217
7.23
7.297
8.187
8.183
8.183
8.183
8.183
8.187
8.187
8.191
8.191
8.183
8.191
8.191
8.191
8.191
8.191
8.191
8.191
8.191
8.183
8.183
8.191
8.183
8.183
8.183
8.183
8.183
8.183
8.183
8.183
8.183
8.183
8.183
8.183
8.183
8.183
8.183
5.48
5.587
5.701
5.821
5.958
6.03
6.019
6.023
6.02
6.027
6.025
6.033
6.033
6.035
6.036
6.046
6.044
5.97
5.853
5.752
5.646
5.56
5.456
5.373
5.276
5.205
5.123
5.047
4.973
4.908
4.831
4.755
4.671
4.683
4.71
4.749
4.705
4.652
4.584
4.533
4.473
4.433
4.368
4.33
4.28
4.231
4.077
3.909
3.881
3.86
3.816
3.782
3.737
3.705
3.671
3.638
3.603
3.578
3.541
3.518
3.482
3.457
3.424
3.407
3.368
3.35
3.319
3.303
3.27
3.264
3.23
3.212
3.186
3.161
3.145
3.13
3.101
3.093
3.066
3.05
3.032
3.025
2.997
2.988
2.961
2.953
2.936
2.928
2.904
2.903
2.886
2.869
2.852
2.844
2.825
2.819
2.803
2.795
2.777
2.777
2.758
2.816
2.885
2.957
3.009
3.091
3.157
3.245
3.241
3.231
3.212
3.215
3.195
3.199
3.179
3.17
3.164
3.163
3.145
3.121
3.112
3.104
3.121
3.326
3.357
3.485
4.875
4.873
4.865
4.865
4.859
4.968
6.706
7.3
7.824
7.943
7.926
7.927
7.917
7.917
7.899
7.903
7.901
7.899
7.893
7.902
7.887
7.893
7.884
5.977
5.007
4.87
4.865
4.871
4.858
3.12
3.034
3.042
3.032
3.069
3.059
3.075
3.076
3.075
3.078
3.083
3.082
3.091
3.091
3.099
3.097
3.109
3.115
3.124
3.124
3.141
3.132
3.15
3.149
3.167
3.167
3.183
3.183
3.191
3.2
3.217
3.217
3.234
3.243
3.26
3.262
3.221
3.158
3.088
3.036
2.964
2.922
2.861
2.818
2.786
2.796
2.812
2.821
2.838
2.852
2.871
2.876
2.883
2.902
2.926
2.933
2.954
2.969
2.981
2.996
3.017
3.026
3.052
3.056
3.08
3.102
3.125
3.141
3.175
3.191
3.22
3.233
3.267
3.283
3.315
3.33
3.364
3.381
3.423
3.439
3.474
3.625
4.275
4.297
4.356
4.382
4.433
4.459
4.507
4.508
4.816
4.867
4.925
4.961
5.027
5.073
5.14
5.188
5.252
5.308
5.351
5.313
5.281
5.279
5.387
5.438
5.524
5.596
5.614
5.591
5.558
5.531
5.497
5.472
5.447
5.412
5.388
5.397
5.503
5.563
5.69
5.774
5.895
5.986
6.123
6.222
6.372
6.482
6.632
6.769
6.932
7.065
7.634
7.819
8.032
8.014
7.996
8.183
8.183
-2.61491 12.7019 1.14145
