1 361
5.337
5.279
5.249
5.185
5.047
4.987
4.951
4.913
4.889
4.847
4.838
4.894
5.2
5.175
5.165
5
4.911
4.868
4.844
4.654
4.629
4.575
4.569
4.549
4.539
4.675
4.884
5.067
5.158
4.875
4.41
4.101
4.083
4.066
4.048
4.022
4.014
3.997
3.988
3.97
3.951
3.942
3.923
3.906
3.899
3.881
3.871
3.865
3.849
3.84
3.832
3.816
3.806
3.798
3.798
3.782
3.774
3.764
3.757
3.748
3.739
3.732
3.723
3.712
3.726
3.703
3.705
3.691
3.699
3.689
3.69
3.682
3.682
3.675
3.675
3.667
3.666
3.667
3.673
3.66
3.669
3.661
3.665
3.662
3.664
3.654
3.665
3.664
3.661
3.667
3.665
3.662
3.666
3.677
3.672
3.68
3.678
3.679
3.686
3.686
3.686
3.695
3.694
3.703
3.702
3.71
3.717
3.717
3.726
3.819
4.925
4.924
4.941
4.941
4.96
4.968
4.974
5.001
5.009
5.018
5.026
5.051
5.067
5.076
5.092
5.108
5.125
5.141
5.157
5.173
5.198
5.215
5.233
5.249
5.275
5.292
5.318
5.344
5.361
5.387
5.403
5.428
5.455
5.479
5.504
5.539
5.564
5.591
5.616
5.653
5.68
5.715
5.742
5.776
5.81
5.846
5.881
5.923
5.956
5.997
6.031
6.072
6.112
6.16
6.123
6.043
5.992
5.92
5.868
5.793
5.749
5.689
2.926
2.902
2.886
2.852
2.835
2.802
2.795
2.769
2.753
2.727
2.71
2.684
2.667
2.64
2.632
2.606
2.598
2.572
2.564
2.54
2.532
2.507
2.499
2.482
2.474
2.449
2.441
2.425
2.425
2.408
2.399
2.383
2.374
2.357
2.349
2.331
2.332
2.315
2.315
2.298
2.29
2.28
2.272
2.263
2.254
2.246
2.246
2.228
2.228
2.219
2.21
2.202
2.202
2.184
2.184
2.175
2.165
2.166
2.157
2.156
2.147
2.139
2.138
2.13
2.13
2.121
2.12
2.12
2.12
2.111
2.111
2.102
2.102
2.103
2.103
2.102
2.282
2.745
2.745
2.837
2.857
2.94
3.108
3.344
3.347
3.327
3.344
3.434
3.469
3.901
3.901
3.684
3.847
3.892
3.841
3.795
3.152
3.144
3.152
3.138
3.15
3.139
3.145
3.226
3.84
3.83
3.348
3.257
3.204
3.18
3.2
3.491
3.378
3.255
3.172
3.16
3.166
3.172
3.189
3.195
3.213
3.727
3.615
3.497
3.395
3.298
3.206
3.122
3.127
3.128
3.145
3.145
3.163
3.163
3.18
3.189
3.206
3.206
3.223
3.565
3.534
3.48
3.442
3.401
3.361
3.319
3.291
3.292
7.9
7.947
7.982
8.016
8.052
8.091
8.136
8.183
8.183
8.183
8.183
8.183
8.183
4.915
4.863
4.798
4.787
4.707
4.67
4.656
4.638
4.622
4.604
4.587
4.578
4.561
4.543
4.539
4.53
4.512
4.505
5.297
5.34
5.382
5.426
5.476
5.527
5.57
5.623
5.675
5.719
12.3803 6.2038 0.972768
