1 361
1.767
1.767
1.758
1.758
1.749
1.749
1.739
1.739
1.739
1.731
1.731
1.722
1.721
1.721
1.721
1.712
1.712
1.712
1.704
1.704
1.703
1.704
1.696
1.695
1.697
1.697
1.688
1.691
1.692
1.696
1.689
1.694
1.696
1.699
1.692
1.691
1.692
1.689
1.692
2.297
2.291
2.293
2.294
2.707
2.715
2.815
3.071
3.203
3.154
2.913
2.856
3
3.037
2.803
2.858
2.803
2.801
2.805
2.804
2.816
2.809
2.774
2.831
2.938
2.821
2.825
2.827
2.827
2.829
2.838
2.853
3.039
3.007
2.92
2.884
2.885
2.884
2.9
2.909
2.924
2.933
3.231
3.289
3.187
3.145
3.062
3.024
2.947
2.919
2.89
2.89
2.906
2.915
2.933
2.942
2.96
2.969
2.986
3.003
3.021
3.03
3.312
3.295
3.255
3.238
3.196
3.179
3.137
3.119
3.14
8.183
8.183
8.183
8.183
8.183
8.183
8.183
8.183
4.799
4.726
4.704
4.677
4.654
4.569
4.561
4.552
4.546
4.527
4.52
4.513
4.512
4.498
4.488
4.478
4.47
4.465
4.466
5.367
5.398
5.476
5.519
5.587
5.64
5.712
5.757
5.841
5.892
5.984
6.034
6.134
6.185
6.279
3.687
3.667
3.661
3.619
3.61
3.584
3.576
3.541
3.532
3.506
3.497
3.474
3.465
3.44
3.431
3.407
3.4
3.375
3.369
3.344
3.335
3.32
3.321
3.296
3.296
3.278
3.27
3.245
3.245
3.228
3.228
3.212
3.204
3.186
3.186
3.169
3.178
3.151
3.151
3.143
3.143
3.134
3.126
3.117
3.117
3.108
3.108
3.099
3.099
3.09
3.09
3.083
3.083
3.073
3.073
3.074
3.074
3.065
3.058
3.059
3.06
3.053
3.054
3.05
3.058
3.054
3.055
3.056
3.056
3.053
3.051
3.058
3.056
3.052
3.06
3.059
3.066
3.056
3.073
3.072
3.072
3.082
3.081
3.089
3.089
3.089
3.098
3.097
3.106
3.114
3.115
3.123
3.132
3.133
3.14
3.148
3.157
3.158
3.166
3.174
3.192
3.191
3.198
3.225
3.234
3.241
3.251
3.258
3.266
3.282
3.292
3.3
3.315
3.324
3.33
3.346
3.364
3.37
3.386
3.404
3.41
3.426
3.454
3.462
3.478
3.494
3.511
3.528
3.546
3.563
3.58
3.596
3.621
3.639
3.663
3.68
3.705
3.731
3.756
3.772
3.8
3.825
3.843
3.869
3.895
3.93
3.959
3.984
4.011
4.045
4.071
4.111
4.141
4.174
4.207
4.239
4.273
4.315
4.355
4.398
4.423
4.476
4.509
4.56
4.594
4.645
4.689
4.743
4.787
4.839
4.882
4.943
5.045
6.673
6.639
6.586
6.552
6.507
6.469
6.428
6.402
6.344
6.318
6.276
6.25
6.216
6.189
6.145
6.122
6.089
6.063
6.015
5.321
5.394
4.789
4.771
4.753
4.726
4.71
4.692
4.676
4.659
4.642
4.617
4.608
4.593
4.574
4.558
4.551
2.19876 -0.948544 1.4006
