1 361
2.84
2.879
2.867
2.833
2.824
2.488
2.479
2.446
2.446
2.421
2.406
2.387
2.378
2.362
2.35
2.328
2.319
2.303
2.303
2.275
2.276
2.259
2.249
2.232
2.223
2.205
2.206
2.188
2.188
2.167
2.158
2.15
2.14
2.131
2.122
2.113
2.113
2.105
2.095
2.086
2.078
2.068
2.068
2.06
2.051
2.043
2.043
2.034
2.034
2.016
2.016
2.008
2.017
2.008
2.007
1.991
1.991
1.984
1.984
1.974
1.981
1.982
1.983
1.976
1.976
1.969
1.968
1.96
1.96
1.95
1.949
1.95
1.949
1.952
1.946
1.946
1.947
1.943
1.942
1.943
1.95
1.95
1.95
1.947
1.954
1.947
1.954
1.954
1.954
1.958
1.954
1.96
1.961
1.96
1.959
1.97
1.961
1.965
1.964
1.973
1.973
1.985
1.987
1.994
1.988
1.998
1.998
2.005
2.004
2.01
2.017
2.017
2.027
2.028
2.035
2.042
2.045
2.046
2.055
2.06
2.063
2.066
2.075
2.077
2.089
2.098
2.102
2.11
2.117
2.123
2.133
2.138
2.148
2.157
2.158
2.174
2.183
2.192
2.201
2.217
2.216
2.392
3.561
3.587
3.596
3.622
3.638
3.655
3.673
3.706
3.715
3.749
3.766
3.791
3.808
3.845
3.86
3.887
3.903
3.939
3.966
4
4.018
4.062
4.077
4.12
4.136
4.178
4.202
4.244
4.269
4.319
4.344
4.394
4.418
4.47
4.496
4.556
4.58
4.641
4.667
4.735
4.763
4.834
4.859
4.936
4.969
5.045
5.078
5.161
5.194
5.158
5.141
5.091
5.084
5.027
5.018
4.976
4.96
4.917
4.909
4.867
4.858
4.825
4.818
4.773
4.766
4.729
4.729
4.692
4.692
4.654
4.643
4.617
4.609
4.576
4.576
4.543
4.536
4.52
4.514
4.485
4.483
4.462
4.461
4.456
4.457
4.441
4.431
4.415
4.404
4.386
4.388
4.362
4.363
4.347
4.346
4.329
4.329
4.313
4.311
4.296
2.372
2.358
2.358
2.351
2.358
2.351
2.351
2.343
2.343
2.338
2.338
2.334
2.335
2.331
2.341
2.336
2.337
2.331
2.339
2.329
2.337
2.332
2.337
2.334
2.34
2.338
2.344
2.343
2.351
2.342
2.351
2.35
2.358
2.358
2.358
2.358
2.366
2.366
2.383
2.383
2.383
2.391
2.4
2.399
2.407
2.408
2.407
2.417
2.425
2.424
2.441
2.441
2.449
2.449
2.466
2.474
2.474
2.491
2.49
2.498
2.516
2.515
2.531
2.54
2.548
2.557
2.572
2.581
2.589
2.597
2.616
2.623
2.632
2.649
2.657
2.676
2.685
2.701
2.71
2.727
2.736
2.799
4.114
4.052
4.054
4.144
4.185
4.125
4.117
4.134
4.157
4.194
4.447
4.396
4.361
4.295
4.264
4.202
4.225
4.256
4.288
4.321
4.344
4.388
4.411
4.645
4.631
4.584
4.571
4.536
8.183
6.246
6.221
6.152
6.145
6.046
6.042
6.025
6.02
1.19084 -1.42298 -0.683165
