1 361
1.399
1.406
1.406
1.411
1.407
1.41
1.407
1.406
1.414
1.414
1.413
1.413
1.416
1.422
1.421
1.421
1.421
1.429
1.429
1.429
1.437
1.437
1.437
1.446
1.454
1.446
1.454
1.457
1.463
1.462
1.471
1.471
1.48
1.48
1.488
1.488
1.497
1.497
1.513
1.514
1.513
1.522
1.531
1.53
1.537
1.546
1.554
1.554
1.562
1.562
1.579
1.579
1.596
1.596
1.603
1.607
1.621
1.628
1.636
1.645
1.661
1.661
1.677
1.688
1.695
1.703
1.72
1.722
1.737
1.738
1.763
1.763
1.787
1.789
1.806
1.814
1.839
1.84
1.863
1.864
1.889
1.898
1.923
1.931
1.947
1.966
1.991
1.999
2.017
2.034
2.06
2.068
2.093
2.111
2.14
2.145
2.182
2.2
2.224
2.244
2.279
2.293
2.326
2.342
2.383
2.4
2.437
2.459
2.498
2.523
2.572
2.588
2.64
2.659
2.717
2.733
2.794
2.816
2.885
2.911
2.973
3.006
3.079
3.111
3.188
3.222
3.307
3.344
3.415
3.405
3.907
3.961
4.91
4.92
4.911
4.894
4.889
4.878
4.943
4.929
4.867
4.849
4.842
4.826
5.032
5.142
5.369
5.485
5.735
5.874
6.176
6.332
6.672
6.845
7.257
7.47
7.958
8.183
8.183
8.183
8.183
8.183
8.187
8.187
8.187
8.183
8.183
8.183
8.183
8.183
8.183
8.183
8.183
8.183
8.183
8.183
8.183
8.183
8.183
8.183
8.183
8.183
8.183
8.183
8.183
8.183
8.183
8.183
8.183
8.183
8.183
8.183
8.183
8.183
8.183
8.183
8.183
8.183
8.183
8.124
3.035
3.052
3.139
3.153
3.246
3.273
3.35
3.357
3.412
3.417
3.492
3.491
3.534
3.526
3.545
3.545
3.553
3.544
3.553
3.544
3.552
3.552
3.553
3.553
3.562
3.552
3.562
3.562
3.571
3.567
3.498
3.465
3.383
3.349
3.271
3.244
3.174
3.15
3.082
3.055
3.001
2.975
2.926
2.898
2.836
2.82
2.763
2.747
2.703
2.686
2.643
2.616
2.583
2.558
2.528
2.511
2.467
2.453
2.422
2.403
2.38
2.363
2.301
2.292
2.265
2.262
2.302
2.307
2.342
2.349
2.37
2.355
2.328
2.318
2.294
2.277
2.262
2.243
2.228
2.218
2.2
2.182
2.167
2.157
2.139
2.13
2.113
2.104
2.085
2.086
2.06
2.061
2.033
2.033
2.016
2.008
1.999
1.991
1.983
1.973
1.955
1.948
1.939
1.931
1.922
1.916
1.822
1.769
1.722
1.715
1.715
1.706
1.716
1.715
1.706
1.698
1.697
1.697
1.69
1.681
1.681
1.673
1.664
1.664
1.656
1.656
1.648
1.648
1.639
1.639
1.631
1.632
1.625
1.627
1.624
1.624
1.616
1.616
1.607
1.607
1.607
1.607
1.599
1.6
1.6
1.601
1.592
1.594
1.591
1.594
1.586
1.59
1.591
1.588
1.579
1.571
1.563
1.571
1.563
1.571
1.579
-0.289171 14.0127 6.0988
