1 361
5.357
5.45
5.518
5.611
5.675
5.765
5.843
5.95
6.027
6.288
7.589
7.554
7.556
7.755
7.875
8.024
8.168
8.183
8.183
8.183
8.183
8.183
8.183
8.183
8.183
8.183
8.183
8.183
8.183
8.183
8.183
8.183
8.183
8.183
8.183
8.183
8.183
8.183
8.183
8.183
8.183
8.183
8.183
8.183
8.183
8.187
8.187
8.189
8.183
8.183
8.183
8.183
8.183
8.183
8.183
8.183
8.183
8.183
8.183
8.183
8.183
8.183
8.183
8.183
8.183
8.183
8.183
5.486
3.283
8.183
1.822
1.037
1.035
1.037
1.036
1.037
1.036
1.035
1.042
1.044
1.043
1.042
1.052
1.043
1.051
1.051
1.054
1.053
1.053
1.045
0.999
0.943
0.918
0.868
0.858
0.807
0.79
0.757
0.75
0.707
0.699
0.666
0.657
0.629
0.622
0.599
0.59
0.575
0.567
0.553
0.543
0.528
0.53
0.522
0.523
0.528
0.535
0.55
0.558
0.573
0.582
2.785
2.736
2.69
2.653
2.605
2.583
2.539
2.529
2.557
5.205
6.172
6.213
6.175
6.208
6.253
6.265
6.327
6.361
6.413
6.448
6.484
6.475
6.522
6.574
6.667
6.716
6.715
6.665
6.572
6.529
6.454
6.78
4.03
4.038
6.988
7.056
7.12
7.091
7.17
7.181
7.119
7.27
7.852
7.925
8.015
5.81
5.804
8.183
8.183
8.183
8.183
8.183
8.183
8.183
8.183
8.183
8.183
8.183
7.81
7.807
8.133
8.094
7.421
7.132
7.091
7.041
7.135
7.213
8.183
6.525
6.301
6.327
6.96
7.058
6.581
6.56
6.513
6.491
6.425
6.392
6.367
6.486
6.628
6.838
6.877
7.035
8.183
8.183
8.183
8.183
8.183
8.183
8.183
8.183
8.183
8.183
8.183
8.183
8.183
8.183
8.183
8.183
8.183
2.153
2.085
8.183
8.183
8.183
8.183
8.183
8.183
8.183
8.183
8.183
8.183
8.183
8.183
2.168
2.074
2.048
2.031
2.036
2.041
2.046
2.049
2.057
2.059
2.068
2.066
2.074
2.085
2.093
2.095
2.101
2.1
2.108
2.11
2.127
2.126
2.135
2.146
2.154
2.209
2.572
2.697
2.477
2.398
2.337
2.276
2.056
1.83
1.802
1.772
1.306
1.231
1.193
1.148
1.104
1.087
1.061
1.037
1.014
1.001
0.974
0.96
0.94
0.92
0.906
0.899
0.884
0.865
0.849
0.84
0.827
0.811
0.802
0.794
0.775
0.77
0.762
0.752
0.739
0.73
0.723
0.713
0.698
0.699
0.69
0.682
0.675
0.665
0.658
0.65
0.64
0.635
0.625
0.626
0.618
0.617
0.609
0.601
0.601
0.592
0.584
0.586
0.577
0.577
0.569
0.568
0.56
0.551
0.543
0.552
0.543
0.543
0.527
0.527
0.517
0.518
0.518
0.517
0.51
0.518
0.509
0.501
0.5
0.501
0.491
0.493
0.49
0.49
0.494
0.498
0.519
0.518
0.52
0.52
0.514
0.514
0.514
4.865 8.26171 3.08248
