1 361
1.481
1.462
1.446
1.42
1.404
1.387
1.369
1.343
1.334
1.307
1.307
1.282
1.273
1.26
1.25
1.228
1.22
1.204
1.194
1.176
1.168
1.157
1.151
1.132
1.121
1.114
1.109
1.098
1.09
1.073
1.074
1.057
1.049
1.04
1.034
1.026
1.017
1.009
1.001
0.993
0.994
0.977
0.968
0.932
0.941
0.932
0.924
0.915
0.915
0.899
0.901
0.91
0.927
0.933
0.948
0.955
0.969
0.982
0.994
1.003
1.037
1.13
1.122
1.134
1.144
1.15
1.142
1.15
3.754
3.813
3.866
3.923
4.099
4.139
4.161
4.17
3.733
3.721
3.77
3.805
8.187
8.187
6.304
6.49
6.473
6.456
6.429
6.432
6.726
7.679
7.792
7.87
8.183
2.489
2.498
2.557
2.684
2.762
2.92
3.01
3.196
3.293
3.539
3.681
4.057
4.259
4.755
5.025
5.812
6.197
7.261
7.826
8.183
8.183
8.183
8.183
8.183
8.183
8.183
8.183
8.183
8.183
8.183
8.183
8.183
8.183
8.183
8.183
8.183
8.183
8.183
8.183
8.183
8.183
8.183
8.183
8.183
8.183
8.183
8.183
8.183
8.183
8.183
8.183
8.183
8.183
8.183
8.183
8.183
8.183
8.183
8.183
8.183
8.183
8.183
8.183
8.183
8.183
8.183
8.183
8.183
8.183
1.994
1.978
1.945
1.92
1.895
1.868
1.844
1.827
1.802
1.785
1.768
1.743
1.726
1.708
1.683
1.675
1.649
1.641
1.617
1.608
1.592
1.583
1.559
1.551
1.534
1.526
1.51
1.503
1.486
1.477
1.46
1.451
1.444
1.426
1.419
1.411
1.402
1.392
1.385
1.376
1.366
1.359
1.353
1.338
1.378
1.372
1.369
1.378
1.426
1.396
1.307
1.299
1.289
1.283
1.264
1.265
1.248
1.247
1.231
1.231
1.217
1.21
1.242
1.234
1.268
1.269
1.313
1.312
1.348
1.348
1.381
1.38
1.423
1.421
1.465
1.463
1.505
1.505
1.546
1.552
1.602
1.602
1.66
1.659
1.718
1.719
1.78
1.778
1.838
1.845
1.922
1.929
2.002
2.018
2.089
2.098
2.181
2.193
2.286
2.303
2.41
2.423
2.532
2.558
2.685
2.716
2.857
2.883
3.05
3.087
3.272
3.31
3.52
3.582
3.817
3.888
4.188
4.27
4.65
4.727
5.206
5.382
7.006
7.008
6.998
7.067
8.183
7.169
8.187
7.124
7.094
7.091
7.086
7.082
7.074
7.086
7.075
7.08
7.075
7.071
7.084
7.075
7.081
7.084
7.09
7.092
7.101
7.102
7.086
7.089
7.219
8.183
7.153
7.145
7.152
7.158
7.175
7.18
7.197
7.198
7.227
7.229
7.254
7.255
7.279
7.29
7.311
7.324
7.344
7.352
7.532
7.433
7.31
7.146
7.174
7.182
7.227
7.183
6.229
6.226
6
5.936
5.752
5.699
5.525
5.47
5.312
5.267
5.11
5.062
4.926
4.895
4.767
4.737
4.611
4.587
4.462
4.472
4.504
10.7337 12.7176 5.07828
