1 361
3.025
3.03
3.023
3.033
3.034
3.038
3.038
3.066
3.089
3.197
3.199
3.242
3.28
4.122
4.115
4.131
4.131
4.148
4.148
4.165
4.157
4.182
4.172
4.189
4.189
4.213
4.212
4.239
4.23
4.262
4.254
4.285
4.278
4.309
4.308
4.334
4.334
4.366
4.367
4.398
4.398
4.431
4.431
4.467
4.467
4.502
4.503
4.535
4.536
4.578
4.578
4.62
4.62
4.665
4.664
4.714
4.713
4.758
4.767
4.812
4.82
4.874
4.874
4.925
4.933
4.985
4.986
5.052
5.06
5.118
5.126
5.184
5.2
5.267
5.266
5.345
5.345
5.421
5.422
5.506
5.515
5.602
5.611
5.692
5.708
5.797
5.805
5.899
5.915
6.006
6.023
6.131
6.15
6.253
6.261
6.381
6.397
6.511
6.528
6.572
6.563
6.49
6.481
6.404
6.396
6.328
6.32
5.5
5.491
5.419
5.399
5.322
5.324
5.457
5.475
5.651
5.697
5.932
5.897
5.882
5.882
5.137
5.133
5.091
5.093
5.135
5.168
5.34
5.384
5.648
5.639
5.169
5.103
5.019
5.016
4.973
4.976
4.953
4.948
4.929
4.931
5.29
5.283
4.805
4.796
4.429
4.393
4.19
4.191
4.174
4.173
4.156
4.167
4.143
4.15
4.126
4.135
4.118
4.117
4.109
4.11
4.101
4.101
4.093
4.091
4.083
4.085
4.077
4.086
4.078
4.077
4.076
4.077
4.076
4.077
4.067
4.077
4.077
4.077
4.082
4.076
4.08
4.089
4.092
4.093
4.096
4.103
4.105
4.112
4.114
4.124
4.131
4.133
4.14
4.15
4.159
4.157
4.172
4.17
4.187
4.186
4.206
4.205
4.22
4.22
4.237
4.249
4.264
4.264
4.282
4.283
4.307
4.316
4.332
4.338
4.365
4.364
4.387
4.398
5.656
5.665
5.7
5.707
5.743
5.754
5.787
5.795
5.839
5.848
5.891
5.899
5.941
5.949
6
6.006
6.066
6.073
6.122
6.139
6.192
6.208
6.268
6.278
6.337
6.354
6.412
6.429
6.499
6.516
6.578
6.596
6.667
6.685
6.76
6.786
6.861
6.878
6.968
6.987
7.05
7.032
6.911
6.902
6.779
6.774
6.668
6.657
6.563
6.558
6.457
6.445
3.863
3.865
3.808
3.808
3.758
3.749
3.706
3.697
3.656
3.656
3.614
3.614
3.57
3.569
3.527
3.527
3.493
3.492
3.45
3.45
3.418
3.42
3.388
3.387
3.354
3.353
3.33
3.323
3.298
3.297
3.273
3.273
3.247
3.248
3.225
3.224
3.198
3.208
3.181
3.181
3.156
3.157
3.14
3.14
3.122
3.123
3.114
3.104
3.096
3.097
3.079
3.079
3.062
3.07
3.051
3.06
3.593
3.601
3.607
3.618
3.632
3.633
4.146
4.136
4.12
4.118
4.098
4.098
4.533
4.522
4.157
4.189
4.124
4.203
4.042
4.05
4.035
4.028
4.037
4.052
3.997
3.988
3.978
3.974
3.958
3.954
3.911
3.913
3.917
3.915
11.7266 5.62899 0.220618
