1 361
4.712
4.748
4.764
4.789
4.816
4.843
4.868
4.902
4.928
4.955
4.988
5.021
5.054
5.078
5.112
5.143
5.169
4.149
4.119
4.08
4.06
3.978
3.935
3.919
3.879
3.839
3.772
3.726
3.698
3.656
3.66
3.475
3.44
3.399
3.366
3.333
3.311
3.287
3.271
3.252
3.247
3.243
3.622
3.602
3.58
3.567
3.574
3.408
3.306
3.287
3.267
3.248
3.147
3.024
2.992
2.966
2.939
2.922
2.907
2.897
2.889
2.903
2.918
3.167
3.403
3.495
3.541
3.599
3.582
3.16
3.158
2.638
2.538
2.529
2.515
2.507
2.497
2.49
2.48
2.473
2.465
2.457
2.449
2.441
2.432
2.424
2.425
2.408
2.407
2.4
2.4
2.39
2.391
2.383
2.382
2.374
2.374
2.357
2.358
2.345
2.345
2.344
2.344
2.336
2.346
2.328
2.328
2.327
2.329
2.32
2.32
2.312
2.311
2.314
2.312
2.313
2.313
2.313
2.312
2.313
2.321
2.313
2.313
2.313
2.321
2.32
2.32
2.32
2.327
2.332
2.339
2.331
2.347
2.338
2.348
2.342
2.351
2.351
2.358
2.356
2.366
2.366
2.374
2.383
2.39
2.39
2.399
2.398
2.406
2.415
2.422
2.427
2.433
2.431
2.447
2.45
2.459
2.46
2.475
2.481
2.49
2.494
2.505
2.515
2.523
2.531
2.546
2.551
2.559
2.568
2.58
2.592
2.61
2.617
2.634
2.634
2.649
2.667
2.675
2.691
2.7
2.707
2.724
2.741
2.759
2.765
2.79
2.79
2.816
2.83
2.935
4.288
4.311
4.337
4.372
4.396
4.432
4.457
4.49
4.525
4.559
4.583
4.625
4.66
4.703
4.739
4.774
4.809
4.854
4.895
4.939
4.981
5.031
5.072
5.122
5.171
5.222
5.272
5.323
5.375
5.435
5.483
5.553
5.606
5.677
5.731
5.799
5.86
5.845
5.804
5.768
5.735
5.701
5.665
5.636
5.604
5.575
5.533
5.513
5.489
5.46
5.429
5.412
5.388
5.362
5.333
5.316
5.28
5.272
5.248
5.23
5.195
5.19
5.163
5.146
5.131
5.115
5.116
5.108
5.092
5.075
5.058
5.041
5.025
5.017
4.999
4.991
4.972
2.998
2.988
2.99
2.98
2.981
2.97
2.962
2.954
2.955
2.944
2.944
2.944
2.944
2.937
2.928
2.928
2.929
2.92
2.921
2.913
2.914
2.915
2.908
2.903
2.907
2.909
2.912
2.905
2.913
2.904
2.912
2.908
2.906
2.909
2.906
2.906
2.913
2.913
2.921
2.92
2.929
2.929
2.929
2.928
2.937
2.945
2.945
2.945
2.955
2.955
2.964
2.964
2.981
2.981
2.991
2.991
2.999
3.009
3.016
3.016
3.026
3.036
3.043
3.053
3.061
3.069
3.078
3.094
3.106
3.121
4.262
4.272
4.29
4.302
4.225
4.4
4.34
4.334
4.354
4.372
4.53
4.466
4.42
4.425
4.449
4.464
4.553
4.719
4.64
4.588
4.523
4.467
4.485
0.757143 -0.844573 -1.09217
