1 361
1.074
1.065
1.066
1.057
1.058
1.057
1.055
1.057
1.049
1.048
1.048
1.04
1.04
1.04
1.04
1.039
1.04
1.031
1.031
1.031
1.031
1.031
1.024
1.03
1.023
1.024
1.026
1.02
1.027
1.03
1.024
1.028
1.021
1.012
1.005
1.005
1.005
1.012
1.021
1.028
1.029
1.027
1.029
1.022
1.028
1.026
1.024
1.032
1.031
1.031
1.031
1.033
1.034
1.039
1.03
1.039
1.039
1.047
1.047
1.047
1.047
1.047
1.047
1.055
1.056
1.054
1.063
1.063
1.063
1.072
1.071
1.071
1.08
1.08
1.088
1.096
1.097
1.096
1.096
1.105
1.105
1.113
1.122
1.122
1.122
1.131
1.14
1.139
1.148
1.149
1.155
1.158
1.167
1.172
1.183
1.182
1.19
1.199
1.199
1.206
1.217
1.216
1.234
1.234
1.242
1.252
1.261
1.269
1.271
1.284
1.292
1.301
1.301
1.319
1.328
1.337
1.346
1.355
1.361
1.372
1.386
1.394
1.404
1.412
1.429
1.437
1.455
1.471
1.476
4.941
4.976
5.035
5.077
5.135
5.145
5.11
5.097
5.047
5.029
4.984
4.967
4.927
4.904
4.863
3
2.915
2.906
2.881
2.873
2.847
2.839
2.875
2.932
2.991
3.026
3.07
3.122
3.165
3.218
3.273
3.323
3.382
3.438
3.505
3.568
3.643
3.698
3.684
3.674
3.657
3.648
3.633
3.624
3.607
3.608
3.581
3.581
3.564
3.556
3.547
3.537
3.528
3.522
3.629
3.727
3.884
4.005
4.14
4.291
4.466
4.631
7.085
7.076
7.068
7.05
7.032
7.027
7.017
7.002
7.227
7.668
8.183
8.183
8.183
8.183
8.183
8.187
8.183
8.183
8.183
8.183
8.183
8.187
8.191
8.191
8.191
8.187
8.191
6.727
6.717
6.717
6.71
6.709
6.701
6.702
6.692
6.692
6.684
6.692
6.684
6.685
6.685
6.692
6.684
6.692
6.692
6.699
6.691
6.701
6.71
6.717
6.717
6.724
6.725
6.742
6.741
6.75
6.759
6.767
6.789
6.638
6.438
6.29
6.121
5.982
5.821
5.699
5.541
5.427
5.295
5.205
5.088
4.987
4.877
4.799
4.7
4.623
4.531
4.457
4.38
4.311
4.229
4.178
4.109
4.047
3.981
3.93
3.861
3.807
3.711
3.65
3.651
3.676
3.699
3.754
3.798
3.834
5.371
5.438
5.473
5.513
5.546
5.585
5.614
5.564
5.556
5.608
5.593
5.532
5.551
5.633
5.668
5.723
5.764
5.815
5.858
5.918
5.957
8.183
8.183
8.183
8.183
8.183
8.183
8.183
8.183
8.183
8.183
8.183
8.183
8.183
8.183
8.183
8.183
8.183
8.183
8.183
8.148
8.183
2.309
2.303
2.286
2.284
2.285
2.276
2.267
2.251
2.243
2.232
2.223
2.215
2.207
2.198
2.192
2.181
2.164
2.166
2.156
2.148
2.139
2.129
2.121
2.111
2.112
2.104
2.096
2.091
2.087
2.079
2.071
2.07
1.802 12.6683 2.3158
