1 361
0.417
0.436
0.435
0.456
0.452
0.47
0.461
0.487
0.486
0.505
0.501
0.527
0.526
0.546
0.548
0.573
0.579
0.612
0.612
0.64
0.646
0.688
0.678
0.728
0.725
0.779
0.783
0.84
0.848
0.919
0.97
1.098
1.125
1.197
1.241
1.327
1.369
1.486
1.543
1.694
1.774
1.97
2.079
2.356
2.526
2.896
3.197
3.874
4.471
5.028
5.021
5.019
5.019
5.021
5.019
5.021
5.021
5.021
5.019
5.022
5.021
5.03
5.037
5.038
5.046
5.043
5.054
5.062
5.061
5.07
5.078
5.085
5.096
5.102
5.1
4.32
4.458
4.382
3.932
3.979
3.851
3.476
3.388
3.285
3.199
2.967
2.851
2.854
2.868
2.769
2.701
2.606
2.565
2.487
2.443
2.373
2.339
2.265
2.224
2.164
2.178
5.516
5.533
5.559
5.576
5.602
5.628
5.647
5.682
5.699
4.9
4.983
5.788
5.812
5.815
5.795
5.822
5.857
5.858
5.904
5.921
5.938
5.964
5.985
6.017
6.072
6.112
6.164
6.247
6.301
6.342
6.238
6.178
3.613
3.612
6.378
6.397
6.459
6.514
6.578
6.633
6.597
6.565
6.633
6.685
6.692
6.653
7.366
7.428
5.387
5.437
5.323
5.432
7.8
7.884
7.968
8.054
8.147
8.183
8.183
8.183
8.183
8.129
7.318
7.265
7.221
7.185
7.133
7.094
6.693
6.654
6.608
6.568
6.65
6.755
6.821
6.774
5.829
5.829
5.964
6.65
6.252
6.095
6.067
6.033
5.994
5.946
5.904
5.889
5.949
6.049
6.261
6.396
6.569
8.183
8.183
7.838
7.796
8.183
8.183
8.183
8.183
8.183
8.183
8.183
8.183
8.183
8.183
8.183
8.183
8.183
8.183
8.183
8.183
8.183
8.183
1.686
1.629
1.583
1.55
1.55
1.722
1.916
8.183
8.183
8.183
8.183
8.183
8.183
8.183
1.889
1.881
1.879
1.94
1.711
1.66
1.629
1.59
1.586
1.574
1.589
1.586
1.594
1.593
1.603
1.602
1.61
1.618
1.625
1.627
1.634
1.641
1.651
1.651
1.657
1.667
1.675
1.675
1.682
1.691
1.699
1.705
1.716
1.716
1.724
1.693
1.651
1.645
1.675
1.627
1.643
1.619
1.634
1.6
1.608
1.602
1.602
1.594
1.464
1.453
1.427
1.409
1.39
1.371
1.348
1.328
1.304
1.275
1.241
1.213
1.193
1.222
1.436
1.437
1.446
1.448
1.447
1.434
0.928
0.863
0.854
0.837
0.837
0.82
0.811
0.804
0.795
0.786
0.787
0.772
0.77
0.763
0.754
0.747
0.739
0.731
0.732
0.724
0.715
0.715
0.709
0.699
0.691
0.692
0.683
0.684
0.675
0.667
0.669
0.66
0.657
0.653
0.642
0.643
0.635
0.633
0.625
0.627
0.626
0.619
0.62
0.61
0.613
0.609
0.61
0.602
0.601
0.602
0.594
0.595
0.594
0.594
0.595
0.586
0.579
0.58
0.578
0.579
0.579
0.579
0.569
4.34157 8.2596 3.20932
