1 361
2.325
2.392
2.392
2.45
2.459
2.524
2.532
2.605
2.606
2.684
2.684
2.767
2.767
2.849
2.857
2.953
2.959
3.057
3.065
3.176
3.176
3.301
3.309
3.439
3.446
3.593
3.601
3.728
3.727
3.7
3.7
3.683
3.675
3.657
3.649
3.631
3.632
3.615
3.615
1.297
1.297
1.25
1.241
1.334
1.325
1.192
1.182
1.267
1.267
3.536
3.536
3.527
3.519
1.77
1.772
2.739
2.726
3.474
3.491
3.471
3.473
3.503
3.493
3.502
3.493
3.493
3.493
3.493
3.485
3.502
3.493
3.493
3.493
3.502
3.502
3.511
3.502
3.511
3.511
3.52
3.511
3.528
3.52
3.528
3.528
3.546
3.537
3.555
3.546
3.564
3.564
3.581
3.572
3.59
3.59
3.608
3.599
3.625
3.625
3.641
3.641
3.658
3.658
3.684
3.676
3.7
3.7
3.726
3.726
3.752
3.752
3.778
3.778
3.804
3.794
3.051
3.027
3.117
3.16
3.892
3.891
3.928
3.926
3.963
3.96
3.907
3.907
3.952
3.952
3.986
3.983
4.017
4.019
4.052
4.045
4.067
4.068
4.1
4.102
4.166
4.165
4.222
4.231
4.282
4.281
4.396
4.388
4.424
4.423
4.336
4.338
4.252
4.243
4.163
4.161
4.561
4.557
1.743
1.741
1.732
1.74
4.803
4.791
4.699
4.699
4.778
4.786
4.865
4.855
4.799
4.802
5.626
5.626
5.75
5.749
5.666
5.86
3.564
3.564
3.554
3.549
6.341
6.348
6.511
6.52
6.703
6.705
6.45
6.431
6.356
6.34
5.551
5.549
5.498
5.499
5.448
5.446
5.399
5.389
5.347
5.347
4.956
4.96
4.928
4.922
4.927
4.937
5.182
5.185
5.154
5.143
5.114
5.114
4.343
4.325
4.211
4.206
4.558
4.789
4.536
4.537
4.513
4.518
4.486
4.487
4.454
4.452
4.4
4.393
4.38
4.386
4.878
4.901
7.585
7.584
7.567
7.567
7.558
7.559
7.541
7.549
7.531
7.531
7.523
7.523
7.523
7.523
7.522
7.515
7.223
7.223
7.202
7.206
7.217
7.262
7.447
7.448
7.457
7.457
7.465
7.463
7.47
7.471
7.489
7.499
7.506
7.513
7.517
7.524
7.646
7.652
7.668
7.679
7.704
7.703
7.729
7.737
6.845
6.817
6.439
6.372
5.721
5.678
5.591
5.599
5.625
5.632
5.302
5.242
4.679
4.671
4.67
4.679
4.695
4.704
4.721
4.73
3.651
3.649
3.452
3.456
3.422
3.435
3.427
3.436
3.405
3.388
3.284
3.277
3.139
3.129
3.067
3.066
2.574
2.522
2.185
2.187
2.123
2.134
2.091
2.091
2.064
2.064
2.046
2.048
2.034
2.034
2.021
2.023
2
2.001
2.384
2.383
2.341
2.343
2.305
2.305
2.269
2.278
2.252
2.258
2.282
2.3
2.331
2.341
1.912
1.911
1.903
1.908
1.891
1.9
1.825
1.826
1.782
1.781
1.735
1.735
1.703
1.703
1.665
1.674
2.49635 9.0562 3.20175
