1 361
3.86
3.869
3.877
3.896
3.895
3.913
3.912
3.93
3.939
3.956
3.966
3.975
3.983
4
4.008
4.026
4.041
4.06
4.066
4.084
4.101
4.127
4.133
2.296
2.285
2.234
2.207
2.165
2.163
2.181
2.189
2.219
2.231
2.249
2.254
2.271
2.282
2.301
2.306
2.322
2.327
2.344
2.361
2.379
2.385
2.412
2.419
2.435
2.451
2.467
2.485
2.509
2.524
2.551
2.559
2.584
2.6
2.626
2.644
2.669
2.687
2.713
2.738
2.762
2.751
2.723
2.706
2.68
2.663
2.637
2.626
2.602
2.585
2.561
2.553
2.527
2.522
2.496
2.479
2.463
2.455
2.439
2.442
2.484
2.517
2.552
2.577
2.603
2.641
2.689
2.731
2.775
2.815
2.866
2.898
2.922
2.995
3.045
3.098
3.161
3.217
3.276
3.335
3.407
3.472
5.246
5.335
5.475
5.513
5.479
5.463
5.498
5.667
5.81
5.862
5.838
5.828
5.802
5.794
5.777
5.76
5.741
5.731
5.721
5.876
6.08
6.308
6.569
6.816
7.115
7.48
8.189
8.183
8.183
8.183
8.183
8.183
8.183
8.183
8.183
8.187
8.183
8.183
8.183
8.183
8.183
8.187
5.342
5.343
5.326
5.325
5.308
5.318
5.3
5.291
5.292
5.292
5.283
5.283
5.273
5.274
5.266
5.266
5.266
5.265
5.258
5.265
5.258
5.257
5.258
5.275
5.258
5.267
5.266
5.275
5.274
5.283
5.274
5.283
5.282
5.301
5.3
5.309
5.309
5.325
5.325
5.404
5.256
5.128
5.001
4.866
4.744
4.64
4.518
4.42
4.316
4.223
4.135
4.06
3.976
3.897
3.824
3.755
3.677
3.618
3.549
3.499
3.429
3.38
3.316
3.274
3.224
3.175
3.122
3.079
3.035
3.002
2.956
2.92
2.877
2.836
2.802
2.776
2.734
2.709
2.668
2.647
2.611
2.586
2.554
2.519
2.495
2.463
2.439
2.414
2.387
2.331
2.307
2.303
2.308
2.332
2.349
2.39
2.451
2.463
2.503
4.296
4.26
4.294
4.335
4.337
4.301
4.27
4.298
4.39
4.436
4.488
4.538
4.596
4.641
4.701
4.744
4.801
8.183
8.183
8.183
8.183
8.183
8.183
8.183
8.183
8.183
8.183
8.183
8.183
8.183
8.183
8.183
7.137
7.1
7.167
7.289
7.435
7.555
7.709
7.851
8.02
8.172
8.183
8.183
8.183
8.183
8.183
8.183
8.183
8.183
8.183
8.183
8.183
8.183
8.183
8.183
8.183
8.183
8.183
8.183
8.183
8.183
8.183
8.183
8.183
8.183
8.183
8.183
6.155
6.139
6.131
6.124
6.122
6.115
6.108
6.1
6.1
6.086
6.085
6.077
6.079
6.071
6.064
6.07
6.063
6.06
6.058
6.053
2.53
2.527
1.913
1.854
1.757
1.759
1.65
1.552
1.544
1.541
1.548
1.547
1.562
1.573
1.58
1.58
1.589
1.58
1.595
1.588
1.596
1.596
1.605
1.605
1.605
1.613
1.613
0.417354 13.3903 2.89972
