1 361
4.689
4.724
4.726
4.76
4.761
4.796
4.794
4.831
4.83
4.872
4.881
4.915
4.923
4.967
4.965
5.008
5.018
5.068
5.067
5.117
5.126
5.174
5.18
5.239
5.247
5.298
5.308
5.368
5.376
5.434
5.443
5.509
5.518
5.587
5.595
5.667
5.676
5.755
5.771
5.842
5.857
5.941
5.958
6.041
6.056
6.15
6.157
6.252
6.278
6.371
6.39
6.492
6.511
6.608
6.636
6.622
6.595
6.525
6.507
6.437
6.419
5.545
5.524
5.443
5.425
5.369
5.355
5.473
5.497
5.453
5.478
5.24
5.253
5.215
5.304
5.14
5.133
5.092
5.089
5.145
5.18
5.24
5.365
5.648
5.645
5.131
5.072
4.985
4.981
4.944
4.941
4.912
4.905
4.904
4.887
4.829
4.776
4.743
4.727
4.141
4.131
4.115
4.114
4.089
4.09
4.072
4.064
4.057
4.048
4.04
4.031
4.022
4.022
4.005
4.013
3.998
3.998
3.989
3.979
3.979
3.979
3.963
3.963
3.954
3.954
3.953
3.954
3.945
3.945
3.936
3.944
3.937
3.943
3.945
3.937
3.937
3.947
3.947
3.94
3.938
3.947
3.945
3.953
3.953
3.955
3.963
3.962
3.971
3.978
3.982
3.982
3.98
3.989
3.995
3.998
4.005
4.01
4.02
4.03
4.036
4.051
4.054
4.056
4.069
4.073
4.085
4.094
4.101
4.112
4.118
4.124
4.147
4.153
4.165
4.207
5.415
5.425
5.45
5.457
5.492
5.5
5.524
5.542
5.569
5.585
5.622
5.629
5.666
5.674
5.709
5.728
5.762
5.771
5.813
5.832
5.873
5.892
5.933
5.95
5.991
6.016
6.066
6.091
6.133
6.158
6.209
6.227
6.289
6.304
6.364
6.388
6.448
6.475
6.544
6.561
6.633
6.659
6.729
6.761
6.701
6.671
6.569
6.544
6.443
6.422
6.327
6.31
6.226
6.21
6.132
3.56
3.517
3.51
3.467
3.467
3.417
3.41
3.378
3.368
3.329
3.328
3.287
3.288
3.255
3.245
3.212
3.212
3.18
3.169
3.146
3.145
3.111
3.11
3.084
3.085
3.057
3.049
3.022
3.022
3.004
3.005
2.978
2.97
2.953
2.951
2.925
2.935
2.908
2.907
2.892
2.891
2.874
2.866
2.85
2.858
2.832
2.832
2.816
2.816
2.808
2.807
2.79
2.791
2.773
2.783
2.764
2.764
2.756
2.757
2.749
2.884
3.421
3.448
3.429
3.5
3.532
3.657
3.945
3.954
3.947
3.935
3.924
3.952
4.458
4.477
4.292
4.392
4.415
4.417
3.756
3.76
3.756
3.758
3.682
3.765
4.328
3.934
3.832
3.79
3.729
3.728
4.216
4.171
3.75
3.738
3.727
3.742
3.743
3.751
3.797
4.167
4.274
4.153
3.849
3.755
3.65
3.659
3.66
3.668
3.677
3.677
3.685
3.693
3.703
3.712
4.14
4.105
4.005
3.968
3.876
3.839
3.754
3.735
8.08
8.106
8.13
8.146
8.183
8.183
8.183
8.183
11.9368 5.72004 0.565094
