1 361
1.186
1.206
1.196
1.214
1.213
1.191
1.181
1.163
1.163
1.144
1.142
1.124
1.115
1.095
1.086
1.065
1.057
1.034
1.033
1.007
0.998
0.97
0.971
0.94
0.941
0.958
0.975
1.206
1.204
1.184
1.184
1.166
1.157
1.14
1.14
1.123
1.114
1.106
1.098
1.081
1.071
1.062
1.055
1.044
1.045
0.67
0.671
0.64
0.639
0.63
0.633
0.625
0.625
0.623
0.615
0.607
0.607
0.607
0.6
0.599
0.599
0.589
0.591
0.591
0.591
0.585
0.583
0.583
0.583
0.574
0.574
0.566
0.568
0.566
0.567
0.557
0.566
0.558
0.559
0.551
0.55
0.55
0.55
0.552
0.544
0.543
0.542
0.545
0.543
0.543
0.544
0.542
0.541
0.534
0.533
0.533
0.532
0.533
0.533
0.533
0.532
0.533
0.533
0.523
0.532
0.525
0.523
0.525
0.522
0.524
0.526
0.524
0.526
0.53
0.524
0.525
0.524
0.525
0.532
0.527
0.523
0.521
0.53
0.527
0.527
0.528
0.524
0.524
0.525
0.524
0.525
0.527
0.533
0.527
0.534
0.533
0.533
0.534
0.534
0.535
0.535
0.542
0.542
0.535
0.544
0.543
0.541
0.544
0.543
0.541
0.543
0.551
0.551
0.551
0.551
0.553
0.561
0.551
0.561
0.561
0.56
0.569
0.569
0.569
0.569
0.57
0.578
0.579
0.586
0.586
0.586
0.587
0.587
0.595
0.595
0.592
0.603
0.605
0.602
0.612
0.618
0.612
0.619
0.627
0.629
0.628
0.637
0.635
0.645
0.644
0.645
0.659
0.66
0.669
0.669
0.677
0.678
0.685
0.685
0.694
0.7
0.701
0.711
0.719
0.718
0.725
0.742
0.816
0.815
0.822
0.83
0.834
0.839
0.83
0.836
0.838
0.837
0.847
0.853
0.862
0.872
0.871
0.889
0.888
0.897
0.914
0.922
0.93
0.937
4.9
4.879
4.829
4.813
4.77
4.753
4.528
4.502
4.49
4.468
4.433
4.414
4.381
4.373
4.329
4.32
4.28
4.273
4.232
4.232
4.19
4.183
4.157
4.149
4.116
4.107
4.073
4.074
4.047
4.039
4.013
4.005
3.987
3.978
3.951
3.952
3.927
3.916
3.898
3.899
3.871
3.872
3.855
3.846
3.829
3.829
3.819
3.812
3.795
3.793
3.776
3.776
3.759
3.758
3.742
3.742
3.735
3.734
3.723
3.704
3.696
3.721
3.842
3.845
3.838
3.837
3.821
3.828
3.82
3.82
3.811
3.811
3.804
3.812
3.799
3.803
3.798
3.803
3.796
3.805
3.801
3.807
3.804
3.812
3.811
3.821
3.821
3.821
3.823
3.691
3.666
3.666
3.687
3.689
3.696
3.704
3.708
3.713
3.713
3.721
3.722
3.241
3.123
3.114
3.098
3.088
3.071
3.061
3.045
3.044
3.026
3.018
3
2.991
2.973
2.973
2.956
2.946
2.938
2.929
2.921
2.912
2.904
3.006
3.976
3.987
4.002
4.011
4.028
4.043
4.06
0.635
2.77374 8.59121 5.96379
