1 361
2.409
2.397
2.4
2.394
2.392
2.364
2.359
2.341
2.365
2.371
2.352
2.357
2.346
2.351
2.339
2.37
2.362
2.369
2.37
2.402
2.372
2.447
2.335
2.328
2.318
2.311
2.312
2.306
2.308
2.306
2.305
2.31
2.557
2.675
2.706
2.695
2.685
2.17
2.139
2.13
2.128
2.121
2.13
2.121
2.12
2.121
2.12
2.121
2.113
2.102
2.113
2.103
2.104
2.104
2.103
2.103
2.975
2.987
2.946
2.851
2.714
2.614
2.511
2.428
2.331
2.263
2.186
2.115
2.056
2.078
2.11
6.322
6.339
6.341
6.359
6.354
6.211
6.214
6.257
6.257
6.277
6.282
6.299
6.309
6.317
6.325
6.351
6.35
6.376
6.385
6.409
6.414
6.433
6.454
6.472
6.478
6.512
6.523
6.55
6.565
6.602
6.603
6.635
6.645
6.68
6.694
6.73
3.501
3.436
3.385
3.372
3.307
3.243
3.226
3.21
3.195
3.177
3.16
3.144
3.126
3.117
3.109
3.091
3.074
3.065
3.048
3.039
3.03
3.023
3.012
3.176
3.73
3.772
3.788
3.822
3.831
3.875
3.883
3.929
3.944
3.981
3.998
4.05
4.065
4.11
4.133
2.127
2.126
2.104
2.088
2.071
2.052
2.036
2.018
2
1.984
1.958
1.949
1.925
1.915
1.907
1.89
1.873
1.856
1.848
1.83
1.823
1.814
1.796
1.788
1.779
1.762
1.753
1.746
1.737
1.72
1.712
1.704
1.695
1.686
1.677
1.669
1.662
1.652
1.644
1.637
1.629
1.62
1.62
1.612
1.604
1.595
1.588
1.579
1.571
1.564
1.562
1.554
1.554
1.546
1.547
1.539
1.538
1.529
1.53
1.522
1.522
1.514
1.515
1.505
1.506
1.506
1.496
1.495
1.497
1.487
1.488
1.488
1.488
1.48
1.481
1.471
1.472
1.472
1.472
1.465
1.473
1.466
1.468
1.461
1.472
1.464
1.466
1.46
1.462
1.464
1.467
1.459
1.467
1.459
1.464
1.463
1.469
1.458
1.463
1.462
1.468
1.466
1.472
1.464
1.471
1.47
1.478
1.469
1.478
1.477
1.477
1.478
1.484
1.484
1.493
1.485
1.494
1.493
1.501
1.501
1.51
1.499
1.518
1.508
1.516
1.516
1.526
1.524
1.533
1.533
1.549
1.541
1.557
1.558
1.566
1.566
1.582
1.573
1.591
1.59
1.599
1.599
1.607
1.615
1.624
1.631
1.64
1.639
1.656
1.656
1.665
1.673
1.69
1.69
1.706
1.706
1.724
1.724
1.741
1.741
1.759
1.767
1.784
1.784
1.809
1.81
1.826
1.836
1.852
1.86
1.878
1.877
1.902
1.91
1.927
1.937
1.96
1.969
1.993
2.004
2.03
2.028
2.064
2.065
2.116
2.126
2.152
2.162
2.196
2.196
2.232
2.239
2.274
2.292
2.325
2.333
2.374
2.392
2.425
2.44
2.491
2.507
2.548
2.564
2.606
2.624
2.676
2.703
2.753
2.78
2.828
2.855
2.908
2.944
3.003
2.43272 0.95248 1.14914
