1 361
1.663
1.654
1.654
1.653
1.535
1.536
1.536
1.527
1.535
1.528
1.527
1.527
1.423
1.393
1.395
1.388
1.392
1.392
1.388
1.407
1.406
1.407
1.407
1.399
1.407
1.407
1.413
1.41
1.411
1.408
1.412
1.417
1.413
1.414
1.421
1.415
1.414
1.423
1.421
1.419
1.419
1.419
1.427
1.427
1.435
1.426
1.435
1.435
1.444
1.445
1.452
1.444
1.452
1.451
1.461
1.461
1.462
1.46
1.468
1.469
1.477
1.485
1.486
1.489
1.49
4.397
4.424
4.431
4.449
4.458
4.484
4.492
4.517
4.517
4.55
4.56
4.584
4.593
4.636
4.645
4.671
4.688
4.715
4.733
4.768
4.773
4.818
4.839
4.873
4.881
4.922
4.93
4.975
4.986
5.026
5.043
5.093
5.11
5.156
5.182
5.224
5.247
5.299
5.315
5.305
5.391
5.36
5.366
5.542
5.559
5.62
5.646
5.719
5.743
5.811
5.844
5.913
5.946
6.016
6.054
6.136
6.172
6.249
6.293
6.394
6.438
6.527
6.572
6.668
6.71
6.811
6.863
6.974
7.037
7.139
7.201
7.329
7.381
3.528
3.503
3.487
3.47
3.458
3.488
3.567
3.593
3.668
3.702
3.798
3.827
3.912
3.953
4.046
4.089
4.188
4.235
4.355
4.406
4.528
4.582
4.715
4.773
4.91
4.987
5.143
5.217
5.395
5.485
5.649
5.677
5.685
5.67
5.659
5.649
5.641
5.611
5.605
5.592
5.584
5.568
5.559
5.557
5.541
5.536
5.522
5.508
5.493
5.484
5.483
5.467
5.458
5.453
5.441
5.441
5.442
5.429
5.436
5.429
5.43
5.433
5.428
5.422
5.423
5.423
5.422
5.422
5.43
5.422
5.425
5.421
5.427
5.418
5.418
5.412
4.851
4.556
4.041
3.839
3.433
3.309
2.999
2.892
2.708
2.701
2.712
2.711
2.72
2.721
2.729
2.728
2.735
2.731
2.745
2.742
2.758
2.75
2.775
2.775
2.784
2.784
2.8
2.8
2.816
2.817
2.824
2.833
2.85
2.85
2.866
2.867
2.886
2.894
2.91
2.91
2.928
2.928
2.955
2.954
2.972
2.971
2.999
3.008
3.025
3.033
3.061
3.061
3.088
3.086
3.045
3.027
2.968
2.943
2.887
2.87
2.812
2.788
2.743
2.726
2.675
2.657
2.616
2.598
2.556
2.549
2.5
2.491
2.449
2.434
2.401
2.393
2.36
2.344
2.311
2.303
2.267
2.259
2.235
2.225
2.2
2.191
2.156
2.157
2.129
2.121
2.094
2.085
2.061
2.059
2.032
2.034
2.008
2.008
1.982
1.974
1.956
1.948
1.924
1.924
1.908
1.898
1.882
1.882
1.865
1.857
1.848
1.841
1.823
1.823
1.806
1.806
1.788
1.788
1.781
1.773
1.763
1.755
1.746
1.746
1.738
1.724
1.72
1.72
1.704
1.703
1.695
1.695
1.687
1.68
1.671
1.672
1.662
1.663
1.655
1.657
1.648
1.647
1.641
1.64
1.632
1.633
1.625
-2.7392 11.2876 4.07378
