1 361
1.813
1.822
1.822
1.83
1.831
1.839
1.848
1.856
1.862
1.871
1.879
1.879
1.896
1.904
1.903
1.914
1.919
1.937
1.936
1.952
1.953
1.969
1.968
1.986
1.993
2.013
2.012
2.027
2.036
2.053
2.061
2.077
2.086
2.093
2.102
2.12
2.138
2.155
2.155
2.18
2.193
2.191
2.198
2.243
2.42
2.452
2.469
2.494
2.51
2.536
2.551
2.574
2.593
2.619
2.636
2.671
2.688
2.774
3.769
3.736
3.722
3.688
3.671
3.645
3.63
3.605
3.596
3.562
3.544
3.526
3.51
3.483
3.476
3.449
3.441
3.463
3.506
3.439
3.405
3.373
3.364
3.34
3.332
3.397
3.457
3.535
3.581
3.559
3.55
3.538
3.546
3.544
3.551
3.557
3.571
3.592
3.617
3.714
4.452
4.568
4.647
4.768
4.865
5.004
5.099
5.246
5.368
5.532
5.658
5.823
5.991
6.185
6.353
6.575
6.768
7.02
7.247
7.547
8.183
8.183
8.183
8.183
8.183
8.183
8.183
8.183
8.183
8.183
8.183
8.183
8.183
8.183
8.183
8.183
8.183
8.183
8.183
8.183
8.183
8.183
8.183
8.183
8.183
8.183
8.183
8.183
8.183
8.183
8.183
8.183
8.183
8.183
8.183
8.183
8.183
8.183
8.183
8.183
8.183
8.183
8.183
8.183
7.832
7.364
7.045
6.667
6.413
6.06
5.977
1.192
1.227
1.233
1.26
1.279
1.303
1.318
1.355
1.368
1.403
1.429
1.469
1.494
1.527
1.56
1.6
1.641
1.692
1.728
1.783
1.779
1.786
1.787
1.786
1.777
1.795
1.786
1.795
1.786
1.803
1.795
1.811
1.803
1.81
1.811
1.811
1.811
1.82
1.819
1.827
1.826
1.834
1.835
1.843
1.844
1.852
1.851
1.861
1.861
1.868
1.869
1.878
1.878
1.895
1.896
1.905
1.909
1.905
1.881
1.872
1.847
1.837
1.814
1.795
1.779
1.771
1.754
1.734
1.718
1.71
1.695
1.685
1.671
1.661
1.645
1.635
1.621
1.613
1.595
1.597
1.579
1.573
1.557
1.55
1.542
1.542
1.525
1.517
1.508
1.5
1.492
1.483
1.474
1.467
1.459
1.459
1.442
1.442
1.434
1.426
1.418
1.417
1.399
1.398
1.392
1.391
1.383
1.382
1.373
1.364
1.365
1.36
1.353
1.348
1.348
1.34
1.339
1.33
1.331
1.331
1.321
1.321
1.313
1.313
1.305
1.305
1.305
1.306
1.296
1.295
1.286
1.285
1.287
1.286
1.278
1.278
1.279
1.279
1.279
1.279
1.27
1.28
1.271
1.271
1.272
1.273
1.266
1.275
1.268
1.27
1.267
1.259
1.249
1.249
1.249
1.259
1.259
1.265
1.258
1.264
1.264
1.251
1.245
1.246
1.244
1.248
1.248
1.273
1.296
1.412
1.404
1.413
1.412
1.411
1.411
1.421
1.422
1.421
1.422
1.43
1.429
1.439
1.439
1.439
1.438
1.447
1.447
1.456
1.454
1.463
1.464
1.473
1.73349 13.8824 0.19436
