1 361
1.509
1.501
1.501
1.491
1.379
1.362
1.354
1.353
1.345
1.336
1.228
1.192
1.194
1.183
1.182
1.174
1.174
1.173
1.191
1.191
1.19
1.18
1.18
1.18
1.18
1.171
1.171
1.171
1.171
1.163
1.171
1.164
1.164
1.155
1.155
1.158
1.155
1.156
1.156
1.147
1.157
1.148
1.148
1.149
1.144
1.145
1.15
1.145
1.146
1.142
1.141
1.133
1.133
1.133
1.142
1.14
1.142
1.142
1.141
1.147
1.148
1.145
1.145
1.141
1.146
1.145
1.151
1.14
1.157
1.148
1.156
1.156
1.156
1.156
1.204
1.164
3.94
3.938
3.957
3.958
3.976
3.976
3.993
3.994
4.011
4.012
4.028
4.029
4.053
4.053
4.079
4.079
4.104
4.105
4.128
4.136
4.152
4.163
4.179
4.187
4.212
4.228
4.251
4.26
4.285
4.294
4.325
4.335
4.369
4.376
4.411
4.42
4.464
4.473
4.497
4.506
4.548
4.563
4.597
4.615
4.65
4.667
4.701
4.72
4.761
4.781
4.831
4.841
4.891
4.905
4.942
4.959
5.023
5.039
4.969
5.069
5.18
5.197
5.263
5.287
5.341
5.363
5.433
5.458
5.523
5.559
5.63
5.656
5.735
5.763
5.848
5.883
5.965
5.996
6.098
6.134
6.229
6.271
6.374
6.416
6.521
6.565
6.683
6.718
6.848
6.888
7.026
7.076
7.214
3.144
3.131
3.113
3.097
3.08
3.119
3.136
3.213
3.237
3.319
3.35
3.438
3.458
3.561
3.587
3.695
3.729
3.838
3.883
3.993
4.034
4.169
4.214
4.366
4.415
4.57
4.639
4.815
4.874
5.074
5.158
5.27
5.259
5.239
5.231
5.22
5.206
5.201
5.193
5.176
5.167
5.159
5.152
5.143
5.126
5.124
5.117
5.11
5.102
5.093
5.094
5.079
5.077
5.08
5.072
5.067
5.069
5.061
5.064
5.061
5.052
5.05
5.049
5.053
5.062
5.056
5.059
5.056
5.057
5.06
5.055
5.063
5.067
5.074
5.073
5.084
5.08
5.086
5.09
5.044
4.862
4.442
4.316
4
3.898
3.627
3.544
3.329
3.256
3.07
3.008
2.842
2.799
2.656
2.613
2.5
2.486
2.496
2.496
2.513
2.513
2.521
2.528
2.536
2.546
2.549
2.556
2.564
2.573
2.591
2.591
2.608
2.607
2.625
2.634
2.651
2.651
2.668
2.668
2.694
2.695
2.712
2.718
2.737
2.746
2.77
2.78
2.797
2.796
2.821
2.829
2.854
2.862
2.888
2.897
2.915
2.922
2.958
2.96
2.991
2.999
2.993
2.972
2.927
2.91
2.869
2.85
2.809
2.8
2.759
2.742
2.709
2.691
2.656
2.649
2.615
2.598
2.573
2.565
2.523
2.516
2.482
2.477
2.453
2.444
2.411
2.412
2.386
2.377
2.354
2.347
2.322
2.315
2.288
2.29
2.265
2.265
2.239
2.239
2.213
2.214
2.187
2.187
2.16
2.17
2.143
2.144
2.126
2.118
2.108
2.1
2.082
-3.01138 11.0077 3.80986
