1 361
1.83
1.828
1.835
1.835
1.826
1.839
1.835
1.829
1.837
1.834
1.833
1.833
1.846
1.833
1.745
1.745
1.745
1.754
1.752
1.752
1.761
1.766
1.769
1.717
1.644
1.638
1.638
1.648
1.648
1.653
1.686
1.687
1.695
1.695
1.704
1.711
1.712
1.72
1.729
1.729
1.738
1.746
1.755
1.764
1.764
1.773
1.782
1.789
1.797
1.806
1.806
1.815
1.827
1.833
1.842
1.85
1.858
1.867
1.875
1.883
1.9
1.91
1.914
5.196
5.227
5.262
5.301
5.337
5.359
5.389
5.426
5.467
5.508
5.544
5.585
5.613
5.665
5.712
5.746
5.796
5.829
5.831
5.937
5.86
6.018
6.087
6.138
6.19
6.244
6.305
6.37
6.413
6.491
6.547
6.617
6.679
6.753
6.814
6.904
6.965
7.055
7.131
7.216
7.289
7.391
7.467
7.568
7.649
7.765
7.858
7.967
8.07
8.183
4.099
4.079
4.06
4.032
4.07
4.143
4.195
4.272
4.338
4.413
4.482
4.567
4.636
4.745
4.821
4.916
5.004
5.121
5.211
5.332
5.444
5.582
5.698
5.845
5.974
6.147
6.277
6.425
6.472
6.434
6.443
6.404
6.409
6.388
6.384
6.368
6.359
6.344
6.335
6.316
6.31
6.296
6.292
6.277
6.263
6.263
6.257
6.247
6.236
6.24
6.224
6.227
6.214
6.214
6.204
6.207
6.195
6.208
6.195
6.199
6.199
6.197
6.19
6.189
6.185
6.195
6.19
5.2
4.365
3.637
3.245
3.231
3.232
3.242
3.232
3.249
3.242
3.249
3.252
3.257
3.256
3.265
3.265
3.282
3.273
3.279
3.281
3.297
3.298
3.306
3.305
3.313
3.321
3.329
3.338
3.345
3.354
3.362
3.369
3.377
3.385
3.392
3.402
3.419
3.428
3.435
3.443
3.461
3.469
3.486
3.488
3.428
3.37
3.308
3.248
3.189
3.14
3.069
3.026
2.974
2.93
2.877
2.834
2.785
2.751
2.709
2.674
2.632
2.596
2.562
2.531
2.488
2.465
2.423
2.398
2.365
2.34
2.307
2.289
2.255
2.241
2.206
2.188
2.161
2.144
2.118
2.1
2.074
2.056
2.04
2.02
1.997
1.985
1.969
1.945
1.929
1.909
1.892
1.885
1.867
1.853
1.836
1.826
1.808
1.801
1.782
1.775
1.758
1.749
1.732
1.728
1.715
1.708
1.69
1.682
1.674
1.666
1.657
1.641
1.632
1.626
1.618
1.609
1.601
1.593
1.584
1.576
1.568
1.559
1.551
1.552
1.544
1.535
1.526
1.527
1.51
1.51
1.501
1.501
1.493
1.493
1.484
1.477
1.476
1.468
1.46
1.46
1.451
1.451
1.446
1.444
1.435
1.434
1.426
1.426
1.425
1.418
1.417
1.419
1.418
1.409
1.41
1.401
1.401
1.401
1.396
1.395
1.395
1.396
1.396
1.387
1.388
1.38
1.381
1.383
1.385
1.379
1.382
1.377
1.382
1.378
1.373
1.381
1.372
1.372
1.363
1.372
1.372
-2.45237 11.8458 4.36619
