1 361
1.789
1.782
1.773
1.764
1.786
1.774
1.663
1.663
1.68
1.675
1.678
1.682
1.678
1.679
1.679
1.679
1.557
1.553
1.553
1.552
1.558
1.563
1.588
1.588
1.596
1.596
1.596
1.605
1.603
1.604
1.612
1.613
1.612
1.62
1.63
1.629
1.636
1.636
1.645
1.645
1.652
1.653
1.66
1.669
1.669
1.677
1.677
1.691
1.694
1.694
1.703
1.712
1.72
1.721
1.729
1.738
1.746
1.746
1.757
1.789
4.859
4.879
4.911
4.928
4.954
4.979
5.011
5.027
5.057
5.084
5.116
5.142
5.182
5.207
5.239
5.265
5.307
5.332
5.373
5.4
5.448
5.48
5.526
5.554
5.604
5.637
5.634
5.723
5.646
5.794
5.871
5.907
5.964
5.999
6.072
6.105
6.18
6.217
6.294
6.337
6.412
6.458
6.546
6.599
6.675
6.737
6.83
6.879
6.98
7.04
7.131
7.199
7.297
7.369
7.477
7.546
7.672
7.75
3.88
3.858
3.841
3.822
3.804
3.853
3.914
3.959
4.042
4.084
4.166
4.207
4.312
4.354
4.461
4.516
4.619
4.683
4.802
4.866
4.996
5.065
5.203
5.281
5.434
5.531
5.705
5.796
5.993
6.095
6.254
6.229
6.216
6.196
6.183
6.166
6.159
6.145
6.125
6.107
6.101
6.089
6.081
6.062
6.064
6.042
6.041
6.026
6.017
6.007
6.005
5.988
5.989
5.98
5.984
5.966
5.968
5.957
5.957
5.949
5.961
5.954
5.952
5.948
5.952
5.948
5.952
5.941
5.945
5.94
5.952
5.676
4.488
4.046
3.426
3.151
2.988
2.988
2.998
2.998
2.997
3.006
3.007
3.006
3.023
3.017
3.031
3.023
3.04
3.031
3.048
3.039
3.057
3.057
3.066
3.074
3.084
3.084
3.101
3.101
3.109
3.11
3.126
3.127
3.143
3.143
3.16
3.161
3.177
3.187
3.202
3.203
3.219
3.229
3.244
3.244
3.269
3.269
3.284
3.251
3.174
3.138
3.079
3.044
2.973
2.947
2.886
2.86
2.794
2.768
2.718
2.692
2.648
2.616
2.572
2.556
2.507
2.481
2.45
2.423
2.391
2.375
2.331
2.316
2.283
2.266
2.24
2.222
2.188
2.17
2.146
2.136
2.099
2.091
2.063
2.056
2.029
2.02
1.996
1.987
1.961
1.952
1.927
1.92
1.894
1.887
1.868
1.862
1.844
1.836
1.819
1.81
1.792
1.785
1.778
1.767
1.751
1.743
1.725
1.726
1.708
1.7
1.691
1.683
1.675
1.667
1.65
1.649
1.634
1.628
1.626
1.619
1.601
1.602
1.593
1.585
1.577
1.569
1.56
1.56
1.552
1.553
1.536
1.536
1.528
1.527
1.519
1.52
1.51
1.511
1.502
1.502
1.494
1.494
1.485
1.486
1.479
1.482
1.469
1.47
1.461
1.462
1.461
1.462
1.453
1.454
1.446
1.446
1.447
1.447
1.439
1.439
1.428
1.43
1.431
1.424
1.425
1.427
1.43
1.432
1.428
1.432
1.42
-2.55724 11.5907 4.26605
