1 361
0.8
0.81
0.816
0.815
0.817
0.825
0.825
0.833
0.841
0.842
0.849
0.847
0.856
0.866
0.873
0.874
0.881
0.88
0.89
0.897
0.897
0.905
0.914
0.921
0.929
0.937
0.948
0.954
0.964
0.97
0.981
0.986
1.049
1.073
1.076
1.093
1.093
1.074
1.075
1.091
1.091
1.1
1.107
1.116
1.124
1.133
1.142
1.15
1.159
1.167
5.492
5.44
5.392
5.326
5.317
5.373
5.405
5.356
5.306
5.269
5.226
5.183
5.135
5.094
5.06
5.028
4.995
4.961
4.916
4.751
4.667
4.668
4.636
4.603
4.577
4.551
4.518
4.492
4.469
4.442
4.416
4.398
4.366
4.347
4.324
4.306
4.283
4.258
4.241
4.224
4.201
4.184
4.168
4.151
4.135
4.117
4.1
4.084
4.065
4.05
4.041
4.024
4.008
3.997
3.981
3.971
3.962
3.947
3.935
3.929
3.91
3.902
3.893
3.887
3.876
3.866
3.857
3.852
3.826
3.818
3.93
3.967
3.962
3.952
3.943
3.944
3.935
3.928
3.916
3.918
3.91
3.908
3.909
3.901
3.9
3.891
3.891
3.893
3.886
3.886
3.881
3.885
3.878
3.886
3.874
3.886
3.884
3.766
3.735
3.727
3.749
3.753
3.753
3.761
3.758
3.766
3.766
3.773
3.774
3.781
3.781
3.784
3.789
3.797
3.797
3.806
3.815
3.819
3.825
3.833
3.831
3.85
3.851
3.861
3.868
3.877
3.884
3.894
3.913
3.921
3.929
3.937
3.947
3.956
3.975
3.981
4
4.007
4.024
4.032
4.05
4.067
4.076
4.091
4.109
4.121
4.144
4.159
4.176
4.192
4.21
4.234
4.251
4.276
4.289
4.301
4.499
4.523
4.547
4.564
4.598
4.622
4.647
4.672
4.698
4.725
4.759
4.786
0.981
0.969
0.961
0.953
0.934
0.935
0.919
0.909
0.901
0.891
0.885
0.878
0.875
0.88
0.88
0.875
0.869
0.865
0.861
0.866
0.872
0.868
0.861
0.818
0.815
0.793
0.778
0.773
0.774
0.774
0.774
0.774
0.766
0.767
0.767
0.767
0.768
0.769
0.766
0.766
0.766
0.768
0.764
0.771
0.761
0.768
0.774
0.769
0.771
0.761
0.761
0.765
0.77
0.774
0.773
0.771
0.77
0.768
0.769
0.774
0.774
0.773
0.773
0.773
0.78
0.78
0.781
0.78
0.778
0.779
0.78
0.786
0.787
0.795
0.797
0.796
0.797
0.796
0.796
0.804
0.804
0.804
0.811
0.812
0.812
0.82
0.82
0.82
0.83
0.83
0.839
0.837
0.837
0.845
0.845
0.853
0.854
0.854
0.862
0.863
0.871
0.871
0.88
0.889
0.888
0.955
2.544
2.529
2.492
2.181
2.163
2.149
2.132
2.125
2.117
2.134
2.169
2.167
2.273
2.829
2.836
2.85
2.878
2.875
2.654
2.546
2.554
2.517
2.505
2.41
2.278
2.179
2.063
1.979
1.889
1.823
1.775
1.777
1.786
1.786
1.796
1.795
1.805
4.57525 2.51705 0.418355
