1 361
1.855
1.862
1.879
1.897
1.912
1.929
1.945
1.962
1.986
2.004
2.019
2.035
2.052
2.07
2.103
2.113
2.138
2.156
2.183
2.201
2.234
2.251
2.285
2.301
2.333
2.358
2.398
2.415
2.455
2.48
2.522
2.548
2.593
2.619
2.67
2.698
2.746
2.787
2.837
2.881
2.932
2.968
3.038
3.073
3.149
3.19
3.26
3.306
3.391
3.432
3.528
3.579
3.68
3.738
3.842
3.906
4.033
4.11
4.248
4.32
4.475
4.555
4.67
4.978
6.162
6.152
6.211
6.206
6.153
6.131
6.13
6.295
6.684
6.879
7.317
7.534
8.054
8.183
8.183
8.183
8.183
8.183
8.183
8.183
8.183
8.183
8.183
8.183
8.183
8.183
8.183
8.183
8.183
8.183
8.183
8.183
8.183
8.183
8.183
8.183
8.183
8.183
8.183
8.183
8.183
8.183
8.183
8.183
8.183
8.183
8.187
8.183
4.348
4.354
4.446
4.481
4.574
4.614
4.729
4.764
4.871
4.867
4.866
4.859
4.859
4.849
4.846
4.836
4.845
4.836
4.839
4.83
4.831
4.833
4.831
4.824
4.663
4.596
4.445
4.385
4.268
4.202
4.09
4.041
3.939
3.889
3.795
3.75
3.657
3.615
3.538
3.491
3.388
3.385
3.419
3.426
3.452
3.461
3.389
3.356
3.293
3.273
3.205
3.19
3.129
3.105
3.053
3.028
2.975
2.957
2.905
2.744
2.596
2.58
2.565
2.551
2.517
2.496
2.46
2.445
2.419
2.403
2.37
2.354
2.329
2.312
2.288
2.27
2.253
2.235
2.219
2.204
2.185
2.166
2.15
2.14
2.114
2.106
2.088
2.081
2.061
2.052
2.034
2.018
2.01
2
1.984
1.975
1.959
1.949
1.932
1.924
1.916
1.899
1.889
1.88
1.873
1.864
1.857
1.841
1.839
1.83
1.821
1.813
1.804
1.795
1.795
1.788
1.779
1.769
1.762
1.761
1.751
1.743
1.744
1.734
1.726
1.725
1.717
1.708
1.708
1.7
1.7
1.693
1.692
1.691
1.683
1.683
1.675
1.674
1.665
1.658
1.658
1.658
1.657
1.65
1.653
1.643
1.65
1.641
1.642
1.634
1.634
1.626
1.634
1.627
1.946
1.972
2.149
2.143
2.148
2.143
2.143
2.147
2.149
2.141
2.141
2.138
2.141
2.141
2.145
2.141
2.142
2.138
2.146
2.143
2.145
2.132
2.125
2.124
2.133
2.127
7.053
7.054
6.953
6.963
5.979
5.933
5.992
5.949
5.085
4.955
4.979
4.986
4.958
4.55
4.172
4.104
4.108
4.109
4.125
4.135
4.153
4.158
4.176
4.184
4.201
4.208
4.226
4.234
4.259
4.267
4.293
4.3
4.325
4.333
4.358
4.367
4.401
4.41
2.559
2.548
2.483
2.475
2.418
2.418
2.451
2.452
2.492
2.5
2.526
2.527
2.55
2.56
2.575
2.584
2.609
2.619
2.634
2.645
2.671
2.679
2.713
2.723
2.748
2.756
2.779
2.794
2.824
2.834
2.876
-1.68701 13.7931 0.537945
