1 361
1.535
1.535
1.527
1.527
1.411
1.399
1.398
1.389
1.388
1.38
1.379
1.236
1.228
1.228
1.228
1.219
1.219
1.216
1.233
1.237
1.235
1.225
1.235
1.225
1.225
1.226
1.225
1.218
1.218
1.218
1.218
1.219
1.219
1.21
1.204
1.204
1.211
1.202
1.206
1.208
1.206
1.199
1.207
1.202
1.21
1.204
1.204
1.195
1.204
1.204
1.21
1.206
1.208
1.207
1.204
1.209
1.207
1.206
1.208
1.206
1.211
1.211
1.22
1.21
1.219
1.219
1.219
1.219
1.226
1.226
1.226
1.227
1.234
4.024
4.035
4.044
4.052
4.053
4.078
4.078
4.095
4.095
4.112
4.122
4.146
4.147
4.164
4.172
4.189
4.196
4.213
4.23
4.245
4.254
4.287
4.294
4.319
4.327
4.359
4.359
4.394
4.402
4.438
4.446
4.482
4.49
4.523
4.54
4.576
4.582
4.625
4.633
4.676
4.685
4.728
4.745
4.778
4.798
4.843
4.859
4.902
4.917
4.958
4.976
5.016
5.026
5.098
5.113
5.048
5.195
5.255
5.279
5.34
5.357
5.423
5.458
5.525
5.542
5.612
5.648
5.72
5.745
5.823
5.856
5.941
5.972
6.065
6.096
6.195
6.227
6.332
6.361
6.469
6.51
6.619
6.658
6.774
6.823
6.962
6.997
7.134
7.195
3.225
3.207
3.191
3.182
3.159
3.167
3.237
3.264
3.339
3.368
3.45
3.485
3.574
3.606
3.69
3.741
3.844
3.881
3.988
4.033
4.157
4.204
4.341
4.393
4.547
4.607
4.763
4.825
5.003
5.074
5.285
5.344
5.314
5.307
5.298
5.289
5.27
5.257
5.25
5.239
5.228
5.218
5.207
5.196
5.191
5.182
5.171
5.168
5.164
5.151
5.151
5.152
5.135
5.135
5.124
5.127
5.121
5.12
5.12
5.112
5.112
5.109
5.102
5.098
5.103
5.1
5.103
5.1
5.103
5.103
5.11
5.102
5.115
5.119
5.123
5.118
5.127
5.128
5.139
5.068
4.556
4.401
4.05
3.924
3.636
3.534
3.302
3.213
3.025
2.963
2.788
2.735
2.59
2.55
2.529
2.53
2.54
2.538
2.547
2.555
2.561
2.561
2.58
2.574
2.592
2.592
2.599
2.608
2.625
2.625
2.643
2.643
2.661
2.67
2.677
2.686
2.704
2.703
2.72
2.729
2.746
2.754
2.772
2.781
2.796
2.806
2.821
2.828
2.854
2.863
2.88
2.889
2.915
2.916
2.951
2.95
2.977
2.989
3.016
3.013
2.961
2.943
2.895
2.884
2.831
2.816
2.775
2.765
2.716
2.707
2.665
2.654
2.613
2.604
2.571
2.562
2.523
2.515
2.481
2.474
2.445
2.433
2.41
2.393
2.368
2.359
2.335
2.325
2.302
2.302
2.278
2.268
2.242
2.245
2.217
2.209
2.193
2.194
2.157
2.157
2.139
2.141
2.114
2.114
2.097
2.09
2.07
2.07
2.053
2.053
2.035
2.036
2.019
2.019
2.002
1.993
1.984
1.976
1.967
-2.94645 11.0616 3.86149
