1 361
0.936
0.936
0.927
0.927
0.927
0.928
0.928
0.9
0.901
0.902
0.899
0.9
0.901
0.893
0.892
0.884
0.891
1.03
1.032
1.04
1.042
1.044
1.043
1.042
1.035
1.036
1.036
1.043
1.036
1.029
1.032
1.039
1.037
1.041
1.042
1.039
1.045
1.043
1.043
1.042
1.043
1.052
1.042
1.042
1.051
1.051
1.051
1.05
1.05
1.058
1.059
1.06
1.058
1.059
1.067
1.067
1.075
1.076
1.076
1.077
1.085
1.085
1.085
1.086
1.093
1.102
1.101
1.102
1.101
1.11
1.109
1.119
1.118
1.127
1.126
1.135
1.134
1.134
1.143
1.143
1.152
1.152
1.161
1.17
1.169
1.178
1.179
1.185
1.195
1.196
1.204
1.214
1.222
1.23
1.23
1.239
1.249
1.256
1.258
1.275
1.274
1.291
1.291
1.312
1.315
1.31
1.304
1.277
1.276
1.259
1.261
1.225
1.234
1.207
1.207
1.21
1.219
1.227
1.235
1.25
1.279
1.301
1.31
1.329
1.337
1.344
1.363
1.371
1.387
1.398
1.413
1.43
1.439
1.464
1.472
1.498
1.505
1.529
1.536
1.561
1.578
1.596
1.618
1.637
1.661
1.686
1.703
1.735
1.752
1.786
1.803
1.837
1.861
1.896
1.919
1.962
1.988
2.031
2.058
2.109
2.136
2.189
2.223
2.275
2.3
2.367
2.408
2.474
2.521
2.586
2.643
2.724
2.766
2.86
2.929
2.966
3.077
3.698
3.806
3.941
3.945
3.929
3.927
3.911
3.971
4.24
4.362
4.375
4.367
4.333
4.332
4.291
4.282
4.251
4.242
4.218
4.203
4.177
4.168
4.144
4.134
4.112
4.142
4.183
4.215
4.265
4.307
4.349
4.39
4.435
4.478
4.519
4.56
8.183
8.183
8.183
8.183
8.183
8.183
8.183
8.183
8.183
8.183
8.183
8.183
8.183
8.183
8.183
8.183
8.183
8.183
8.183
8.183
8.183
8.183
8.183
8.183
8.183
8.183
8.183
7.995
7.699
7.504
7.245
7.074
6.848
6.699
6.497
6.373
6.177
6.067
5.89
5.782
5.624
5.534
5.384
5.305
5.175
5.091
4.97
4.888
4.781
4.805
4.826
4.846
4.757
4.697
4.614
4.554
4.458
4.42
4.369
8.183
8.183
8.183
8.183
8.183
8.183
8.183
8.183
8.183
3.525
3.487
3.224
3.011
2.963
2.94
2.918
2.903
2.899
2.891
2.88
2.887
2.878
2.895
2.897
2.915
2.937
2.957
2.958
2.937
2.91
2.883
2.857
2.832
2.817
2.791
2.767
2.751
2.726
2.708
2.682
2.674
2.648
2.631
2.615
2.598
2.58
2.564
2.549
2.532
2.516
2.511
2.485
2.475
2.46
2.452
2.437
2.428
2.411
2.4
2.387
2.379
2.363
2.352
2.344
2.335
2.319
2.31
2.302
2.292
2.275
2.266
2.252
2.244
2.224
2.216
2.196
2.197
2.166
2.166
2.144
2.137
2.117
2.115
2.095
2.102
2.067
2.059
2.052
2.043
7.7034 5.28567 1.64494
