1 361
1.771
1.769
1.78
1.771
1.788
1.788
1.788
1.788
1.795
1.795
1.803
1.802
1.81
1.81
1.819
1.818
1.827
1.827
1.835
1.835
1.835
1.845
1.852
1.851
1.859
1.868
1.876
1.876
1.885
1.894
1.901
1.902
1.904
1.895
1.902
1.903
1.92
2.077
2.105
2.112
2.123
2.131
2.148
2.148
2.167
2.175
2.193
2.194
2.209
2.219
2.236
2.236
2.262
2.271
2.288
2.295
2.32
2.32
2.489
3.817
3.548
3.521
3.48
3.457
3.42
3.387
3.366
3.335
3.305
3.286
3.254
3.238
3.205
3.187
3.153
3.137
3.119
3.093
3.068
3.051
3.023
3.015
2.989
3.008
3.037
3.066
2.95
2.925
2.907
2.881
2.865
2.86
2.91
2.95
3.003
3.021
3.084
3.101
3.058
3.057
3.046
3.037
3.044
3.041
3.159
3.189
3.35
3.384
3.608
3.65
3.782
3.827
3.923
3.952
4.06
4.089
4.211
4.253
4.377
4.421
4.554
4.606
4.76
4.807
4.975
5.031
5.216
5.276
5.482
5.549
5.777
5.847
6.121
6.197
6.494
6.593
6.938
6.98
8.183
8.183
8.183
8.183
8.183
8.183
8.183
8.183
8.183
8.183
8.183
8.183
8.183
8.183
8.183
8.183
8.191
8.191
8.187
8.187
8.187
8.187
8.187
8.187
8.187
8.187
8.183
8.187
8.187
8.187
8.187
8.187
8.187
8.187
8.187
8.191
8.183
8.183
8.183
8.183
8.183
8.183
8.183
8.183
8.183
8.183
7.693
7.388
6.846
6.696
6.242
6.121
5.734
5.634
5.39
5.384
5.42
5.408
5.172
4.612
4.385
4.31
4.111
4.064
3.885
3.849
3.7
3.652
3.523
3.487
3.366
3.334
0.69
0.641
0.648
0.637
0.689
0.68
0.73
0.728
0.778
0.778
0.845
0.828
0.907
0.898
0.983
0.983
1.091
1.084
1.234
1.221
1.243
1.236
1.243
1.243
1.253
1.252
1.26
1.251
1.259
1.26
1.268
1.268
1.279
1.278
1.284
1.284
1.292
1.292
1.3
1.291
1.309
1.309
1.319
1.319
1.336
1.326
1.344
1.335
1.35
1.35
1.36
1.361
1.376
1.369
1.385
1.385
1.404
1.403
1.419
1.411
1.429
1.43
1.446
1.445
1.472
1.463
1.487
1.487
1.473
1.473
1.455
1.454
1.439
1.44
1.422
1.421
1.416
1.408
1.398
1.398
1.39
1.381
1.372
1.373
1.364
1.363
1.356
1.355
1.339
1.337
1.33
1.329
1.321
1.321
1.312
1.312
1.304
1.304
1.295
1.294
1.286
1.285
1.285
1.286
1.277
1.277
1.269
1.269
1.267
1.272
1.261
1.269
1.262
1.251
1.252
1.251
1.242
1.253
1.243
1.242
1.244
1.244
1.237
1.237
1.23
1.229
1.231
1.235
1.226
1.24
1.236
1.23
1.229
1.232
1.222
1.222
1.222
1.222
1.222
1.232
1.228
1.233
1.236
1.233
1.237
1.235
1.239
1.235
1.238
1.237
1.237
2.39131 13.9368 6.20962
