1 361
2.672
2.654
2.677
2.642
2.653
2.694
2.676
2.69
2.697
2.699
2.71
2.717
2.716
2.718
2.798
2.897
3.126
3.081
2.722
2.693
2.694
2.694
2.696
2.7
2.705
2.704
2.713
3.092
3.101
3.347
3.304
3.03
2.811
2.594
2.592
2.592
2.601
2.602
2.609
2.608
2.616
2.618
2.615
2.625
2.634
2.634
2.642
2.642
2.686
3.06
3.008
2.949
2.905
2.852
2.812
2.763
2.729
2.682
2.657
2.71
7.043
7.062
7.089
7.105
7.134
7.157
7.189
7.204
7.241
7.26
7.303
7.322
7.355
7.378
7.42
7.441
7.485
7.506
7.551
7.569
7.79
4.219
4.153
4.13
4.101
3.986
3.981
3.966
3.95
3.934
3.924
3.905
3.898
3.88
3.871
3.854
3.845
3.826
3.819
3.8
3.813
4.558
4.609
4.635
4.678
4.704
4.757
4.783
4.828
4.863
4.912
4.948
4.997
5.032
5.09
2.981
2.916
2.891
2.876
2.849
2.823
2.8
2.785
2.758
2.74
2.725
2.709
2.682
2.665
2.648
2.63
2.613
2.605
2.579
2.572
2.547
2.539
2.523
2.507
2.49
2.481
2.465
2.457
2.441
2.432
2.416
2.407
2.399
2.382
2.373
2.365
2.348
2.339
2.333
2.324
2.315
2.308
2.3
2.29
2.282
2.273
2.265
2.265
2.256
2.257
2.24
2.24
2.231
2.231
2.215
2.214
2.205
2.215
2.206
2.205
2.199
2.196
2.188
2.189
2.18
2.179
2.171
2.17
2.162
2.162
2.162
2.162
2.156
2.156
2.148
2.158
2.15
2.151
2.143
2.154
2.15
2.143
2.146
2.144
2.141
2.148
2.141
2.148
2.139
2.152
2.142
2.146
2.145
2.152
2.149
2.158
2.157
2.154
2.154
2.162
2.161
2.16
2.16
2.167
2.168
2.176
2.168
2.177
2.177
2.195
2.195
2.195
2.195
2.202
2.204
2.211
2.212
2.227
2.229
2.236
2.236
2.245
2.245
2.262
2.262
2.28
2.28
2.288
2.287
2.305
2.305
2.321
2.321
2.338
2.338
2.355
2.364
2.389
2.398
2.406
2.415
2.43
2.439
2.456
2.456
2.48
2.479
2.505
2.505
2.528
2.537
2.561
2.561
2.584
2.593
2.618
2.617
2.653
2.654
2.678
2.687
2.711
2.721
2.753
2.763
2.795
2.797
2.829
2.845
2.88
2.888
2.923
2.94
2.974
2.982
3.019
3.037
3.07
3.088
3.13
3.148
3.19
3.208
3.25
3.268
3.316
3.331
3.388
3.414
3.454
3.49
3.546
3.573
3.622
3.656
3.716
3.752
3.811
3.837
3.906
3.941
4.012
4.045
4.122
4.164
4.243
4.287
4.379
4.417
4.515
6.072
6.031
6.016
5.981
5.965
5.932
5.908
5.882
5.866
5.84
5.822
5.797
5.78
5.754
5.745
5.718
5.701
5.683
4.862
4.759
4.737
4.702
4.696
4.538
4.499
4.48
4.472
4.457
4.458
4.44
4.44
4.422
4.414
4.407
4.398
4.388
2.22582 0.090339 1.51053
