1 361
5.558
5.505
5.466
5.408
5.331
5.284
5.249
5.244
5.037
4.992
4.938
4.917
4.888
4.862
4.842
4.838
5.191
5.166
5.156
5.172
4.933
4.883
4.864
4.797
4.708
4.672
4.635
4.631
4.609
4.683
4.821
5.026
5.171
5.211
4.749
4.117
4.099
4.081
4.063
4.048
4.029
4.02
4.004
3.986
3.978
3.961
3.942
3.935
3.925
3.908
3.899
3.892
3.876
3.867
3.858
3.85
3.831
3.825
3.816
3.808
3.809
3.799
3.791
3.783
3.774
3.765
3.765
3.758
3.755
3.748
3.74
3.733
3.729
3.731
3.724
3.724
3.714
3.716
3.717
3.709
3.71
3.709
3.712
3.708
3.705
3.705
3.701
3.707
3.709
3.706
3.702
3.703
3.71
3.71
3.712
3.711
3.717
3.719
3.721
3.722
3.729
3.728
3.737
3.736
3.746
3.745
3.753
3.753
3.762
3.77
3.776
3.785
3.783
3.821
4.975
4.993
5
5.017
5.027
5.035
5.051
5.068
5.075
5.091
5.1
5.117
5.133
5.149
5.167
5.183
5.199
5.216
5.233
5.248
5.275
5.291
5.317
5.335
5.362
5.377
5.404
5.419
5.444
5.47
5.496
5.522
5.555
5.582
5.607
5.634
5.661
5.697
5.723
5.759
5.786
5.82
5.854
5.888
5.922
5.956
5.996
6.037
6.078
6.12
6.153
6.198
6.242
6.176
6.112
6.046
5.987
5.93
5.869
5.811
5.758
3.007
2.983
2.955
2.939
2.912
2.895
2.87
2.845
2.827
2.803
2.778
2.761
2.745
2.728
2.71
2.684
2.668
2.658
2.641
2.624
2.606
2.589
2.573
2.564
2.54
2.532
2.516
2.499
2.49
2.483
2.467
2.457
2.441
2.433
2.416
2.408
2.399
2.391
2.382
2.365
2.357
2.348
2.339
2.331
2.323
2.315
2.306
2.297
2.289
2.281
2.281
2.272
2.263
2.254
2.254
2.246
2.246
2.237
2.228
2.219
2.219
2.218
2.21
2.201
2.2
2.201
2.192
2.192
2.192
2.182
2.174
2.173
2.174
2.175
2.845
2.858
2.891
2.936
2.995
3.092
3.417
3.429
3.437
3.412
3.468
3.54
3.858
3.981
3.981
3.768
3.953
3.972
3.964
3.473
3.218
3.211
3.214
3.215
3.221
3.165
3.229
3.744
3.92
3.901
3.445
3.298
3.255
3.25
3.662
3.503
3.372
3.234
3.223
3.237
3.233
3.248
3.254
3.268
3.848
3.733
3.599
3.477
3.37
3.273
3.18
3.18
3.189
3.198
3.206
3.206
3.223
3.231
3.241
3.248
3.257
3.275
3.624
3.58
3.538
3.481
3.446
3.406
3.36
3.322
3.341
7.901
7.939
7.973
8.006
8.043
8.085
8.118
8.16
8.183
8.183
8.183
8.183
8.183
8.183
4.928
4.866
4.84
4.813
4.701
4.685
4.668
4.652
4.636
4.63
4.602
4.586
4.578
4.563
4.554
4.536
4.53
4.703
5.331
5.383
5.416
5.468
5.51
5.561
5.605
5.658
5.701
12.2949 6.08091 0.937608
