1 361
1.175
1.176
1.174
1.17
1.179
1.173
1.171
1.171
1.166
1.151
1.142
1.188
1.225
1.206
1.214
1.281
1.292
1.315
1.315
1.324
1.32
1.326
1.323
1.323
1.324
1.325
1.32
1.326
1.331
1.329
1.327
1.334
1.332
1.329
1.347
1.339
1.338
1.351
1.349
1.348
1.357
1.357
1.355
1.362
1.363
1.366
1.37
1.368
1.366
1.375
1.372
1.381
1.381
1.388
1.388
1.397
1.398
1.407
1.405
1.417
1.412
1.422
1.432
1.43
1.439
1.449
1.447
1.433
1.391
1.336
1.332
1.332
1.338
1.349
1.358
1.367
1.375
1.383
1.392
1.486
1.478
1.478
1.481
1.478
1.476
1.487
1.495
1.504
1.511
1.52
1.527
1.534
6.382
6.291
6.241
6.154
6.103
6.024
5.972
5.899
5.864
5.77
5.758
5.808
5.844
5.778
5.742
5.685
5.65
5.587
5.55
5.492
5.455
5.398
5.373
5.215
5.091
5.068
5.042
4.992
4.974
4.923
4.907
4.856
4.837
4.793
4.777
4.739
4.714
4.68
4.662
4.629
4.609
4.577
4.56
4.526
4.51
4.484
4.467
4.433
4.424
4.397
4.38
4.355
4.338
4.313
4.305
4.279
4.272
4.241
4.23
4.215
4.207
4.182
4.175
4.158
4.15
4.13
4.233
4.367
4.464
4.618
4.618
4.598
4.597
4.576
4.574
4.555
4.549
4.532
4.507
4.494
4.568
4.752
4.864
6.267
6.267
6.249
6.242
7.666
8.103
8.183
8.183
8.183
8.183
8.183
8.183
8.183
8.183
8.183
8.183
8.183
8.183
8.183
6.225
4.38
4.389
4.396
4.398
4.395
4.398
4.399
4.399
4.402
4.416
4.402
4.414
4.405
4.413
4.422
4.421
4.424
4.438
4.43
4.444
4.445
4.454
4.454
4.471
4.463
4.482
4.302
4.171
3.963
3.97
3.969
3.988
3.987
4.003
4.036
4.058
4.059
4.072
4.073
4.096
4.091
4.116
4.114
4.135
4.126
4.14
4.143
4.165
4.18
4.197
4.216
4.231
4.247
4.272
4.279
4.305
4.32
4.345
4.364
4.379
4.467
5.029
5.046
5.069
5.096
5.129
5.156
1.074
1.054
1.048
1.037
1.022
1.006
0.997
0.983
0.984
0.978
0.988
0.967
0.955
0.96
0.968
0.962
0.957
0.953
0.921
0.919
0.926
0.924
0.922
0.905
0.89
0.888
0.906
0.906
0.914
0.914
0.923
0.922
0.93
0.93
0.945
0.936
0.945
0.937
1.147
1.183
1.2
1.209
1.234
1.234
1.271
1.27
1.292
1.297
1.358
1.354
1.377
1.396
1.442
1.458
1.452
1.465
1.496
1.502
1.542
1.573
1.605
1.589
1.623
1.646
1.657
1.689
1.723
1.759
1.784
1.766
1.78
1.773
1.769
1.778
1.764
1.752
1.492
1.469
1.448
1.448
1.444
1.469
1.503
1.518
1.734
1.725
1.716
1.717
1.717
1.709
1.709
1.7
1.7
1.674
1.669
1.669
1.66
1.66
1.689
-3.05039 11.1972 1.32526
