1 361
5.114
5.193
5.187
5.271
5.253
5.336
5.327
5.427
5.412
5.514
5.503
5.607
5.595
5.704
5.688
2.642
2.635
2.592
2.584
2.554
2.547
2.578
2.57
2.638
2.629
2.698
2.681
2.748
2.738
2.815
2.806
2.881
2.873
2.95
2.94
3.03
3.012
3.105
3.098
3.202
3.185
3.29
3.284
3.397
3.374
3.496
3.488
3.615
3.598
3.743
3.727
3.876
3.851
4.014
3.998
4.164
4.145
4.343
4.325
4.539
4.515
4.597
4.588
4.563
4.563
4.539
4.531
4.506
4.506
4.489
4.482
4.464
4.463
4.444
4.445
4.427
4.421
4.403
4.393
4.385
4.384
4.37
4.369
4.363
4.353
4.346
4.344
4.334
4.334
4.319
4.32
4.312
4.312
4.31
4.31
4.301
4.301
4.292
4.292
4.293
4.286
4.294
4.289
4.293
4.283
4.294
4.286
4.298
4.29
4.302
4.293
4.302
4.302
4.304
4.311
4.321
4.317
3.936
3.994
3.453
3.514
3.103
3.155
2.813
2.848
2.579
2.613
2.36
2.391
2.193
2.225
2.051
2.079
1.918
1.946
1.807
1.823
1.711
1.729
1.724
1.717
1.734
1.726
1.741
1.735
1.751
1.742
1.768
1.759
1.776
1.776
1.79
1.771
1.798
1.789
1.816
1.816
1.832
1.824
1.849
1.841
1.865
1.858
1.883
1.875
1.901
1.891
1.918
1.908
1.942
1.941
1.968
1.959
1.984
1.986
2.01
2.002
2.037
2.028
2.064
2.054
2.09
2.081
2.116
2.115
2.151
2.142
2.186
2.179
2.212
2.212
2.247
2.238
2.29
2.281
2.322
2.323
2.321
2.334
2.289
2.297
2.256
2.263
2.221
2.229
2.195
2.203
2.159
2.177
2.131
2.142
2.105
2.116
2.08
2.087
2.062
2.061
2.035
2.043
2.018
2.018
1.991
1.991
1.965
1.975
1.949
1.949
1.924
1.932
1.915
1.915
1.898
1.898
1.88
1.88
1.863
1.872
1.847
1.855
1.838
1.847
1.829
1.829
1.811
1.82
1.802
1.811
1.794
1.794
1.786
1.794
1.777
1.777
1.759
1.777
1.751
1.76
1.751
1.751
1.743
1.75
1.734
1.743
1.725
1.734
1.725
1.725
1.718
1.718
1.708
1.716
1.709
1.716
1.709
1.709
1.702
1.702
1.7
1.708
1.703
1.712
1.693
1.705
1.689
1.697
1.697
1.697
1.696
1.707
1.698
1.707
1.695
1.704
1.701
1.709
1.7
1.711
1.708
1.716
1.716
1.716
1.716
1.724
1.724
1.733
1.724
1.733
1.733
1.742
1.742
1.749
1.75
1.75
1.75
1.759
1.768
1.768
1.777
1.777
1.785
1.793
1.793
1.801
1.802
1.81
1.819
1.819
1.828
1.837
1.846
1.846
1.854
1.862
1.871
1.878
1.887
1.886
1.904
1.904
1.913
1.922
1.929
1.939
1.958
1.959
1.973
1.982
1.999
1.999
2.025
2.026
2.043
2.052
2.061
2.071
2.088
2.097
2.116
2.124
2.143
2.151
-3.93567 10.4185 5.23717
