1 361
1.476
1.471
1.476
1.467
1.459
1.459
1.459
1.459
1.45
1.45
1.45
1.45
1.441
1.44
1.441
1.44
1.44
1.433
1.433
1.424
1.424
1.425
1.426
1.42
1.422
1.43
1.425
1.426
1.422
1.402
1.412
1.388
1.397
1.411
1.411
1.489
1.554
1.562
1.569
1.567
1.561
1.566
1.566
1.564
1.564
1.573
1.571
1.571
1.571
1.571
1.58
1.58
1.58
1.579
1.588
1.587
1.597
1.597
1.596
1.597
1.605
1.614
1.614
1.614
1.621
1.622
1.63
1.63
1.638
1.637
1.646
1.647
1.654
1.663
1.663
1.672
1.672
1.68
1.688
1.695
1.697
1.704
1.713
1.722
1.73
1.739
1.749
1.757
1.757
1.764
1.774
1.792
1.791
1.801
1.816
1.795
1.783
1.74
1.732
1.697
1.687
1.701
1.708
1.718
1.728
1.759
1.769
1.785
1.794
1.809
1.821
1.828
1.846
1.862
1.87
1.888
1.895
1.912
1.928
1.947
1.962
1.979
1.997
2.013
2.032
2.047
2.064
2.087
2.099
2.126
2.144
2.161
2.187
2.205
2.232
2.257
2.274
2.3
2.323
2.357
2.383
2.406
2.431
2.464
2.496
2.529
2.562
2.595
2.629
2.672
2.707
2.739
2.783
2.825
2.875
2.909
2.961
3.007
3.06
3.11
3.162
4.634
4.629
4.602
4.598
4.732
4.813
4.912
5.006
5.128
5.23
5.35
5.473
5.478
5.469
5.444
5.435
5.409
5.408
5.392
5.384
5.36
5.351
5.346
5.546
5.838
5.96
6.152
6.361
8.183
8.183
8.183
8.183
8.183
8.183
8.183
8.183
8.183
8.183
8.183
8.183
8.183
8.187
8.183
8.191
8.183
8.183
8.183
8.183
8.187
8.183
8.183
8.183
8.183
8.183
8.183
8.183
8.183
8.183
8.183
8.183
8.183
8.183
8.183
8.183
8.183
8.183
8.183
8.183
8.183
8.183
8.183
8.183
8.183
8.183
8.183
8.172
7.845
7.56
7.152
6.908
6.649
6.442
6.213
6.031
5.834
5.675
5.513
5.35
5.097
5.088
5.106
5.139
5.27
5.216
6.448
6.535
6.572
6.592
6.615
6.643
6.658
6.719
6.77
6.788
6.813
6.847
3.404
3.361
3.34
3.295
3.245
3.194
3.143
3.101
3.057
3.021
2.968
2.926
2.897
2.853
2.82
2.78
2.745
2.712
2.679
2.644
2.608
2.584
2.55
2.525
2.493
2.469
2.445
2.421
2.395
2.371
2.346
2.328
2.297
2.282
2.264
2.237
2.221
2.203
2.185
2.168
2.143
2.134
2.116
2.098
2.082
2.064
2.044
2.037
2.019
2.004
1.997
1.979
1.961
1.953
1.936
1.927
1.91
1.903
1.887
1.879
1.868
1.854
1.846
1.836
1.827
1.82
1.811
1.802
1.785
1.786
1.778
1.769
1.761
1.75
1.743
1.734
1.734
1.717
1.718
1.709
1.701
1.692
1.693
1.685
1.676
1.668
1.668
1.659
1.651
1.651
1.642
1.643
1.634
1.627
3.24768 11.2746 2.30156
