1 361
4.307
4.323
4.323
4.349
4.349
4.365
4.365
4.39
4.39
4.416
4.415
4.441
4.44
4.467
4.467
4.493
4.494
4.517
4.518
4.549
4.559
4.583
4.59
4.626
4.624
4.66
4.659
4.701
4.701
4.735
4.743
4.778
4.787
4.832
4.84
4.883
4.882
4.925
4.934
4.985
4.992
5.052
5.052
5.108
5.109
5.166
5.174
5.241
5.241
5.31
5.319
5.388
5.387
5.455
5.464
5.541
5.549
5.628
5.636
5.717
5.725
5.813
5.822
5.916
5.922
6.015
6.03
6.13
6.147
6.242
6.26
6.372
6.379
6.491
6.509
6.617
6.619
6.542
6.534
6.455
6.445
6.37
6.363
5.507
5.482
5.408
5.4
5.339
5.331
5.457
5.472
5.598
5.675
5.273
5.264
5.881
5.875
5.128
5.123
5.084
5.077
5.123
5.159
5.24
5.349
5.645
5.628
5.113
5.054
4.992
4.987
4.941
4.938
4.921
4.913
4.895
4.896
5.047
4.862
4.759
4.751
4.256
4.188
4.147
4.147
4.131
4.121
4.106
4.107
4.089
4.09
4.073
4.074
4.064
4.066
4.048
4.056
4.039
4.039
4.031
4.021
4.024
4.024
4.015
4.015
4.013
4.009
4.008
4.008
4.007
4.009
3.999
4.007
4
3.999
4.005
4.011
4.007
4.016
4.007
4.007
4.012
4.011
4.019
4.017
4.03
4.031
4.04
4.041
4.048
4.049
4.052
4.061
4.064
4.071
4.078
4.08
4.095
4.102
4.113
4.114
4.124
4.136
4.152
4.154
4.168
4.172
4.185
4.185
4.208
4.208
4.224
4.239
4.258
4.257
4.313
4.426
5.551
5.559
5.584
5.593
5.629
5.638
5.674
5.683
5.716
5.736
5.763
5.778
5.814
5.83
5.873
5.891
5.931
5.94
5.989
5.998
6.048
6.073
6.122
6.138
6.19
6.206
6.259
6.278
6.337
6.354
6.413
6.437
6.508
6.525
6.597
6.615
6.685
6.712
6.787
6.804
6.888
6.909
6.802
6.794
6.68
6.662
6.569
6.553
6.446
6.436
6.351
6.332
6.247
3.705
3.671
3.663
3.613
3.614
3.561
3.561
3.519
3.517
3.477
3.474
3.434
3.434
3.392
3.393
3.351
3.35
3.321
3.32
3.286
3.287
3.255
3.254
3.222
3.221
3.196
3.194
3.162
3.161
3.136
3.135
3.118
3.11
3.091
3.091
3.074
3.067
3.049
3.049
3.022
3.031
3.004
3.005
2.988
2.997
2.97
2.971
2.961
2.962
2.945
2.945
2.927
2.936
2.918
2.918
2.909
2.91
3.534
3.545
3.454
3.453
3.535
3.499
3.721
3.954
4.052
4.055
4.037
4.037
4.08
4.212
4.547
4.546
4.464
4.448
3.971
3.916
3.9
3.905
3.882
3.838
4.082
4.031
3.943
3.943
3.872
3.87
4.281
4.347
4.018
3.887
3.868
3.875
3.874
3.881
3.903
3.966
3.956
3.892
3.992
3.89
3.78
3.788
3.797
3.797
3.806
3.806
3.815
3.825
3.833
3.833
11.8307 5.6633 0.408433
