1 361
4.528
4.577
4.568
4.629
4.62
4.688
4.67
4.724
4.721
4.768
4.768
4.847
4.848
4.906
4.899
4.974
4.965
5.037
5.037
5.109
5.102
5.185
5.171
5.256
5.246
5.342
5.333
5.441
5.416
5.536
5.526
5.623
5.613
2.534
2.531
2.491
2.491
2.452
2.45
2.476
2.46
2.526
2.516
2.582
2.565
2.64
2.632
2.701
2.692
2.765
2.765
2.836
2.818
2.913
2.895
2.991
2.975
3.079
3.07
3.165
3.157
3.269
3.249
3.371
3.356
3.489
3.472
3.606
3.591
3.745
3.722
3.884
3.857
4.029
4.014
4.197
4.182
4.402
4.38
4.515
4.509
4.489
4.488
4.464
4.464
4.438
4.436
4.413
4.414
4.388
4.389
4.37
4.367
4.352
4.353
4.335
4.335
4.326
4.317
4.301
4.299
4.284
4.284
4.277
4.268
4.271
4.261
4.252
4.252
4.246
4.248
4.244
4.238
4.238
4.237
4.234
4.235
4.235
4.235
4.235
4.236
4.232
4.232
4.24
4.233
4.24
4.239
4.263
4.248
4.265
4.258
4.283
4.274
4.294
4.285
4.28
4.272
3.857
3.902
3.466
3.5
3.154
3.184
2.893
2.929
2.67
2.694
2.493
2.53
2.323
2.352
2.197
2.216
2.064
2.093
1.958
1.976
1.849
1.867
1.758
1.777
1.685
1.698
1.699
1.69
1.708
1.708
1.726
1.717
1.734
1.726
1.751
1.742
1.759
1.76
1.773
1.774
1.79
1.792
1.808
1.807
1.825
1.825
1.842
1.84
1.865
1.856
1.892
1.881
1.908
1.899
1.924
1.925
1.958
1.949
1.984
1.975
2.009
2.001
2.036
2.028
2.063
2.053
2.088
2.088
2.125
2.115
2.16
2.15
2.185
2.185
2.228
2.229
2.271
2.262
2.311
2.294
2.354
2.346
2.356
2.359
2.322
2.322
2.29
2.299
2.256
2.267
2.229
2.237
2.204
2.213
2.177
2.185
2.152
2.161
2.124
2.133
2.106
2.115
2.08
2.097
2.061
2.07
2.044
2.044
2.027
2.027
2
2.009
1.992
1.991
1.975
1.974
1.958
1.958
1.941
1.949
1.924
1.932
1.915
1.916
1.898
1.907
1.889
1.898
1.872
1.88
1.863
1.872
1.863
1.872
1.855
1.855
1.848
1.847
1.838
1.847
1.83
1.838
1.82
1.829
1.812
1.821
1.812
1.821
1.803
1.812
1.803
1.803
1.795
1.804
1.796
1.795
1.793
1.8
1.795
1.795
1.792
1.792
1.791
1.791
1.788
1.791
1.791
1.791
1.795
1.796
1.789
1.798
1.79
1.797
1.795
1.795
1.795
1.803
1.803
1.804
1.812
1.812
1.812
1.821
1.82
1.821
1.821
1.829
1.829
1.838
1.833
1.84
1.847
1.848
1.854
1.854
1.863
1.872
1.872
1.872
1.88
1.889
1.89
1.9
1.906
1.915
1.915
1.924
1.932
1.932
1.941
1.949
1.958
1.966
1.975
1.984
2.001
2.001
2.01
2.019
2.028
2.037
2.054
2.054
-3.93968 10.4266 5.0716
