1 361
4.158
4.182
4.174
4.191
4.19
4.207
4.207
4.224
4.214
4.231
4.232
4.249
4.248
4.274
4.273
4.289
4.29
4.314
4.314
4.339
4.338
4.363
4.362
4.386
4.396
4.421
4.421
4.455
4.455
4.479
4.481
4.513
4.513
4.547
4.546
4.586
4.588
4.62
4.621
4.664
4.672
4.706
4.706
4.758
4.758
4.802
4.813
4.856
4.856
4.907
4.915
4.969
4.968
5.019
5.028
5.093
5.093
5.151
5.158
5.225
5.234
5.292
5.302
5.363
5.38
5.455
5.465
5.54
5.549
5.627
5.636
5.715
5.734
5.813
5.83
5.922
5.932
6.03
6.04
6.149
6.156
6.269
6.278
6.39
6.406
6.528
6.536
6.59
6.571
6.499
6.49
6.421
6.404
6.344
5.933
5.489
5.467
5.399
5.385
5.321
5.316
5.486
5.503
5.758
5.973
5.384
5.482
5.873
5.871
5.133
5.116
5.086
5.081
5.169
5.202
5.416
5.648
5.626
5.559
5.053
5.045
4.99
4.99
4.951
4.948
4.929
4.929
4.906
4.911
4.941
4.845
4.769
4.77
4.297
4.215
4.166
4.164
4.149
4.149
4.133
4.124
4.115
4.115
4.09
4.099
4.083
4.082
4.075
4.073
4.065
4.068
4.058
4.058
4.05
4.05
4.043
4.043
4.046
4.041
4.034
4.043
4.031
4.032
4.032
4.033
4.031
4.042
4.04
4.048
4.04
4.047
4.042
4.05
4.055
4.059
4.062
4.07
4.074
4.075
4.082
4.082
4.092
4.1
4.106
4.111
4.119
4.119
4.137
4.144
4.15
4.156
4.162
4.169
4.186
4.193
4.204
4.206
4.226
4.227
4.243
4.25
4.266
4.274
4.299
4.297
4.327
4.325
5.586
5.594
5.62
5.638
5.665
5.68
5.707
5.717
5.761
5.77
5.805
5.814
5.855
5.873
5.915
5.923
5.973
5.982
6.032
6.048
6.097
6.114
6.165
6.174
6.234
6.251
6.311
6.318
6.388
6.405
6.465
6.49
6.552
6.57
6.641
6.658
6.738
6.754
6.836
6.855
6.937
6.961
6.907
6.891
6.776
6.76
6.653
6.635
6.541
6.523
6.433
6.427
6.342
6.325
3.756
3.756
3.705
3.696
3.655
3.647
3.605
3.595
3.561
3.553
3.518
3.51
3.474
3.468
3.433
3.433
3.401
3.402
3.36
3.361
3.328
3.328
3.304
3.305
3.27
3.271
3.239
3.239
3.212
3.214
3.187
3.188
3.163
3.172
3.148
3.146
3.12
3.122
3.102
3.101
3.085
3.074
3.066
3.061
3.043
3.05
3.033
3.034
3.017
3.016
3.007
3.007
2.989
2.987
2.98
2.977
3.504
3.51
3.516
3.527
3.534
3.551
4.055
4.099
4.073
4.073
4.054
4.047
4.589
4.601
4.375
4.206
4.261
4.131
3.972
3.982
3.97
3.97
3.969
3.98
3.944
3.938
3.935
3.947
3.937
3.994
3.962
3.929
3.904
3.913
3.882
3.879
3.87
3.875
3.857
3.888
4.243
4.126
3.842
3.851
11.7767 5.64278 0.311855
