1 361
5.573
5.531
5.474
5.418
5.338
5.296
5.258
5.252
5.037
4.99
4.946
4.926
4.899
4.873
4.841
4.862
5.19
5.174
5.157
5.216
4.945
4.902
4.878
4.862
4.785
4.744
4.7
4.719
4.668
4.728
4.825
5.017
5.118
5.201
4.759
4.127
4.1
4.082
4.066
4.048
4.031
4.022
4.003
3.988
3.979
3.962
3.952
3.934
3.928
3.909
3.901
3.895
3.887
3.869
3.861
3.853
3.843
3.826
3.818
3.819
3.81
3.8
3.792
3.784
3.776
3.767
3.758
3.759
3.757
3.749
3.741
3.736
3.731
3.723
3.725
3.724
3.725
3.718
3.719
3.711
3.711
3.709
3.712
3.709
3.706
3.707
3.712
3.708
3.708
3.708
3.713
3.71
3.71
3.718
3.714
3.712
3.718
3.721
3.729
3.731
3.731
3.732
3.739
3.739
3.745
3.746
3.755
3.762
3.762
3.77
3.779
3.785
3.789
3.811
4.977
4.993
5.002
5.019
5.028
5.036
5.052
5.061
5.078
5.093
5.1
5.119
5.135
5.15
5.168
5.184
5.199
5.226
5.242
5.258
5.274
5.301
5.317
5.344
5.361
5.378
5.404
5.42
5.454
5.472
5.497
5.524
5.548
5.583
5.609
5.635
5.662
5.698
5.725
5.761
5.786
5.82
5.855
5.889
5.923
5.964
5.998
6.038
6.072
6.113
6.154
6.197
6.237
6.182
6.111
6.048
5.982
5.926
5.876
5.817
5.76
3.012
2.992
2.958
2.938
2.914
2.888
2.87
2.847
2.821
2.805
2.788
2.762
2.748
2.729
2.713
2.695
2.677
2.66
2.642
2.626
2.608
2.591
2.582
2.566
2.551
2.534
2.526
2.509
2.492
2.475
2.467
2.459
2.443
2.433
2.425
2.409
2.4
2.393
2.384
2.366
2.358
2.35
2.341
2.333
2.324
2.315
2.307
2.299
2.299
2.29
2.274
2.274
2.265
2.265
2.255
2.248
2.248
2.239
2.229
2.23
2.22
2.22
2.211
2.212
2.202
2.193
2.193
2.193
2.184
2.184
2.175
2.176
2.176
2.181
2.842
2.861
2.886
2.964
3.006
3.105
3.417
3.422
3.43
3.421
3.471
3.573
3.784
3.983
3.983
3.768
3.946
3.974
3.965
3.525
3.218
3.213
3.215
3.216
3.219
3.164
3.225
3.754
3.922
3.92
3.467
3.309
3.255
3.26
3.677
3.501
3.377
3.239
3.224
3.228
3.233
3.242
3.258
3.261
3.849
3.736
3.6
3.487
3.379
3.265
3.177
3.181
3.19
3.199
3.207
3.208
3.224
3.233
3.241
3.25
3.259
3.275
3.614
3.58
3.53
3.48
3.444
3.405
3.364
3.325
3.33
7.902
7.938
7.973
8.014
8.049
8.078
8.116
8.161
8.183
8.183
8.183
8.183
8.183
8.183
4.936
4.861
4.848
4.813
4.701
4.684
4.668
4.652
4.635
4.627
4.611
4.595
4.576
4.568
4.554
4.544
4.53
4.625
5.341
5.374
5.417
5.469
5.51
5.563
5.606
5.66
5.704
12.295 6.08102 0.938053
