1 361
1.701
1.701
1.717
1.717
1.735
1.744
1.751
1.76
1.769
1.778
1.793
1.801
1.81
1.818
1.836
1.846
1.861
1.869
1.885
1.894
1.909
1.917
1.943
1.95
1.967
1.977
2.001
2.018
2.035
2.043
2.07
2.079
2.105
2.114
2.139
2.149
2.174
2.191
2.216
2.234
2.258
2.277
2.309
2.327
2.358
2.375
2.406
2.426
2.466
2.49
2.53
2.557
2.588
2.615
2.656
2.682
2.734
2.751
2.81
2.832
2.894
2.92
2.97
3.008
3.07
3.105
3.172
3.205
3.273
3.318
3.393
3.442
3.521
3.56
3.656
3.707
3.803
3.861
3.966
4.025
4.15
4.211
4.305
4.423
5.81
5.8
5.792
5.776
5.84
5.829
5.772
5.756
5.738
5.825
6.152
6.277
6.624
6.809
7.194
7.404
7.852
8.088
8.183
8.183
8.183
8.183
8.183
8.183
8.183
8.183
8.183
8.183
8.183
8.183
8.183
8.183
8.183
8.183
8.183
8.183
8.183
8.183
8.183
8.183
8.183
8.183
8.183
8.183
8.183
8.183
8.183
8.183
8.183
8.183
8.183
8.183
8.183
3.902
3.965
3.993
4.067
4.102
4.194
4.226
4.323
4.368
4.444
4.434
4.433
4.426
4.426
4.417
4.417
4.408
4.414
4.405
4.405
4.406
4.407
4.398
4.408
4.399
4.364
4.297
4.163
4.102
3.985
3.935
3.832
3.779
3.68
3.637
3.546
3.503
3.425
3.377
3.304
3.263
3.196
3.165
3.094
3.053
2.972
2.968
3.001
3.003
3.03
3.029
3.025
3
2.939
2.911
2.869
2.844
2.794
2.778
2.734
2.712
2.676
2.651
2.616
2.598
2.558
2.548
2.506
2.491
2.229
2.22
2.187
2.185
2.173
2.164
2.137
2.128
2.1
2.092
2.077
2.059
2.041
2.031
2.005
1.998
1.971
1.963
1.948
1.94
1.923
1.914
1.896
1.888
1.871
1.862
1.847
1.837
1.828
1.819
1.801
1.793
1.786
1.786
1.767
1.759
1.743
1.742
1.733
1.724
1.715
1.707
1.698
1.699
1.682
1.682
1.673
1.665
1.657
1.649
1.649
1.64
1.632
1.632
1.624
1.616
1.607
1.607
1.599
1.599
1.59
1.583
1.583
1.575
1.575
1.566
1.566
1.558
1.558
1.558
1.558
1.55
1.55
1.541
1.541
1.541
1.535
1.537
1.533
1.533
1.533
1.525
1.525
1.525
1.526
1.517
1.518
1.518
1.519
1.513
1.513
1.518
1.519
1.513
1.505
1.505
1.496
1.496
1.505
1.512
1.511
1.513
1.518
1.515
1.519
1.518
1.517
1.517
1.525
1.525
1.525
1.525
1.533
1.533
1.533
1.532
1.54
1.542
2.064
2.073
2.076
2.077
2.091
2.092
2.091
2.1
2.1
2.109
2.118
2.118
2.105
2.093
2.103
2.111
2.127
4.972
4.979
4.331
4.193
4.143
4.136
4.152
4.161
4.178
4.196
4.21
4.236
4.244
4.27
4.277
4.31
4.318
4.344
4.36
4.394
-1.26717 13.9776 0.296278
