1 361
2.382
2.342
2.333
2.301
2.291
2.267
2.258
2.231
2.223
2.177
2.161
2.124
2.125
2.138
2.147
2.181
2.181
2.225
2.228
2.207
2.205
2.18
2.17
2.153
2.143
2.125
2.119
2.1
2.09
2.082
2.074
2.055
2.055
2.028
2.028
2.012
2.013
1.994
1.994
1.975
1.969
1.96
1.958
1.942
1.934
1.915
1.917
1.9
1.908
1.891
1.892
1.883
1.883
1.866
1.866
1.859
1.85
1.841
1.841
1.835
1.834
1.661
1.661
1.654
1.655
1.646
1.651
1.659
1.659
1.651
1.651
1.642
1.642
1.642
1.642
1.635
1.634
1.626
1.635
1.626
1.627
1.618
1.627
1.618
1.619
1.611
1.612
1.615
1.619
1.616
1.613
1.612
1.615
1.6
1.6
1.6
1.6
1.6
1.608
1.61
1.612
1.611
1.616
1.609
1.615
1.619
1.619
1.62
1.618
1.627
1.627
1.627
1.627
1.626
1.635
1.635
1.643
1.643
1.643
1.643
1.652
1.644
1.66
1.66
1.668
1.669
1.669
1.677
1.684
1.684
1.685
1.694
1.693
1.702
1.71
1.711
1.719
1.719
1.728
1.736
1.736
1.745
1.754
1.754
1.771
1.771
1.78
1.789
1.797
1.806
1.815
1.815
1.823
1.831
1.848
1.848
1.858
1.865
1.874
1.89
1.891
1.907
1.916
1.933
1.942
1.95
1.968
1.976
1.995
2.011
2.02
2.038
2.045
2.064
2.073
2.089
2.108
2.124
2.132
2.151
2.167
2.187
2.203
2.216
2.215
2.232
2.251
2.493
2.51
2.541
2.56
2.591
2.609
2.635
2.661
2.686
2.712
2.746
2.771
2.805
2.837
2.871
2.897
2.949
2.975
3.018
3.056
3.039
3.031
3.004
3.004
2.969
3.003
3.086
3.13
3.172
3.207
3.272
3.315
3.372
3.418
3.485
3.529
3.605
3.654
3.741
3.797
3.88
3.938
4.029
4.106
4.198
4.275
4.398
4.479
4.603
4.699
4.822
4.963
5.548
5.657
5.778
5.764
5.749
5.778
6.074
6.21
6.189
6.162
6.11
6.094
6.045
6.028
5.979
5.963
5.921
5.91
5.941
5.984
6.04
6.082
6.134
6.177
6.237
6.279
8.191
8.183
8.187
8.183
8.187
8.187
8.191
8.191
8.183
8.183
8.183
8.183
8.183
8.183
8.183
8.183
8.183
8.183
8.183
8.183
8.183
8.183
8.187
8.187
8.183
8.183
8.183
8.183
8.183
8.183
8.135
7.837
7.383
7.122
6.738
6.538
6.168
6.188
6.197
6.208
5.957
4.236
4.137
4.097
4.073
4.055
4.048
4.045
4.04
4.053
4.051
3.981
3.868
3.807
3.7
3.634
3.554
3.486
3.409
3.356
3.278
3.233
3.162
3.119
3.05
3.006
2.947
2.91
2.86
2.817
2.766
2.733
2.686
2.647
2.603
2.569
2.518
2.488
2.427
2.402
2.349
2.307
2.266
2.227
2.18
2.153
2.105
2.075
2.04
2.021
1.989
1.972
1.941
1.925
1.901
1.876
7.08146 3.32965 0.995597
