1 361
3.28
3.246
3.221
3.18
3.169
3.126
3.109
3.003
2.987
2.933
2.922
2.89
2.88
2.841
2.831
2.809
2.8
2.785
2.789
2.814
2.805
2.789
2.771
2.439
2.433
2.417
2.408
2.383
2.383
2.357
2.349
2.333
2.324
2.306
2.298
2.283
2.283
2.257
2.258
2.239
2.239
2.222
2.223
2.205
2.205
2.189
2.178
2.17
2.161
2.15
2.14
2.131
2.131
2.113
2.113
2.106
2.106
2.096
2.086
2.078
2.079
2.069
2.06
2.06
2.052
2.044
2.044
2.036
2.035
2.035
2.036
2.027
2.026
2.018
2.017
2.009
2.018
2.009
2.009
2.002
2.002
2.013
2.016
2.003
2.003
1.996
1.996
1.996
1.997
1.991
1.993
1.984
1.984
1.984
1.984
1.996
1.989
1.992
1.992
1.992
1.991
1.995
1.998
2.005
2.004
2.004
2.005
2.014
2.014
2.013
2.014
2.02
2.03
2.029
2.029
2.032
2.032
2.042
2.042
2.042
2.05
2.054
2.056
2.066
2.066
2.072
2.082
2.09
2.091
2.099
2.108
2.102
2.111
2.123
2.12
2.135
2.144
2.151
2.152
2.16
2.17
2.178
2.185
2.195
2.204
2.212
2.219
2.227
2.238
2.243
2.253
2.262
2.272
2.286
2.295
2.303
2.32
2.327
2.341
3.716
3.732
3.766
3.774
3.8
3.818
3.844
3.87
3.898
3.915
3.949
3.967
4.001
4.018
4.054
4.079
4.111
4.137
4.171
4.195
4.244
4.269
4.308
4.335
4.383
4.409
4.461
4.487
4.536
4.573
4.623
4.656
4.709
4.744
4.807
4.841
4.901
4.935
5.004
5.044
5.111
5.162
5.234
5.279
5.351
5.319
5.275
5.258
5.204
5.196
5.147
5.133
5.093
5.075
5.034
5.025
4.984
4.976
4.942
4.934
4.898
4.882
4.859
4.851
4.819
4.811
4.773
4.766
4.739
4.73
4.705
4.696
4.67
4.672
4.639
4.637
4.61
4.625
4.609
4.609
4.584
4.584
4.557
4.559
4.542
4.54
4.515
4.516
4.499
4.501
4.481
4.483
4.466
4.456
2.618
2.517
2.509
2.509
2.5
2.509
2.493
2.493
2.494
2.494
2.486
2.487
2.482
2.492
2.48
2.49
2.485
2.487
2.48
2.488
2.486
2.485
2.481
2.487
2.482
2.489
2.486
2.495
2.493
2.493
2.493
2.5
2.5
2.509
2.508
2.508
2.516
2.517
2.524
2.532
2.532
2.541
2.541
2.548
2.549
2.557
2.557
2.573
2.573
2.581
2.581
2.59
2.598
2.606
2.616
2.624
2.624
2.642
2.641
2.659
2.66
2.676
2.685
2.694
2.703
2.713
2.72
2.729
2.737
2.755
2.762
2.78
2.789
2.805
2.821
2.829
2.844
2.852
4.144
4.224
4.143
4.144
4.15
4.25
4.258
4.216
4.219
4.242
4.281
4.309
4.524
4.492
4.422
4.388
4.319
4.308
4.33
4.358
4.399
4.415
4.46
4.486
4.754
4.726
4.682
4.668
4.626
4.611
1.08269 -1.32296 -0.808672
