1 361
0.774
0.784
0.782
0.783
0.791
0.791
0.799
0.799
0.807
0.807
0.813
0.814
0.822
0.831
0.83
0.839
0.84
0.848
0.853
0.855
0.863
0.872
0.879
0.888
0.887
0.895
0.903
0.912
0.921
0.93
0.936
0.936
0.944
0.957
0.963
0.991
1.045
1.05
1.06
1.069
1.059
1.047
1.057
1.072
1.08
1.09
1.09
1.107
1.107
1.117
1.123
1.133
1.142
1.148
5.431
5.395
5.327
5.302
5.345
5.394
5.357
5.305
5.263
5.208
5.174
5.126
5.093
5.053
5.019
4.985
4.944
4.911
4.87
4.669
4.651
4.629
4.593
4.561
4.544
4.509
4.486
4.462
4.435
4.409
4.393
4.366
4.341
4.325
4.299
4.275
4.251
4.235
4.21
4.193
4.177
4.16
4.142
4.118
4.109
4.093
4.077
4.057
4.05
4.033
4.015
4
3.988
3.973
3.964
3.955
3.936
3.929
3.919
3.912
3.892
3.885
3.876
3.867
3.858
3.849
3.84
3.819
3.808
3.817
3.959
3.953
3.943
3.934
3.926
3.926
3.916
3.909
3.911
3.901
3.9
3.9
3.892
3.891
3.891
3.884
3.883
3.885
3.878
3.872
3.874
3.877
3.873
3.877
3.872
3.874
3.875
3.719
3.727
3.739
3.747
3.744
3.742
3.749
3.757
3.756
3.765
3.773
3.775
3.774
3.781
3.779
3.787
3.789
3.797
3.807
3.816
3.815
3.825
3.833
3.841
3.843
3.851
3.859
3.868
3.877
3.886
3.895
3.906
3.921
3.93
3.937
3.956
3.965
3.975
3.983
3.998
4.017
4.025
4.034
4.059
4.068
4.084
4.103
4.119
4.144
4.152
4.17
4.194
4.202
4.226
4.243
4.267
4.285
4.284
4.321
4.513
4.54
4.562
4.589
4.614
4.638
4.666
4.689
4.718
4.753
4.779
4.804
4.838
0.989
0.986
0.97
0.955
0.944
0.944
0.93
0.921
0.911
0.903
0.893
0.884
0.883
0.887
0.894
0.888
0.879
0.869
0.872
0.876
0.878
0.874
0.872
0.844
0.826
0.819
0.785
0.787
0.782
0.779
0.784
0.785
0.784
0.785
0.779
0.781
0.778
0.784
0.781
0.776
0.783
0.782
0.778
0.778
0.778
0.781
0.783
0.783
0.773
0.78
0.778
0.783
0.786
0.781
0.786
0.785
0.786
0.782
0.781
0.781
0.782
0.79
0.79
0.788
0.789
0.788
0.788
0.797
0.798
0.795
0.797
0.806
0.806
0.805
0.805
0.806
0.813
0.812
0.822
0.822
0.822
0.83
0.819
0.83
0.83
0.838
0.839
0.838
0.846
0.846
0.854
0.855
0.864
0.864
0.872
0.871
0.872
0.882
0.88
0.89
0.897
0.897
0.896
0.906
0.965
2.55
2.532
2.278
2.186
2.187
2.143
2.142
2.142
2.145
2.158
2.192
2.269
2.839
2.854
2.87
2.889
2.905
2.821
2.572
2.578
2.543
2.529
2.49
2.361
2.253
2.137
2.035
1.946
1.882
1.804
1.803
1.81
1.808
4.58 2.5192 0.423251
