1 361
1.401
1.41
1.409
1.416
1.415
1.415
1.415
1.423
1.423
1.422
1.422
1.43
1.43
1.429
1.429
1.431
1.431
1.446
1.437
1.446
1.446
1.454
1.454
1.463
1.463
1.471
1.471
1.48
1.48
1.488
1.487
1.498
1.497
1.504
1.504
1.514
1.514
1.53
1.522
1.538
1.538
1.554
1.546
1.562
1.562
1.572
1.571
1.595
1.596
1.604
1.613
1.62
1.62
1.635
1.637
1.652
1.653
1.671
1.673
1.687
1.694
1.711
1.711
1.729
1.729
1.755
1.754
1.773
1.78
1.796
1.796
1.824
1.833
1.848
1.854
1.872
1.88
1.906
1.908
1.93
1.94
1.963
1.982
2
2.007
2.033
2.041
2.077
2.085
2.113
2.122
2.156
2.164
2.201
2.21
2.251
2.259
2.293
2.308
2.344
2.37
2.4
2.416
2.442
2.44
2.494
2.563
2.853
2.869
2.931
2.952
3.004
3.035
3.972
3.974
3.945
3.946
3.92
3.912
3.894
3.884
3.867
3.868
3.886
3.912
3.873
3.847
3.812
3.813
3.787
3.791
3.947
4.007
4.079
4.073
4.022
4.08
4.335
4.389
4.851
4.938
5.158
5.278
5.509
5.615
5.889
6.023
6.33
6.498
6.862
7.051
7.493
7.712
8.183
8.183
8.183
8.183
8.183
8.183
8.183
8.183
8.183
8.183
8.183
8.183
8.183
8.183
8.183
8.183
8.183
8.183
8.183
8.183
8.183
8.183
8.183
8.183
8.183
8.183
8.183
8.183
8.183
8.183
8.183
8.183
8.183
8.183
8.183
8.183
8.183
8.183
8.183
8.183
8.183
8.183
8.13
7.888
7.456
7.257
6.882
6.7
6.694
6.719
6.536
5.947
5.654
5.544
5.316
5.232
1.937
1.985
2.029
2.063
2.122
2.167
2.226
2.269
2.339
2.396
2.481
2.514
2.507
2.516
2.514
2.517
2.514
2.523
2.522
2.533
2.529
2.539
2.536
2.544
2.543
2.559
2.556
2.563
2.557
2.572
2.573
2.581
2.581
2.599
2.59
2.607
2.61
2.623
2.613
2.591
2.552
2.534
2.494
2.477
2.437
2.428
2.398
2.379
2.346
2.329
2.296
2.297
2.263
2.254
2.221
2.211
2.195
2.176
2.149
2.14
2.114
2.106
2.093
2.079
2.053
2.044
2.027
2.019
2
1.993
1.967
1.959
1.943
1.943
1.927
1.918
1.899
1.891
1.876
1.874
1.857
1.851
1.834
1.835
1.816
1.817
1.798
1.798
1.791
1.783
1.775
1.766
1.757
1.752
1.74
1.74
1.732
1.732
1.713
1.714
1.706
1.706
1.684
1.673
1.656
1.656
1.648
1.654
1.707
1.767
1.8
1.795
1.789
1.789
1.78
1.769
1.77
1.769
1.762
1.763
1.754
1.755
1.746
1.755
1.744
1.745
1.737
1.736
1.729
1.736
1.73
1.729
1.723
1.729
1.723
1.722
1.725
1.724
1.727
1.718
1.713
1.727
1.716
1.704
1.713
1.721
1.718
1.725
1.725
1.721
1.727
1.726
0.941259 13.7969 6.23855
