1 361
1.106
1.097
1.097
1.089
1.088
1.081
1.08
1.072
1.071
1.062
1.054
1.055
1.054
1.045
1.045
1.038
1.037
1.029
1.029
1.02
1.029
1.012
1.02
1.012
1.012
1.012
1.003
1.003
1.003
1.003
0.995
0.995
0.995
0.986
0.987
0.987
0.987
0.987
0.987
0.978
0.978
0.978
0.978
0.973
0.976
0.97
0.969
0.97
0.971
0.964
0.973
0.97
0.965
0.965
0.971
0.973
0.968
0.96
0.96
0.951
0.951
0.96
0.968
0.974
0.968
0.969
0.965
0.968
0.972
0.97
0.97
0.97
0.97
0.978
0.978
0.978
0.978
0.978
0.978
0.987
0.987
0.987
0.987
0.996
0.987
0.996
0.996
0.996
1.004
1.004
1.004
1.013
1.012
1.013
1.012
1.021
1.02
1.02
1.029
1.029
1.037
1.045
1.045
1.045
1.045
1.054
1.062
1.056
1.057
1.046
1.048
1.056
1.056
1.064
1.073
1.081
1.082
1.261
1.27
1.279
1.279
1.286
1.295
1.304
1.305
1.314
1.322
1.332
1.339
1.348
1.348
1.365
1.373
1.383
1.391
1.4
1.408
1.426
1.435
1.443
1.451
1.469
1.477
1.485
1.494
1.51
1.518
1.534
1.542
1.558
1.567
1.591
1.599
1.625
1.624
1.656
1.666
1.69
1.699
1.725
1.734
1.768
1.778
1.795
1.796
1.768
1.767
1.751
1.752
1.725
1.734
1.704
1.718
1.746
1.764
1.833
1.85
1.883
1.901
1.935
1.957
1.999
2.018
2.069
2.086
2.129
2.156
2.209
2.226
2.288
2.309
2.375
2.408
2.477
2.507
2.589
2.614
2.7
2.742
2.831
2.869
2.974
3.017
3.138
3.178
3.315
3.381
3.547
3.578
4.318
4.41
4.561
4.557
4.548
4.536
4.728
4.846
5.003
4.999
4.955
4.948
4.904
4.903
4.861
4.861
4.818
4.818
4.782
4.773
4.737
4.741
4.791
4.826
4.878
4.913
4.972
5.005
5.073
5.107
5.172
8.191
8.183
8.183
8.183
8.183
8.183
8.183
8.183
8.183
8.183
8.183
8.183
8.183
8.183
8.183
8.183
8.183
8.183
8.183
8.183
8.183
8.183
8.183
8.183
8.183
8.183
8.183
8.183
8.016
7.652
7.516
7.192
7.074
6.795
6.688
6.434
6.346
6.106
6.02
5.813
5.737
5.555
5.494
5.323
5.339
5.366
5.383
5.231
5.178
5.027
4.983
4.876
4.93
8.183
8.183
8.183
8.183
8.183
4.025
3.453
3.44
3.388
3.394
3.355
3.349
3.334
3.343
3.339
3.349
3.358
3.368
3.392
3.389
3.327
3.304
3.254
3.23
3.188
3.162
3.121
3.102
3.06
3.04
2.998
2.979
2.936
2.926
2.882
2.875
2.831
2.824
2.771
2.765
2.725
2.712
2.676
2.657
2.619
2.612
2.575
2.559
2.517
2.507
2.473
2.463
2.419
2.41
2.384
2.368
2.34
2.333
2.3
2.302
2.279
2.274
2.24
2.241
2.217
2.218
2.193
2.195
7.67739 4.60358 1.39926
