1 361
2.789
2.79
2.79
2.781
2.761
1.104
1.247
1.007
1.011
1.007
0.996
1.005
1.007
0.998
0.989
1.015
1.018
1.025
1.018
1.026
1.015
1.019
1.018
1.026
1.026
1.026
1.025
1.032
1.032
1.032
1.032
1.032
1.032
1.041
1.032
1.035
1.042
1.049
1.048
0.998
1.008
0.965
0.976
0.925
0.933
0.902
0.902
0.933
0.905
1.049
1.049
1.061
1.055
1.067
1.058
1.088
1.069
1.078
1.094
1.093
1.096
1.112
1.101
1.113
1.119
1.134
1.14
1.135
1.141
1.152
1.143
1.158
1.166
1.171
1.169
1.186
1.2
1.213
1.204
1.227
1.225
1.228
1.23
1.239
1.24
1.239
1.227
1.221
1.215
1.298
1.305
1.318
1.32
1.334
1.344
1.362
1.361
1.377
1.377
1.404
1.404
1.421
1.429
1.449
1.458
1.473
1.48
1.506
1.505
1.529
1.538
1.555
1.562
1.595
1.596
1.629
1.628
1.662
1.669
1.694
1.704
1.739
1.746
1.78
1.789
1.822
1.831
1.873
1.882
1.925
1.941
1.981
2
2.035
2.052
2.1
2.114
2.175
2.184
2.237
2.263
2.321
2.336
2.403
2.429
2.494
2.519
2.601
2.628
2.705
2.729
2.826
2.864
2.943
2.989
3.088
3.14
3.248
3.301
3.435
3.486
3.638
3.703
3.878
3.936
4.14
4.204
4.44
4.555
6.044
6.056
6.089
6.082
6.048
6.057
6.274
6.481
7.065
7.28
8.042
8.183
8.183
8.183
8.183
8.183
8.183
8.183
8.183
8.183
8.183
8.183
8.183
8.183
8.183
8.183
8.183
8.183
8.183
8.183
8.183
8.183
8.183
8.183
8.187
8.183
8.187
8.183
8.187
8.183
8.191
8.183
8.187
8.183
8.183
8.183
8.183
8.183
8.183
8.183
8.183
8.183
8.183
8.107
7.698
7.557
7.21
7.092
6.793
6.687
6.434
6.289
6.253
6.268
6.237
6.123
5.932
5.808
5.303
5.238
5.08
5.028
4.877
4.824
4.694
4.646
4.518
4.473
4.358
4.323
4.215
4.181
4.084
4.051
3.959
3.922
3.846
3.812
3.734
3.699
3.63
3.567
3.514
3.532
3.549
3.576
3.591
3.573
3.504
3.479
3.424
3.395
3.343
3.329
3.28
3.257
3.217
3.199
3.148
3.134
3.093
3.075
3.043
2.807
2.772
2.754
2.742
2.729
2.695
2.686
2.65
2.645
2.61
2.601
2.575
2.559
2.534
2.527
2.493
2.486
2.459
2.451
2.428
2.42
2.395
2.39
2.37
2.362
2.346
2.338
2.313
2.313
2.288
2.29
2.273
2.262
2.246
2.247
2.229
2.22
2.203
2.203
2.186
2.185
2.168
2.159
2.15
2.15
2.132
2.133
2.124
2.115
2.107
2.097
2.089
2.089
2.07
2.071
2.062
2.062
2.053
2.053
2.044
2.038
2.027
2.027
2.019
2.018
2.019
2.019
2.01
2.01
2.001
2.002
1.993
1.994
1.985
1.985
1.976
1.976
1.976
1.977
4.87526 12.905 6.11304
