1 361
1.978
1.996
2.003
2.01
2.01
2.027
2.027
2.042
2.049
2.057
2.065
2.071
2.089
2.097
2.103
2.121
2.127
2.133
2.15
2.167
2.165
2.192
2.199
2.216
2.224
2.241
2.257
2.276
2.333
2.437
2.441
2.464
2.481
2.497
2.513
2.537
2.555
2.577
2.585
2.618
2.625
2.661
2.67
2.706
2.721
2.746
2.763
2.797
2.813
2.838
2.837
2.875
2.984
4.498
4.494
4.458
4.45
4.416
4.409
4.382
4.363
4.343
4.335
4.309
4.301
4.277
4.269
4.237
4.237
4.213
4.203
4.187
4.179
4.196
4.265
4.157
4.136
4.118
4.097
4.092
4.17
4.254
4.328
4.411
4.479
4.569
4.653
4.749
4.835
4.931
5.04
5.151
5.26
5.378
5.506
5.63
5.768
5.914
6.065
6.236
6.394
6.577
6.761
6.977
7.177
7.422
7.657
7.95
8.183
8.183
8.183
8.183
8.183
8.183
8.183
8.187
8.187
8.183
8.183
8.183
8.183
8.187
8.183
8.183
8.187
8.187
8.187
8.187
8.183
8.183
8.183
8.183
8.183
8.183
8.183
8.183
8.183
8.183
8.183
8.187
8.187
8.187
8.187
8.183
8.191
8.187
8.183
8.183
8.183
8.183
8.064
7.56
7.102
6.609
6.609
6.609
5.727
5.508
5.253
5.014
4.828
4.63
4.476
4.301
4.166
4.03
3.918
3.712
3.731
3.73
3.749
3.749
3.745
3.63
3.551
3.464
3.389
3.077
2.817
2.778
2.738
2.679
2.632
2.576
2.526
2.478
2.43
2.388
2.354
2.304
2.272
2.227
2.192
2.158
2.125
2.092
2.062
2.036
2.011
1.977
1.95
1.912
1.893
1.869
1.849
1.826
1.799
1.774
1.758
1.734
1.714
1.69
1.682
1.657
1.64
1.623
1.607
1.594
1.575
1.56
1.551
1.534
1.519
1.501
1.493
1.477
1.468
1.453
1.446
1.428
1.42
1.403
1.402
1.386
1.376
1.368
1.36
1.34
1.342
1.324
1.326
1.307
1.307
1.288
1.289
1.271
1.271
1.264
1.255
1.245
1.246
1.238
1.204
1.196
1.197
1.179
1.179
1.178
1.171
1.166
1.2
1.21
1.244
1.254
1.293
1.299
1.302
1.288
1.287
1.279
1.278
1.269
1.269
1.262
1.262
1.252
1.252
1.243
1.244
1.235
1.235
1.225
1.235
1.226
1.225
1.216
1.217
1.217
1.218
1.207
1.208
1.207
1.208
1.199
1.2
1.2
1.2
1.19
1.192
1.191
1.191
1.191
1.19
1.191
1.191
1.182
1.182
1.182
1.182
1.183
1.183
1.178
1.18
1.179
1.179
1.169
1.178
1.165
1.179
1.185
1.181
1.179
1.184
1.175
1.192
1.181
1.191
1.182
1.19
1.181
1.19
1.181
1.191
1.199
1.199
1.198
1.198
1.199
1.206
1.199
1.207
1.206
1.207
1.207
1.216
1.217
1.225
1.224
1.236
1.232
1.208
1.19
1.125
1.124
1.09
1.082
1.093
1.093
1.101
1.101
1.107
7.6121 13.4485 0.351466
