1 361
1.985
1.992
1.998
2.007
2.004
2.012
2.02
2.027
2.026
2.037
2.046
2.054
2.064
2.072
2.082
2.091
2.109
1.805
1.765
1.741
1.745
1.753
1.749
1.756
1.755
1.757
1.757
1.761
1.769
1.779
1.778
1.8
1.814
1.826
1.837
1.835
1.851
1.878
1.881
1.934
1.952
2.318
2.368
2.359
2.364
2.364
2.373
2.383
2.389
2.404
2.419
2.432
2.455
2.486
2.518
2.543
2.589
2.658
2.692
2.697
2.716
2.738
2.742
1.227
1.195
1.206
1.213
1.224
1.232
1.248
1.258
1.266
1.283
1.291
1.309
1.317
1.334
1.344
1.359
1.377
1.385
1.403
1.419
1.437
1.452
1.469
1.494
1.504
1.528
1.545
1.569
1.585
1.609
1.634
1.659
1.675
1.709
1.735
1.76
1.795
1.821
1.854
1.888
1.914
1.954
1.989
2.032
2.067
2.112
2.156
2.207
2.258
2.308
2.365
2.423
2.489
2.563
2.628
2.703
2.776
2.868
2.944
3.049
3.132
3.257
3.36
3.507
3.626
3.784
3.923
4.163
4.336
4.562
4.765
5.051
5.302
5.65
5.96
6.375
6.77
8.183
8.183
8.183
8.183
8.183
8.183
8.183
8.183
8.183
8.183
8.183
7.836
8.183
8.168
7.207
7.19
7.197
7.196
7.207
7.206
7.21
7.201
7.218
7.22
7.226
7.226
7.244
7.243
7.259
7.261
7.276
7.284
7.302
7.302
7.319
7.325
7.342
7.35
7.367
7.388
7.403
7.41
7.529
8.183
8.183
8.183
8.183
8.183
8.183
8.183
8.183
8.183
8.183
8.183
8.183
8.183
8.183
8.183
8.183
8.183
8.183
8.183
8.183
8.183
8.183
8.183
8.183
8.183
8.183
8.183
8.183
8.183
8.183
8.183
8.183
8.183
8.183
8.183
8.183
8.183
8.183
8.183
8.183
8.183
8.183
8.183
8.183
8.183
8.183
8.183
8.183
8.183
8.183
8.183
8.183
8.183
8.183
8.183
8.183
8.183
8.183
8.183
8.183
8.183
8.183
8.183
8.183
8.183
7.576
7.521
7.458
7.398
7.335
7.29
7.231
7.181
7.121
7.079
7.029
6.987
6.943
6.893
0.592
0.587
0.565
0.565
0.543
0.542
0.525
0.522
0.517
0.519
0.518
0.518
0.519
0.509
0.508
0.51
0.509
0.508
0.508
0.499
0.5
0.5
0.5
0.499
0.5
0.5
0.5
0.499
0.501
0.491
0.5
0.491
0.499
0.491
0.491
0.492
0.492
0.492
0.491
0.492
0.483
0.483
0.484
0.485
0.489
0.483
0.488
0.49
0.495
0.477
0.486
0.495
0.491
0.492
0.487
0.488
0.485
0.483
0.492
0.492
0.491
0.492
0.492
0.49
0.491
0.491
0.492
0.491
0.492
0.491
0.498
0.491
0.5
0.5
0.5
0.499
0.501
0.5
0.499
0.5
0.5
0.498
0.499
0.509
0.508
0.508
0.518
0.518
0.518
0.517
0.518
0.518
0.518
0.519
0.525
0.527
0.525
0.525
0.535
11.0376 10.988 4.80902
