1 361
1.291
1.288
1.296
1.295
1.293
1.291
1.296
1.296
1.295
1.294
1.294
1.302
1.302
1.302
1.311
1.302
1.311
1.311
1.319
1.319
1.319
1.318
1.328
1.327
1.336
1.336
1.345
1.345
1.345
1.354
1.354
1.354
1.363
1.363
1.372
1.372
1.38
1.38
1.388
1.388
1.398
1.406
1.414
1.414
1.423
1.423
1.431
1.44
1.449
1.449
1.466
1.466
1.473
1.474
1.49
1.49
1.508
1.508
1.516
1.525
1.533
1.541
1.556
1.576
1.592
1.592
1.608
1.608
1.625
1.633
1.65
1.65
1.674
1.674
1.7
1.7
1.717
1.724
1.75
1.751
1.777
1.776
1.802
1.811
1.838
1.837
1.861
1.869
1.895
1.904
1.936
1.945
1.97
1.978
2.012
2.021
2.056
2.064
2.1
2.108
2.143
2.161
2.196
2.212
2.248
2.264
2.306
2.323
2.365
2.381
2.43
2.447
2.505
2.521
2.579
2.595
2.655
2.68
2.739
2.764
2.83
2.857
2.933
2.969
3.044
3.071
3.158
3.19
3.284
3.316
3.42
3.453
3.565
3.604
3.728
3.785
3.903
3.956
5.491
5.475
5.466
5.449
5.431
5.424
5.406
5.398
5.389
5.373
5.365
5.347
5.347
5.331
5.321
5.311
5.301
5.294
5.286
5.276
5.277
5.263
4.898
5.025
5.246
5.237
4.209
4.199
4.202
4.195
4.193
4.186
4.193
4.186
4.186
4.187
4.187
4.177
4.193
4.186
4.193
4.185
4.2
4.193
4.202
4.2
4.2
4.199
4.208
4.207
4.215
4.216
4.223
4.232
4.24
4.239
4.256
4.248
4.263
4.264
4.281
4.28
4.296
4.295
4.312
4.313
4.338
4.338
4.352
4.353
4.378
4.379
4.404
4.404
4.655
5.499
5.533
5.541
5.568
5.577
5.603
5.612
5.648
5.648
5.684
5.69
5.727
5.735
5.771
5.779
5.814
5.83
5.873
5.882
5.924
5.941
5.983
5.99
6.04
6.057
6.106
6.114
6.174
6.182
6.243
6.25
6.31
6.327
6.396
6.411
6.473
6.491
6.562
6.579
6.65
6.668
6.736
6.76
6.837
6.862
6.945
6.97
7.054
7.08
7.165
7.192
7.294
7.324
7.422
7.446
7.551
7.586
7.685
7.728
7.844
7.877
7.997
8.033
8.118
8.085
8.009
7.974
7.901
7.864
6.994
6.953
6.866
6.843
6.871
6.961
7.086
7.311
6.82
7.037
6.755
6.591
6.54
6.53
6.653
6.715
7.057
7.105
6.628
6.528
6.407
6.38
6.348
6.331
6.351
6.366
6.181
6.162
5.537
5.537
5.495
5.485
5.462
5.452
5.428
5.412
5.393
5.386
5.361
5.352
5.326
5.326
5.301
5.291
5.275
5.266
5.25
5.25
5.233
5.232
5.215
5.209
5.208
5.2
5.184
5.179
5.172
5.172
5.154
5.156
5.152
5.152
5.143
5.144
5.136
5.137
5.125
5.132
5.128
5.124
5.12
5.125
5.12
5.125
5.127
5.118
5.122
5.122
5.118
11.3552 7.60041 4.6261
