1 361
1.729
1.704
1.703
1.677
1.676
1.644
1.644
1.627
1.619
1.594
1.593
1.569
1.569
1.552
1.551
1.534
1.525
1.509
1.509
1.492
1.492
1.475
1.467
1.459
1.459
1.442
1.433
1.418
1.421
1.407
1.407
1.399
1.39
1.383
1.374
1.365
1.365
1.357
1.357
1.349
1.349
1.331
1.33
1.322
1.322
1.313
1.313
1.305
1.305
1.296
1.295
1.286
1.287
1.279
1.278
1.27
1.27
1.262
1.262
1.255
1.253
1.252
1.252
1.244
1.244
1.244
1.244
1.236
1.236
1.225
1.236
1.226
1.226
1.226
1.226
1.218
1.218
1.212
1.213
1.219
1.219
1.209
1.21
1.211
1.211
1.208
1.209
1.209
1.209
1.209
1.201
1.208
1.209
1.205
1.204
1.209
1.206
1.207
1.206
1.205
1.205
1.21
1.21
1.209
1.209
1.219
1.219
1.219
1.219
1.218
1.218
1.226
1.226
1.227
1.226
1.226
1.236
1.236
1.237
1.236
1.244
1.244
1.245
1.253
1.253
1.263
1.263
1.264
1.271
1.272
1.272
1.28
1.28
1.29
1.289
1.298
1.298
1.308
1.308
1.316
1.315
1.325
1.325
1.334
1.333
1.343
1.343
1.352
1.361
1.369
1.369
1.378
1.378
1.395
1.395
1.402
1.412
1.23
1.24
1.247
1.247
1.267
1.266
1.264
1.255
1.3
1.299
1.307
1.309
1.533
1.531
1.549
1.556
1.572
1.575
1.597
1.596
1.62
1.626
1.643
1.643
1.667
1.677
1.711
1.707
1.732
1.731
1.769
1.767
1.804
1.807
1.84
1.839
1.873
1.882
1.923
1.925
1.852
1.86
1.817
1.815
1.852
1.86
1.911
1.912
2.028
2.028
2.079
2.088
5.545
5.547
5.496
5.486
5.438
5.436
5.386
5.385
5.343
5.343
5.298
5.29
5.249
5.248
5.207
5.207
5.165
5.165
5.131
5.123
5.09
5.099
5.066
5.066
5.033
5.034
4.999
4.998
4.971
4.973
4.948
4.956
5.052
5.086
5.423
5.439
5.414
5.413
5.389
5.396
5.372
5.379
5.34
5.331
5.593
5.608
7.097
7.104
8.183
8.183
8.183
8.183
8.183
8.183
8.183
8.183
8.183
8.183
8.183
8.183
8.183
7.227
7.085
5.267
5.266
5.281
5.28
5.287
5.281
5.285
5.287
5.295
5.289
5.305
5.304
5.313
5.316
5.324
5.329
5.337
5.338
5.35
5.354
5.364
5.272
5.219
4.852
4.858
4.87
4.879
4.934
4.989
5.002
5.002
5.003
5.003
5.024
5.014
5.027
5.018
5.009
5.016
5.048
5.065
5.08
1.918
1.849
1.851
1.814
1.822
1.78
1.792
1.737
1.728
1.702
1.699
1.692
1.701
1.701
1.709
1.714
1.714
1.715
1.723
1.885
1.903
1.911
1.92
1.929
1.938
1.956
1.962
1.972
1.978
1.999
2.008
2.024
2.033
2.051
2.06
2.079
2.086
2.103
2.123
2.141
2.152
2.167
2.187
2.196
2.205
2.239
2.247
-3.4189 10.4384 0.709293
