1 361
4.818
4.927
4.966
4.96
4.951
5.153
5.152
5.25
5.246
5.262
5.253
5.346
5.352
5.327
5.305
5.974
5.975
4.013
4.013
3.905
5.722
5.953
5.999
6.052
6.215
5.841
5.875
5.948
5.998
5.11
5.089
4.993
4.983
4.979
4.972
4.98
4.972
5.346
5.345
5.296
5.288
5.036
5.023
4.948
4.937
4.925
4.924
4.952
4.969
5.18
5.258
5.666
5.655
4.436
4.434
4.47
4.477
4.646
4.506
4.448
4.47
4.689
4.681
4.645
4.636
4.615
4.606
4.616
4.607
4.775
4.778
5.022
5.024
5.134
5.221
6.164
6.154
7.709
7.701
7.668
7.661
7.644
7.626
7.61
7.601
7.574
7.575
7.549
7.549
7.532
7.523
7.513
7.506
7.487
7.487
7.165
7.156
7.134
7.122
7.112
7.103
7.355
7.354
7.35
7.343
7.344
7.343
7.343
7.334
7.343
7.334
7.333
7.342
7.344
7.335
7.006
7.035
7.452
7.451
7.461
7.461
7.478
7.478
6.564
6.487
5.316
5.313
5.327
5.319
4.424
4.387
3.486
3.455
1.697
1.707
1.629
1.638
1.596
1.604
1.57
1.574
1.549
1.545
1.575
1.561
2.629
1.762
2.569
2.578
2.137
2.171
2.139
2.099
1.956
1.967
1.852
1.86
1.78
1.79
1.722
1.72
1.667
1.671
1.52
1.666
1.363
1.363
1.365
1.363
1.424
1.433
1.295
1.308
1.253
1.259
0.872
0.943
0.789
0.807
0.76
0.769
0.729
0.737
0.71
0.709
0.695
0.695
0.689
0.686
0.675
0.682
0.66
0.675
0.659
0.659
0.646
0.646
0.642
0.651
0.636
0.636
0.636
0.628
0.622
0.633
0.627
0.63
0.618
0.619
0.609
0.619
0.61
0.61
0.601
0.608
0.606
0.609
0.608
0.607
0.602
0.61
0.601
0.602
0.596
0.598
0.6
0.602
0.684
0.704
0.678
0.677
0.669
0.669
0.664
0.671
0.64
0.645
0.614
0.628
0.599
0.607
0.593
0.601
0.586
0.594
0.59
0.592
0.582
0.592
0.574
0.584
0.577
0.586
0.571
0.576
0.605
0.601
0.67
0.659
0.734
0.715
0.801
0.797
0.895
0.885
1.053
1.018
1.338
1.346
1.334
1.343
1.326
1.334
1.327
1.336
1.26
1.268
1.269
1.269
1.269
1.269
1.268
1.277
1.277
1.278
1.277
1.276
1.276
1.285
1.276
1.285
1.278
1.286
1.277
1.278
1.278
1.278
1.277
1.277
1.268
1.278
1.268
1.277
1.268
1.277
1.464
1.464
1.462
1.47
1.464
1.473
1.47
1.47
1.475
1.484
1.484
1.493
1.495
1.494
1.495
1.504
1.504
1.512
1.51
1.518
1.522
1.524
1.374
1.374
1.282
1.281
1.263
1.269
1.261
1.271
1.267
1.267
1.276
1.275
1.283
1.293
1.292
1.31
1.31
1.319
1.327
1.327
1.344
1.345
1.363
1.363
1.37
1.379
1.388
1.397
1.413
1.422
1.431
1.439
1.456
1.464
2.39592 8.96882 4.50845
