1 361
1.934
1.943
1.949
1.965
1.965
1.97
1.978
1.996
2.003
2.008
2.017
2.034
2.031
2.047
2.054
2.062
2.071
2.086
2.093
2.111
2.117
2.134
2.151
2.169
2.186
2.196
2.214
2.24
2.249
2.276
2.292
2.319
2.338
2.373
2.445
2.481
2.494
2.518
2.535
2.559
2.574
2.601
2.617
2.642
2.659
2.685
2.702
2.738
2.753
2.785
2.803
2.835
2.862
2.903
2.894
2.916
2.999
4.537
4.517
4.493
4.479
4.46
4.443
4.417
4.41
4.395
4.378
4.359
4.35
4.325
4.317
4.302
4.296
4.268
4.267
4.252
4.293
4.27
4.226
4.2
4.19
4.174
4.205
4.314
4.39
4.483
4.567
4.657
4.746
4.841
4.935
5.052
5.152
5.278
5.401
5.541
5.662
5.816
5.956
6.126
6.285
6.471
6.648
6.865
7.068
7.317
7.562
7.83
8.099
8.183
8.183
8.183
8.183
8.183
8.183
8.187
8.183
8.183
8.183
8.183
8.183
8.187
8.183
8.183
8.187
8.187
8.183
8.187
8.187
8.183
8.183
8.183
8.183
8.183
8.183
8.183
8.183
8.183
8.187
8.187
8.183
8.187
8.183
8.187
8.187
8.187
8.187
8.183
8.183
8.183
8.183
7.778
7.315
6.797
6.728
6.736
6
5.708
5.41
5.182
4.988
4.795
4.644
4.458
4.321
4.175
4.056
3.863
3.862
3.862
3.878
3.88
3.87
3.758
3.676
3.578
3.508
3.049
2.927
2.9
2.857
2.79
2.74
2.68
2.636
2.577
2.537
2.487
2.446
2.398
2.365
2.313
2.288
2.246
2.218
2.178
2.152
2.118
2.09
2.055
2.029
2.004
1.979
1.945
1.927
1.893
1.877
1.852
1.836
1.81
1.794
1.767
1.75
1.724
1.708
1.691
1.682
1.657
1.648
1.625
1.616
1.601
1.584
1.562
1.551
1.546
1.535
1.512
1.512
1.496
1.487
1.462
1.461
1.445
1.439
1.421
1.42
1.404
1.395
1.386
1.377
1.368
1.36
1.35
1.342
1.315
1.3
1.292
1.284
1.275
1.271
1.269
1.304
1.303
1.337
1.338
1.382
1.381
1.399
1.392
1.382
1.373
1.374
1.364
1.356
1.349
1.349
1.34
1.34
1.33
1.331
1.322
1.313
1.313
1.304
1.305
1.304
1.297
1.295
1.287
1.287
1.279
1.279
1.269
1.27
1.269
1.27
1.261
1.262
1.252
1.262
1.252
1.253
1.252
1.252
1.244
1.244
1.244
1.245
1.235
1.236
1.236
1.236
1.226
1.235
1.225
1.236
1.226
1.228
1.229
1.229
1.227
1.225
1.226
1.223
1.225
1.206
1.225
1.233
1.225
1.229
1.227
1.228
1.226
1.226
1.235
1.235
1.236
1.235
1.236
1.244
1.244
1.244
1.244
1.245
1.245
1.258
1.249
1.199
1.18
1.101
1.092
1.102
1.102
1.109
1.109
1.109
1.109
1.146
1.14
1.149
1.149
1.158
1.158
1.158
1.158
1.167
1.167
1.175
1.175
1.175
7.46823 13.3953 0.356361
