1 361
4.044
4.11
4.143
4.199
4.229
4.292
4.328
4.394
4.437
4.516
4.512
4.487
4.462
4.458
4.521
4.621
4.672
4.75
4.801
4.892
4.948
5.041
5.099
5.214
5.274
5.393
5.46
5.588
5.659
5.788
5.875
6.023
6.123
7.581
7.772
7.964
8.098
8.183
8.183
8.183
8.183
8.183
8.183
8.183
8.183
8.183
8.183
8.183
8.183
8.183
8.183
8.183
8.183
8.183
8.183
8.183
8.183
8.183
8.183
8.183
8.183
8.183
8.187
8.183
8.183
8.191
8.183
8.183
8.183
8.183
8.183
8.183
8.183
8.183
8.183
8.183
8.183
8.183
8.183
8.183
8.183
8.183
8.183
8.183
8.183
8.183
8.189
7.665
7.671
5.839
5.613
5.048
4.754
4.343
4.121
3.813
3.648
3.393
3.266
3.071
2.964
2.809
2.711
2.563
2.503
2.369
2.317
2.208
2.155
2.053
2.021
1.944
1.903
1.83
1.796
1.736
1.715
1.65
1.633
1.568
1.553
1.439
1.424
1.381
1.379
1.387
1.396
1.396
1.403
1.412
1.42
1.421
1.43
1.439
1.45
1.433
1.429
1.391
1.376
1.342
1.333
1.308
1.301
1.275
1.265
1.231
1.232
1.206
1.196
1.169
1.171
1.145
1.136
1.118
1.111
1.093
1.093
1.068
1.068
1.052
1.044
1.028
1.029
1.003
1.003
0.994
0.992
1.017
1.025
7.384
4.561
4.543
7.611
7.832
7.787
7.716
7.65
7.706
8.183
8.183
8.183
6.341
6.345
8.183
8.183
8.183
8.183
8.183
8.183
8.183
8.183
8.183
8.183
8.183
8.183
8.183
8.183
7.756
7.648
7.592
7.594
7.714
8.183
7.516
6.847
6.859
7.073
7.571
7.12
7.069
7.044
7.005
6.933
6.898
6.947
7.093
7.318
7.397
7.627
8.183
8.183
8.183
8.183
8.183
8.183
8.183
8.183
8.183
8.183
8.183
8.183
8.183
8.183
8.183
8.183
8.183
8.183
8.183
8.183
8.183
8.183
8.183
2.625
2.535
2.517
2.52
2.526
2.525
2.54
2.542
2.54
2.549
2.557
2.556
2.564
2.563
2.573
2.572
2.583
2.582
2.597
2.596
2.62
1.757
1.627
1.539
1.441
1.366
1.299
1.249
1.197
1.141
0.978
0.952
0.905
0.885
0.847
0.832
0.796
0.786
0.791
0.792
0.793
0.794
0.798
0.782
0.77
0.738
0.676
0.654
0.61
0.606
0.585
0.57
0.553
0.558
0.558
0.551
0.559
0.559
0.567
0.557
0.568
0.569
0.576
0.567
0.576
0.575
0.588
0.59
0.611
0.611
0.619
0.619
0.619
0.617
0.628
0.626
0.635
0.635
0.642
0.644
0.644
0.642
0.651
0.653
0.659
0.66
0.668
0.668
0.668
0.674
0.683
0.683
0.692
0.691
0.7
0.701
0.712
0.712
0.712
0.708
0.693
0.701
0.668
0.669
0.662
0.659
0.658
0.645
0.652
0.645
0.642
0.629
0.632
0.632
0.629
0.624
0.618
0.614
0.626
5.4327 8.18997 2.9503
