1 361
0.743
0.743
0.744
0.744
0.752
0.753
0.753
0.752
0.76
0.76
0.761
0.76
0.768
0.767
0.764
0.774
0.775
0.774
0.781
0.782
0.781
0.789
0.789
0.789
0.796
0.796
0.804
0.803
0.811
0.812
0.812
0.82
0.829
0.829
0.839
0.838
0.846
0.846
0.855
0.856
0.862
0.863
0.871
0.879
0.879
0.887
0.896
0.896
0.904
0.905
0.914
0.922
0.93
0.93
0.939
0.948
0.957
0.957
0.973
0.973
0.991
0.99
1.007
1.007
1.024
1.024
1.041
1.049
1.057
1.065
1.083
1.091
1.109
1.108
1.125
1.134
1.152
1.16
1.177
1.186
1.203
1.212
1.23
1.247
1.266
1.274
1.3
1.309
1.335
1.345
1.37
1.38
1.413
1.421
1.456
1.464
1.497
1.514
1.546
1.554
1.596
1.62
1.653
1.676
1.72
1.735
1.779
1.803
1.854
1.88
1.932
1.966
2.025
2.051
2.122
2.157
2.228
2.268
2.352
2.402
2.493
2.534
2.643
2.702
2.82
2.889
3.022
3.1
3.253
3.334
3.526
3.629
3.862
3.996
4.029
4.02
4.02
4.011
4.003
3.994
3.994
3.994
3.985
3.985
3.985
3.977
3.976
3.967
3.968
3.968
3.968
3.958
3.968
3.969
3.968
3.968
3.977
3.968
3.977
3.977
3.986
3.976
3.986
3.985
3.222
3.206
3.21
3.13
2.778
2.589
2.37
2.281
2.085
1.879
1.709
1.718
1.727
1.712
1.753
1.703
1.56
1.534
1.512
4.105
4.126
4.135
4.145
4.156
4.173
4.174
4.189
4.198
4.222
4.224
4.24
4.248
4.273
4.282
4.307
4.314
4.337
4.348
4.37
4.38
4.406
4.413
4.448
4.457
4.481
4.492
4.523
4.532
3.764
3.662
4.607
4.625
4.657
4.67
4.622
4.64
4.674
4.69
4.693
4.694
4.76
4.773
4.799
4.803
4.833
4.867
4.919
4.93
4.995
5.005
5.108
5.125
5.183
5.158
5.094
5.059
4.999
4.96
4.909
5.181
5.339
5.313
5.313
2.502
2.485
2.503
5.47
5.48
5.574
5.615
5.594
5.572
6.335
6.388
6.479
6.475
5.965
4.334
6.792
4.326
4.245
4.321
7.141
7.189
7.328
7.398
7.525
7.592
7.114
7.078
7.091
7.161
6.841
5.838
5.792
5.765
5.717
5.751
5.709
5.683
5.61
5.632
5.668
5.682
5.543
5.566
6.655
8.183
5.175
4.996
4.932
4.95
5.119
5.181
4.991
5.038
5.221
5.214
5.188
5.17
5.188
5.202
5.315
5.503
5.086
5.089
5.106
4.853
8.183
8.183
8.183
8.183
5.257
5.302
8.183
8.183
5.96
6.025
8.164
8.164
8.154
8.147
7.971
7.336
7.215
7.173
7.171
7.184
7.269
7.591
7.666
7.666
7.391
7.31
7.226
7.245
7.296
7.341
7.781
7.787
7.79
7.868
8.176
8.187
8.187
6.083
4.345
4.352
4.636
4.673
4.793
4.814
4.814
4.676
4.408
4.292
4.027
3.05751 8.4514 2.24043
