1 361
1.335
1.335
1.335
1.334
1.326
1.326
1.326
1.166
1.164
1.169
1.165
1.158
1.16
1.169
1.16
1.151
1.16
1.161
1.155
1.165
1.16
1.156
1.162
1.32
1.351
1.316
1.321
1.315
1.318
1.32
1.326
1.331
1.328
1.326
1.325
1.332
1.331
1.339
1.338
1.348
1.339
1.347
1.347
1.348
1.355
1.353
1.355
1.365
1.365
1.372
1.375
1.368
1.372
1.375
1.375
1.384
1.386
1.394
1.392
1.398
1.398
1.407
1.41
1.413
1.424
1.424
1.432
1.439
1.439
1.449
1.447
1.455
1.456
1.471
1.474
1.481
1.487
1.42
1.403
1.365
1.358
1.382
1.392
1.4
1.408
1.418
1.425
1.445
1.49
1.511
1.52
1.528
1.524
1.528
1.536
1.545
1.553
1.57
1.577
1.581
6.175
6.086
6.047
5.966
5.922
5.827
5.801
5.856
5.894
5.843
5.807
5.746
5.711
5.65
5.622
5.55
5.527
5.467
5.441
5.352
5.158
5.135
5.108
5.068
5.043
4.992
4.975
4.924
4.907
4.864
4.846
4.813
4.795
4.751
4.742
4.697
4.682
4.653
4.638
4.594
4.585
4.552
4.534
4.504
4.495
4.468
4.458
4.434
4.416
4.389
4.381
4.356
4.347
4.322
4.313
4.289
4.282
4.259
4.257
4.232
4.224
4.228
4.344
4.48
4.584
4.708
4.702
4.677
4.676
4.66
4.651
4.634
4.625
4.593
4.587
4.587
4.808
4.94
6.356
6.341
6.341
6.32
6.596
8.183
8.183
8.183
8.183
8.183
8.183
8.183
8.183
8.183
8.183
8.183
8.183
8.183
8.183
6.294
4.51
4.47
4.482
4.484
4.489
4.481
4.484
4.482
4.489
4.494
4.496
4.498
4.502
4.501
4.5
4.507
4.519
4.515
4.523
4.523
4.53
4.544
4.548
4.556
4.563
4.486
4.341
4.141
4.049
4.058
4.065
4.07
4.08
4.149
4.147
4.166
4.175
4.175
4.182
4.203
4.213
4.211
4.226
4.224
4.23
4.224
4.243
4.264
4.28
4.299
4.314
4.329
4.346
4.364
4.382
4.397
4.424
4.44
4.467
4.718
5.105
5.129
1.138
1.138
1.13
1.113
1.096
1.081
1.072
1.045
1.056
1.053
1.049
1.028
1.035
1.029
1.03
1.016
1.015
0.984
0.989
0.992
0.983
0.975
0.961
0.959
0.967
0.967
0.974
0.976
0.983
0.982
0.991
0.991
0.997
0.992
1.007
1.013
1.221
1.231
1.246
1.263
1.272
1.279
1.297
1.314
1.33
1.339
1.358
1.362
1.393
1.41
1.455
1.452
1.488
1.494
1.525
1.547
1.531
1.569
1.591
1.598
1.643
1.689
1.69
1.694
1.724
1.751
1.776
1.762
1.808
1.831
1.829
1.821
1.811
1.803
1.635
1.53
1.486
1.484
1.471
1.472
1.523
1.531
1.582
1.759
1.751
1.751
1.743
1.743
1.734
1.735
1.725
1.726
1.698
1.694
1.685
1.684
1.676
1.68
1.803
1.806
1.801
-3.07522 11.1017 1.30612
