1 361
1.787
1.778
1.769
1.761
1.752
1.743
1.734
1.724
1.723
1.706
1.707
1.698
1.689
1.681
1.672
1.666
1.664
1.647
1.646
1.639
1.638
1.63
1.622
1.614
1.614
1.605
1.605
1.597
1.602
1.589
1.589
1.58
1.58
1.572
1.572
1.564
1.564
1.556
1.556
1.548
1.547
1.54
1.537
1.512
1.52
1.512
1.512
1.512
1.51
1.575
1.787
1.784
8.183
8.183
8.183
8.183
3.188
3.391
3.893
4.163
5.442
6.208
8.183
8.183
8.183
8.183
8.183
8.183
8.183
8.183
8.183
8.183
8.183
8.183
8.183
8.183
8.183
8.183
8.183
8.183
8.183
8.183
8.183
8.183
8.183
8.183
8.183
8.183
8.183
8.183
8.183
8.183
8.183
8.183
8.183
8.183
8.183
8.183
8.183
8.183
8.183
8.183
8.183
8.183
8.183
8.183
8.183
8.183
2.768
2.75
2.703
2.681
2.636
2.604
2.569
2.545
2.506
2.49
2.449
2.432
2.399
2.373
2.35
2.323
2.3
2.282
2.257
2.24
2.214
2.197
2.179
2.152
2.136
2.117
2.11
2.116
2.119
2.118
2.086
2.048
2.014
2.006
1.971
1.963
1.936
1.944
1.97
1.97
2.009
2.018
2.043
2.043
2.079
2.079
2.116
2.115
2.152
2.16
2.196
2.196
2.239
2.239
2.274
2.28
2.322
2.321
2.371
2.372
2.423
2.424
2.478
2.478
2.527
2.537
2.592
2.597
2.656
2.667
2.727
2.735
2.796
2.805
2.88
2.888
2.974
2.981
3.061
3.069
3.155
3.164
3.258
3.268
3.364
3.379
3.487
3.501
3.618
3.636
3.765
3.781
3.907
3.936
4.073
4.1
4.26
4.294
4.471
4.504
4.705
4.739
4.952
5.012
5.248
5.306
5.574
5.626
5.903
5.958
6.997
7.086
7.398
7.401
7.41
7.473
8.187
8.183
8.183
8.183
8.183
7.482
7.441
7.457
7.41
7.419
8.183
7.486
7.402
7.394
7.377
7.377
7.371
8.187
7.391
7.377
7.355
7.332
7.334
7.372
7.39
7.37
7.399
7.402
7.458
8.187
7.465
7.484
7.467
7.49
7.515
7.518
7.538
7.541
7.556
7.556
7.586
7.593
7.606
7.616
7.474
7.329
7.242
7.241
6.384
6.262
5.932
5.874
5.563
5.511
5.23
5.176
4.935
4.887
4.665
4.635
4.394
4.399
4.421
4.422
4.439
4.434
4.233
4.196
4.042
4.021
3.52
3.504
3.434
3.422
3.313
3.303
3.201
3.195
3.098
3.089
3.003
2.992
2.914
2.904
2.829
2.812
2.744
2.736
2.668
2.669
2.607
2.599
2.541
2.542
2.484
2.474
2.427
2.418
2.37
2.37
2.319
2.311
2.269
2.269
2.227
2.227
2.182
2.184
2.147
2.139
2.104
2.103
2.069
2.069
2.036
2.035
2.011
2.01
1.976
1.975
1.922
1.922
1.889
1.885
1.916
1.918
1.961
1.961
2.002
2.011
1.988
1.989
1.964
1.963
1.937
1.937
1.912
10.2769 13.4074 5.55894
