1 361
3.263
3.361
3.351
3.458
3.44
3.551
3.535
3.653
3.635
3.761
3.755
3.884
3.875
4.005
3.995
4.145
4.134
4.298
4.285
4.467
4.447
4.64
4.621
4.804
4.8
4.766
4.766
4.739
4.739
4.707
4.701
4.68
4.675
4.65
4.651
4.629
4.623
4.598
4.596
4.581
4.577
4.555
4.555
4.536
4.538
4.53
4.521
4.507
4.507
4.495
4.497
4.491
4.483
4.472
4.471
4.465
4.455
4.455
4.453
4.445
4.445
4.446
4.438
4.446
4.436
4.439
4.43
4.438
4.428
4.438
4.428
4.439
4.428
4.446
4.437
4.441
4.442
4.099
4.168
3.362
3.418
2.885
2.951
2.52
2.56
2.235
2.268
2.008
2.041
1.828
1.86
1.811
1.802
1.819
1.809
1.819
1.818
1.838
1.828
1.836
1.836
1.851
1.844
1.856
1.848
1.864
1.862
1.881
1.866
1.88
1.882
1.898
1.898
1.917
1.907
1.925
1.925
1.942
1.934
1.959
1.951
1.975
1.967
1.993
1.985
2.01
2.001
2.036
2.028
2.045
2.045
2.072
2.063
2.09
2.09
2.117
2.108
2.143
2.134
2.16
2.153
2.187
2.18
2.213
2.213
2.24
2.24
2.274
2.265
2.299
2.299
2.319
2.328
2.273
2.285
2.232
2.242
2.198
2.198
2.154
2.162
2.119
2.13
2.084
2.104
2.059
2.059
2.025
2.033
1.991
2
1.965
1.973
1.941
1.941
1.915
1.915
1.889
1.898
1.863
1.872
1.847
1.847
1.812
1.83
1.802
1.802
1.787
1.794
1.769
1.769
1.751
1.751
1.734
1.743
1.717
1.725
1.7
1.708
1.692
1.699
1.675
1.683
1.666
1.665
1.658
1.658
1.641
1.65
1.633
1.632
1.617
1.625
1.608
1.617
1.6
1.608
1.591
1.6
1.583
1.591
1.575
1.584
1.575
1.575
1.566
1.566
1.558
1.566
1.55
1.558
1.55
1.558
1.55
1.55
1.542
1.542
1.534
1.541
1.535
1.534
1.538
1.538
1.531
1.54
1.535
1.535
1.538
1.538
1.538
1.538
1.537
1.544
1.531
1.54
1.529
1.538
1.53
1.538
1.535
1.543
1.542
1.541
1.541
1.55
1.542
1.55
1.549
1.557
1.557
1.557
1.557
1.565
1.564
1.573
1.573
1.574
1.581
1.581
1.581
1.589
1.589
1.599
1.598
1.606
1.605
1.615
1.615
1.623
1.63
1.639
1.638
1.647
1.648
1.655
1.663
1.671
1.679
1.68
1.688
1.696
1.705
1.705
1.722
1.721
1.738
1.739
1.746
1.756
1.765
1.772
1.79
1.79
1.806
1.814
1.822
1.832
1.843
1.846
1.865
1.874
1.89
1.898
1.915
1.916
1.942
1.94
1.966
1.974
2
2.009
2.025
2.034
2.052
2.06
2.09
2.091
2.124
2.131
2.157
2.167
2.195
2.203
2.24
2.239
2.281
2.282
2.313
2.323
2.119
2.127
2.171
2.172
2.218
2.226
2.514
2.522
2.578
2.589
2.642
2.649
-3.90311 10.3805 5.54604
