1 361
4.693
4.718
4.746
4.762
4.788
4.816
4.849
4.874
4.909
4.934
4.959
5.002
5.035
5.068
5.093
5.127
5.168
5.201
5.234
5.275
5.319
5.351
5.316
4.162
4.067
4.029
3.986
3.95
3.916
3.858
3.8
3.77
3.756
3.558
3.532
3.496
3.44
3.426
3.43
3.415
3.406
3.364
3.339
3.342
3.546
3.677
3.656
3.633
3.636
3.695
3.695
3.488
3.42
3.413
3.42
3.384
3.383
3.334
3.348
3.323
3.307
3.28
3.271
3.253
3.259
3.267
3.479
3.566
3.577
3.655
3.82
3.262
3.258
3.238
2.754
2.631
2.622
2.614
2.605
2.597
2.588
2.58
2.572
2.563
2.563
2.548
2.547
2.54
2.531
2.523
2.523
2.515
2.507
2.507
2.498
2.491
2.491
2.481
2.482
2.474
2.475
2.47
2.462
2.462
2.462
2.453
2.453
2.445
2.445
2.445
2.446
2.436
2.445
2.436
2.446
2.437
2.446
2.437
2.446
2.437
2.447
2.437
2.446
2.446
2.446
2.446
2.453
2.446
2.451
2.461
2.472
2.464
2.479
2.471
2.481
2.474
2.482
2.482
2.49
2.49
2.507
2.498
2.514
2.514
2.53
2.53
2.539
2.539
2.555
2.555
2.573
2.564
2.576
2.584
2.59
2.59
2.609
2.607
2.623
2.632
2.639
2.647
2.667
2.663
2.684
2.685
2.704
2.704
2.715
2.729
2.747
2.752
2.771
2.779
2.793
2.793
2.817
2.826
2.843
2.85
2.876
2.884
2.899
2.909
2.935
2.944
2.97
2.979
4.413
4.431
4.475
4.491
4.524
4.542
4.583
4.609
4.65
4.677
4.721
4.748
4.791
4.818
4.862
4.896
4.948
4.971
5.023
5.057
5.104
5.137
5.196
5.229
5.297
5.332
5.4
5.434
5.51
5.544
5.614
5.659
5.739
5.783
5.858
5.919
5.989
5.969
5.919
5.884
5.841
5.819
5.776
5.742
5.715
5.681
5.644
5.618
5.591
5.565
5.537
5.513
5.478
5.459
5.432
5.404
5.381
5.356
5.331
5.314
5.296
5.279
5.254
5.235
5.212
5.224
5.205
5.189
5.172
5.156
5.14
5.123
5.107
5.09
3.102
3.108
3.077
3.067
3.068
3.058
3.051
3.05
3.041
3.033
3.023
3.023
3.015
3.015
3.007
3.007
2.998
2.997
2.998
2.998
2.991
2.991
2.983
2.973
2.974
2.967
2.969
2.962
2.967
2.969
2.972
2.963
2.963
2.963
2.97
2.968
2.974
2.97
2.969
2.967
2.974
2.974
2.983
2.982
2.991
2.99
2.998
2.998
2.997
2.998
3.007
3.008
3.024
3.016
3.024
3.033
3.042
3.043
3.052
3.052
3.06
3.07
3.079
3.079
3.095
3.095
3.113
3.112
3.135
4.316
4.288
4.274
4.298
4.303
4.31
4.311
4.329
4.336
4.353
4.359
4.529
4.489
4.416
4.413
4.426
4.422
4.446
4.452
4.473
4.464
4.517
4.518
4.457
4.472
4.49
4.508
4.533
4.558
4.583
0.686375 -0.705307 -1.0993
