1 361
1.108
1.108
1.116
1.116
1.116
1.125
1.125
1.125
1.124
1.133
1.133
1.133
1.133
1.142
1.133
1.151
1.141
1.15
1.15
1.167
1.158
1.167
1.166
1.174
1.175
1.184
1.184
1.193
1.193
1.202
1.202
1.206
1.214
1.22
1.22
1.237
1.237
1.246
1.246
1.264
1.264
1.272
1.272
1.288
1.288
1.306
1.306
1.317
1.316
1.333
1.324
1.349
1.348
1.357
1.367
1.383
1.384
1.401
1.399
1.417
1.426
1.433
1.449
1.457
1.466
1.482
1.491
1.508
1.516
1.534
1.537
1.537
1.537
1.562
1.57
1.81
1.828
1.852
1.86
1.886
1.895
1.929
1.938
1.972
1.981
2.015
2.024
2.068
2.075
2.113
2.129
2.174
2.182
2.223
2.247
2.288
2.312
2.355
2.38
2.394
2.391
2.374
2.375
2.349
2.349
2.33
2.347
2.437
2.463
2.53
2.549
2.63
2.647
2.718
2.754
2.764
2.756
2.72
2.719
2.677
2.677
2.641
2.641
2.608
2.599
2.574
2.574
2.542
2.543
2.51
2.51
2.476
2.476
2.451
2.444
2.426
2.427
2.417
2.432
2.458
2.474
2.491
2.516
2.531
2.549
2.572
2.59
2.615
2.632
2.656
2.674
2.701
2.72
2.744
2.769
2.8
2.816
8.191
8.191
8.191
8.187
8.183
8.183
8.183
8.183
8.183
8.183
8.183
8.183
8.183
8.183
8.183
8.183
8.183
8.183
8.183
8.183
8.183
8.183
8.183
8.183
8.183
8.183
8.183
8.183
8.183
8.183
8.183
8.183
8.183
7.331
7.128
6.989
6.716
6.597
6.352
6.222
6.009
5.9
5.704
5.618
5.434
5.35
5.185
5.124
4.972
4.906
4.771
4.715
4.581
4.536
4.417
4.369
4.261
4.214
4.116
4.074
3.983
3.951
3.856
3.826
3.751
3.717
3.632
3.606
3.538
3.504
3.443
3.41
3.354
3.328
3.252
3.216
3.178
3.204
3.229
3.245
3.27
3.24
3.189
3.174
3.126
3.109
3.064
3.05
3.016
2.988
2.954
2.936
2.902
2.884
2.859
2.929
6.415
8.183
8.183
8.183
8.183
8.183
8.183
8.183
8.183
8.183
8.183
8.183
8.183
8.183
8.183
8.183
8.183
8.183
8.183
8.183
8.183
8.183
8.183
8.183
8.183
2.178
2.173
2.164
2.147
2.16
2.153
2.152
2.134
2.124
2.118
2.108
2.101
2.011
1.853
1.825
1.795
1.777
1.763
1.755
1.737
1.746
1.728
1.717
1.722
1.719
1.721
1.719
1.712
1.723
1.72
1.752
1.762
1.784
1.804
1.819
1.817
1.775
1.799
1.834
1.884
1.921
1.922
1.92
1.919
1.919
1.91
1.91
1.911
1.91
1.903
1.903
1.903
1.895
1.896
1.896
1.889
1.894
1.891
1.887
1.886
1.892
1.874
1.874
1.874
1.883
1.89
1.883
1.88
1.881
1.88
1.886
1.876
1.877
1.868
1.867
1.854
1.86
1.859
1.856
1.845
1.844
1.844
1.843
7.10863 7.14299 2.15676
