1 361
1.246
1.238
1.229
1.22
1.22
1.202
1.211
1.193
1.193
1.184
1.175
1.166
1.165
1.157
1.157
1.15
1.15
1.14
1.14
1.131
1.131
1.122
1.122
1.113
1.113
1.105
1.105
1.096
1.096
1.087
1.087
1.079
1.08
1.08
1.071
1.072
1.067
1.062
1.062
1.054
1.054
1.054
1.054
1.045
1.046
1.045
1.046
1.037
1.037
1.038
1.038
1.029
1.029
1.029
1.03
1.029
1.03
1.022
1.023
1.016
1.017
1.017
1.021
1.018
1.023
1.025
1.02
1.02
1.011
1.004
1.001
1.004
1.011
1.011
1.029
1.02
1.023
1.015
1.016
1.023
1.029
1.022
1.03
1.03
1.029
1.029
1.029
1.029
1.029
1.029
1.029
1.029
1.038
1.038
1.038
1.038
1.046
1.046
1.046
1.055
1.054
1.05
1.058
1.062
1.071
1.071
1.072
1.071
1.08
1.08
1.088
1.088
1.097
1.097
1.097
1.106
1.106
1.114
1.123
1.123
1.123
1.125
1.134
1.141
1.141
1.15
1.158
1.167
1.167
1.167
1.176
1.184
1.184
1.193
1.202
1.207
1.214
1.197
1.206
1.206
1.224
1.225
1.233
1.429
1.438
1.444
1.461
1.471
1.478
1.486
1.502
1.511
1.519
1.536
1.543
1.561
1.568
1.584
1.601
1.608
1.626
1.634
1.651
1.668
1.677
1.701
1.719
1.737
1.745
1.762
1.779
1.804
1.821
1.846
1.862
1.888
1.896
1.939
1.954
1.99
1.999
1.982
1.982
1.957
1.956
1.93
1.94
1.915
1.92
1.958
1.986
2.056
2.081
2.115
2.139
2.187
2.211
2.254
2.289
2.338
2.37
2.421
2.461
2.518
2.557
2.627
2.669
2.735
2.786
2.864
2.913
3.003
3.057
3.15
3.211
3.329
3.394
3.527
3.607
3.763
3.803
4.566
4.701
4.771
4.769
4.753
4.751
5.043
5.187
5.208
5.198
5.155
5.139
5.106
5.09
5.058
5.049
5.014
5.008
4.972
4.963
4.963
5.005
5.057
5.091
5.148
5.191
5.248
5.291
5.352
5.378
8.191
8.183
8.183
8.183
8.183
8.183
8.183
8.183
8.183
8.183
8.183
8.183
8.183
8.183
8.183
8.183
8.183
8.183
8.183
8.183
8.183
8.183
8.183
8.183
8.183
8.183
8.183
8.183
7.891
7.71
7.387
7.231
6.954
6.807
6.569
6.43
6.204
6.104
5.895
5.802
5.589
5.5
5.517
5.538
5.531
5.429
5.282
5.202
5.075
5.058
8.183
8.183
8.183
8.183
8.183
3.644
3.57
3.547
3.511
3.509
3.491
3.489
3.49
3.494
3.498
3.506
3.53
3.532
3.475
3.442
3.392
3.36
3.304
3.28
3.23
3.203
3.162
3.135
3.094
3.068
3.025
3.005
2.972
2.945
2.918
2.892
2.857
2.831
2.798
2.781
2.746
2.729
2.695
2.669
2.64
2.613
2.575
2.559
2.526
2.507
2.464
2.447
2.419
2.393
2.373
2.352
2.326
2.311
2.288
2.28
7.62567 4.39001 1.27242
