1 361
2.642
2.647
2.636
2.626
2.609
2.682
2.635
2.666
2.66
2.681
2.68
2.689
2.684
2.691
2.748
2.816
2.951
3.06
2.677
2.656
2.656
2.659
2.655
2.658
2.663
2.67
2.686
3.054
3.053
3.13
3.317
3.153
2.791
2.552
2.552
2.552
2.551
2.551
2.56
2.558
2.559
2.566
2.565
2.566
2.581
2.573
2.591
2.589
2.606
3.05
2.983
2.936
2.874
2.832
2.782
2.731
2.683
2.645
2.597
2.622
6.931
6.949
6.978
6.984
7.02
7.034
7.063
7.081
7.114
7.131
7.165
7.18
7.217
7.235
7.275
7.3
7.335
7.355
7.395
7.421
7.458
7.481
7.662
4.152
4.084
4.053
4.031
3.911
3.909
3.897
3.878
3.861
3.844
3.826
3.812
3.8
3.79
3.772
3.763
3.747
3.747
3.73
3.72
4.263
4.507
4.524
4.575
4.6
4.651
4.668
4.72
4.747
4.799
4.827
4.878
4.913
4.964
2.855
2.83
2.814
2.797
2.765
2.748
2.723
2.707
2.689
2.665
2.647
2.628
2.603
2.586
2.57
2.554
2.538
2.521
2.506
2.488
2.471
2.456
2.439
2.43
2.415
2.406
2.389
2.381
2.364
2.348
2.339
2.331
2.313
2.306
2.297
2.288
2.271
2.264
2.253
2.245
2.238
2.236
2.22
2.211
2.203
2.203
2.192
2.185
2.176
2.168
2.168
2.159
2.151
2.151
2.142
2.142
2.132
2.125
2.123
2.124
2.115
2.114
2.108
2.108
2.098
2.097
2.089
2.088
2.081
2.09
2.081
2.082
2.072
2.073
2.066
2.074
2.066
2.067
2.069
2.071
2.063
2.066
2.061
2.063
2.065
2.067
2.059
2.07
2.06
2.066
2.056
2.062
2.061
2.063
2.062
2.068
2.067
2.073
2.064
2.072
2.071
2.08
2.071
2.088
2.079
2.087
2.087
2.096
2.087
2.105
2.105
2.106
2.106
2.113
2.112
2.122
2.121
2.13
2.13
2.147
2.137
2.155
2.155
2.164
2.164
2.182
2.173
2.192
2.192
2.209
2.209
2.226
2.217
2.235
2.235
2.252
2.252
2.27
2.27
2.296
2.296
2.31
2.321
2.346
2.346
2.363
2.371
2.387
2.396
2.413
2.413
2.437
2.436
2.469
2.469
2.494
2.492
2.526
2.524
2.559
2.558
2.591
2.59
2.625
2.624
2.658
2.666
2.693
2.702
2.734
2.744
2.777
2.785
2.826
2.825
2.868
2.878
2.92
2.928
2.964
2.982
3.026
3.034
3.077
3.095
3.14
3.157
3.207
3.223
3.274
3.29
3.347
3.363
3.428
3.444
3.506
3.528
3.597
3.614
3.681
3.715
3.784
3.81
3.885
3.912
4.002
4.026
4.111
4.146
4.244
4.275
4.375
4.407
4.59
6.047
6.006
5.991
5.958
5.942
5.908
5.9
5.867
5.848
5.823
5.807
5.789
5.771
5.746
5.736
5.71
5.701
5.676
4.759
4.711
4.699
4.682
4.673
4.521
4.508
4.491
4.484
4.475
4.466
4.451
2.23391 0.189475 1.47181
